# Unturned item rip -> Godot (Z negated, winding reversed, RH Y-up)
v -0.395899 0.233429 -0.453941
v -0.395900 0.168161 -0.453941
v -0.395900 0.168161 -0.145881
v -0.395900 0.168161 0.065242
v -0.395899 0.233429 0.065242
v -0.395900 -0.148164 0.065242
v -0.395900 -0.148164 -0.145881
v -0.395900 -0.148164 -0.453941
v -0.395900 0.168161 -0.453941
v -0.119643 -0.106556 -0.453941
v -0.119643 0.126553 -0.453941
v -0.395900 -0.148164 -0.453941
v -0.340251 -0.148164 -0.453941
v 0.395900 -0.148164 0.065242
v 0.395900 -0.213432 0.065242
v 0.395900 -0.213432 -0.453941
v 0.395900 -0.148164 -0.453941
v 0.395900 -0.148164 -0.145881
v 0.395900 -0.148164 0.065242
v 0.119643 -0.106557 -0.520947
v 0.119643 0.126553 -0.520947
v 0.340250 -0.213432 -0.520947
v -0.395900 0.168161 -0.145881
v -0.340251 0.168161 -0.145881
v -0.340251 -0.148164 -0.145881
v -0.395900 0.168161 -0.145881
v -0.340251 -0.148164 -0.145881
v -0.395900 -0.148164 -0.145881
v 0.395900 0.168160 -0.145881
v 0.395900 -0.148164 -0.145881
v 0.340251 -0.148164 -0.145881
v 0.395900 0.168160 -0.145881
v 0.340251 -0.148164 -0.145881
v 0.340251 0.168160 -0.145881
v -0.395900 0.168161 0.065242
v -0.395900 -0.148164 0.065242
v -0.340251 -0.148164 0.065242
v -0.395900 0.168161 0.065242
v -0.340251 -0.148164 0.065242
v -0.340251 0.168161 0.065242
v -0.395900 -0.213432 -0.520947
v 0.340250 -0.213432 -0.520947
v 0.395899 -0.213433 -0.520947
v 0.395900 0.168160 0.065242
v 0.340251 0.168160 0.065242
v 0.340251 -0.148164 0.065242
v 0.395900 0.168160 0.065242
v 0.340251 -0.148164 0.065242
v 0.395900 -0.148164 0.065242
v 0.340251 0.168160 -0.145881
v 0.340251 -0.148164 -0.145881
v 0.340251 -0.148164 0.065242
v 0.340251 0.168160 -0.145881
v 0.340251 -0.148164 0.065242
v 0.340251 0.168160 0.065242
v 0.340251 -0.148164 0.065242
v 0.340251 -0.148164 -0.145881
v -0.340251 -0.148164 -0.145881
v 0.395900 -0.148164 0.065242
v -0.340251 -0.148164 0.065242
v -0.395900 -0.148164 0.065242
v 0.216726 -0.148164 0.266702
v -0.216726 -0.148164 0.266702
v -0.340251 -0.148164 -0.145881
v 0.340251 -0.148164 0.065242
v -0.395900 -0.148164 -0.453941
v -0.395900 -0.148164 -0.145881
v 0.340251 -0.148164 -0.145881
v 0.395900 -0.148164 -0.145881
v 0.395900 -0.148164 -0.453941
v -0.340251 -0.148164 -0.453941
v -0.395900 0.168161 -0.453941
v 0.340251 0.168160 -0.453941
v 0.395900 0.168160 -0.453941
v -0.119643 0.126553 -0.453941
v -0.119643 0.126553 -0.520947
v 0.119643 0.126553 -0.520947
v -0.119643 0.126553 -0.453941
v 0.119643 0.126553 -0.520947
v 0.119643 0.126553 -0.453941
v -0.248773 0.215401 -0.200653
v -0.248773 0.215401 0.015795
v -0.248773 0.325886 0.015795
v -0.248773 0.325886 0.015795
v -0.248773 0.325886 -0.200653
v 0.248773 0.325886 -0.200653
v 0.248773 0.325886 0.015795
v 0.248773 0.215401 0.015795
v 0.248773 0.325886 -0.200653
v 0.248773 0.215401 -0.200653
v -0.248773 0.215401 0.015795
v 0.248773 0.215401 0.015795
v 0.248773 0.325886 0.015795
v 0.248773 0.325886 0.015795
v -0.248773 0.325886 0.015795
v 0.248773 0.215401 -0.200653
v -0.248773 0.215401 -0.200653
v -0.248773 0.325886 -0.200653
v -0.248773 0.325886 -0.200653
v 0.248773 0.325886 -0.200653
v -0.359860 0.198063 -0.289602
v -0.359860 0.198063 -0.135657
v -0.359860 0.263299 -0.135657
v -0.359860 0.263299 -0.289602
v -0.359860 0.263299 -0.289602
v -0.359860 0.263299 -0.135657
v 0.359900 0.263298 -0.135657
v 0.359900 0.263298 -0.289602
v 0.359900 0.263298 -0.289602
v 0.359900 0.263298 -0.135657
v 0.359900 0.198063 -0.135657
v 0.359900 0.198063 -0.289602
v -0.359860 0.198063 -0.135657
v 0.359900 0.198063 -0.135657
v 0.359900 0.263298 -0.135657
v -0.359860 0.263299 -0.135657
v 0.359900 0.198063 -0.289602
v -0.359860 0.198063 -0.289602
v -0.359860 0.263299 -0.289602
v 0.359900 0.263298 -0.289602
v -0.359860 0.198063 -0.484947
v -0.359860 0.198063 -0.331002
v -0.359860 0.263299 -0.331002
v -0.359860 0.263299 -0.484947
v -0.359860 0.263299 -0.484947
v -0.359860 0.263299 -0.331002
v 0.359900 0.263298 -0.331002
v 0.359900 0.263298 -0.484947
v 0.359900 0.263298 -0.484947
v 0.359900 0.263298 -0.331002
v 0.359900 0.198063 -0.331002
v 0.359900 0.198063 -0.484947
v -0.359860 0.198063 -0.331002
v 0.359900 0.198063 -0.331002
v 0.359900 0.263298 -0.331002
v -0.359860 0.263299 -0.331002
v 0.359900 0.198063 -0.484947
v -0.359860 0.198063 -0.484947
v -0.359860 0.263299 -0.484947
v 0.359900 0.263298 -0.484947
v -0.395900 0.168161 -0.145881
v -0.395900 0.168161 0.065242
v -0.395899 0.233429 -0.453941
v -0.395900 -0.148164 0.065242
v -0.395900 -0.148164 -0.145881
v -0.395900 -0.148164 -0.453941
v -0.395900 -0.213432 -0.453941
v -0.395900 -0.213432 0.065242
v -0.395900 -0.148164 0.065242
v -0.395900 0.168161 -0.453941
v -0.119643 0.126553 -0.453941
v 0.119643 0.126553 -0.453941
v 0.340251 0.168160 -0.453941
v 0.119643 -0.106556 -0.453941
v -0.340251 -0.148164 -0.453941
v -0.119643 -0.106556 -0.453941
v 0.395900 -0.148164 -0.453941
v 0.395900 -0.213432 -0.453941
v 0.395899 -0.213433 -0.520947
v 0.395900 0.168160 -0.520947
v 0.395900 -0.148164 -0.453941
v 0.395900 -0.148164 0.065242
v 0.395900 0.168160 -0.453941
v 0.395900 0.233429 -0.520947
v 0.395900 0.233429 0.065242
v 0.395900 0.168160 0.065242
v 0.395900 -0.148164 -0.145881
v 0.395900 0.168160 -0.145881
v 0.395900 0.233429 0.065242
v -0.395900 0.233429 -0.520947
v 0.395900 0.233429 -0.520947
v 0.395900 0.168160 -0.520947
v 0.119643 0.126553 -0.520947
v 0.395899 -0.213433 -0.520947
v 0.340250 -0.213432 -0.520947
v -0.119643 0.126553 -0.520947
v -0.395900 -0.148164 -0.520947
v -0.119643 -0.106556 -0.520947
v -0.395900 -0.213432 -0.520947
v 0.119643 -0.106557 -0.520947
v -0.395900 -0.148164 -0.520947
v -0.395900 -0.213432 -0.520947
v -0.395900 -0.213432 -0.453941
v -0.395900 -0.148164 -0.453941
v -0.395900 0.233429 -0.520947
v -0.395900 0.168161 -0.453941
v -0.395899 0.233429 -0.453941
v 0.395900 -0.148164 -0.453941
v 0.395900 0.168160 -0.453941
v 0.119643 -0.106556 -0.453941
v 0.340251 0.168160 -0.453941
v -0.340251 -0.148164 -0.145881
v -0.340251 0.168161 -0.145881
v -0.340251 0.168161 0.065242
v -0.340251 -0.148164 0.065242
v 0.216726 0.168160 0.266702
v 0.216726 0.233429 0.266702
v -0.216726 0.233429 0.266702
v -0.216726 0.168161 0.266702
v -0.395900 0.168161 0.065242
v -0.216726 0.168161 0.266702
v -0.216726 0.233429 0.266702
v -0.395899 0.233429 0.065242
v -0.395900 -0.213432 0.065242
v -0.216726 -0.213432 0.266702
v -0.216726 -0.148164 0.266702
v -0.395900 -0.148164 0.065242
v 0.395900 -0.213432 0.065242
v 0.216726 -0.213432 0.266702
v -0.216726 -0.213432 0.266702
v -0.395900 -0.213432 0.065242
v 0.395900 -0.213432 -0.453941
v -0.395900 -0.213432 -0.453941
v -0.395900 -0.213432 -0.453941
v 0.395899 -0.213433 -0.520947
v 0.395900 -0.213432 -0.453941
v -0.395900 -0.213432 -0.520947
v 0.216726 -0.213432 0.266702
v 0.216726 -0.148164 0.266702
v -0.216726 -0.148164 0.266702
v -0.216726 -0.213432 0.266702
v -0.395899 0.233429 0.065242
v -0.216726 0.233429 0.266702
v 0.216726 0.233429 0.266702
v 0.395900 0.233429 0.065242
v -0.395899 0.233429 -0.453941
v 0.395900 0.233429 0.065242
v 0.395900 0.233429 -0.520947
v -0.395899 0.233429 -0.453941
v -0.395900 0.233429 -0.520947
v 0.395900 0.233429 0.065242
v 0.216726 0.233429 0.266702
v 0.216726 0.168160 0.266702
v 0.395900 0.168160 0.065242
v 0.395900 0.168160 -0.453941
v 0.395900 0.168160 -0.145881
v 0.340251 0.168160 -0.145881
v -0.340251 0.168161 -0.145881
v -0.340251 0.168161 0.065242
v 0.340251 0.168160 0.065242
v -0.395900 0.168161 -0.145881
v -0.395900 0.168161 -0.453941
v 0.395900 0.168160 0.065242
v 0.216726 0.168160 0.266702
v -0.216726 0.168161 0.266702
v -0.395900 0.168161 0.065242
v -0.395900 0.168161 0.065242
v 0.340251 0.168160 0.065242
v 0.395900 0.168160 0.065242
v -0.340251 0.168161 0.065242
v 0.395900 -0.148164 0.065242
v 0.216726 -0.148164 0.266702
v 0.216726 -0.213432 0.266702
v 0.395900 -0.213432 0.065242
v -0.119643 -0.106556 -0.453941
v 0.119643 -0.106556 -0.453941
v 0.119643 -0.106557 -0.520947
v -0.119643 -0.106556 -0.520947
v -0.119643 -0.106556 -0.453941
v -0.119643 -0.106556 -0.520947
v -0.119643 0.126553 -0.520947
v -0.119643 0.126553 -0.453941
v 0.119643 -0.106556 -0.453941
v 0.119643 0.126553 -0.453941
v 0.119643 0.126553 -0.520947
v 0.119643 -0.106557 -0.520947
v -0.360559 0.195362 -0.051810
v -0.387626 0.193494 0.219386
v -0.389159 0.375226 0.220485
v -0.362092 0.377095 -0.050710
v -0.362092 0.377095 -0.050710
v -0.389159 0.375226 0.220485
v -0.208321 0.376642 0.238543
v -0.181254 0.378511 -0.032652
v -0.181254 0.378511 -0.032652
v -0.208321 0.376642 0.238543
v -0.206788 0.194910 0.237444
v -0.179722 0.196778 -0.033751
v -0.179722 0.196778 -0.033751
v -0.206788 0.194910 0.237444
v -0.387626 0.193494 0.219386
v -0.360559 0.195362 -0.051810
v -0.387626 0.193494 0.219386
v -0.206788 0.194910 0.237444
v -0.208321 0.376642 0.238543
v -0.389159 0.375226 0.220485
v -0.179722 0.196778 -0.033751
v -0.360559 0.195362 -0.051810
v -0.362092 0.377095 -0.050710
v -0.181254 0.378511 -0.032652
v -0.178773 0.183130 -0.032308
v -0.181902 0.210304 0.238865
v -0.179429 0.391127 0.220773
v -0.176300 0.363953 -0.050400
v -0.176300 0.363953 -0.050400
v -0.179429 0.391127 0.220773
v 0.002285 0.388874 0.223096
v 0.005414 0.361700 -0.048077
v 0.005414 0.361700 -0.048077
v 0.002285 0.388874 0.223096
v -0.000188 0.208051 0.241187
v 0.002941 0.180877 -0.029986
v 0.002941 0.180877 -0.029986
v -0.000188 0.208051 0.241187
v -0.181902 0.210304 0.238865
v -0.178773 0.183130 -0.032308
v -0.181902 0.210304 0.238865
v -0.000188 0.208051 0.241187
v 0.002285 0.388874 0.223096
v -0.179429 0.391127 0.220773
v 0.002941 0.180877 -0.029986
v -0.178773 0.183130 -0.032308
v -0.176300 0.363953 -0.050400
v 0.005414 0.361700 -0.048077
v 0.202137 0.180451 -0.027165
v 0.241231 0.216442 0.240153
v 0.242721 0.396524 0.215690
v 0.203627 0.360533 -0.051629
v 0.203627 0.360533 -0.051629
v 0.242721 0.396524 0.215690
v 0.422578 0.391553 0.190056
v 0.383484 0.355562 -0.077263
v 0.383484 0.355562 -0.077263
v 0.422578 0.391553 0.190056
v 0.421087 0.211471 0.214520
v 0.381993 0.175480 -0.052799
v 0.381993 0.175480 -0.052799
v 0.421087 0.211471 0.214520
v 0.241231 0.216442 0.240153
v 0.202137 0.180451 -0.027165
v 0.241231 0.216442 0.240153
v 0.421087 0.211471 0.214520
v 0.422578 0.391553 0.190056
v 0.242721 0.396524 0.215690
v 0.381993 0.175480 -0.052799
v 0.202137 0.180451 -0.027165
v 0.203627 0.360533 -0.051629
v 0.383484 0.355562 -0.077263
v 0.020809 0.193676 -0.053727
v 0.021406 0.196362 0.218808
v 0.021168 0.378095 0.217018
v 0.020572 0.375409 -0.055517
v 0.020572 0.375409 -0.055517
v 0.021168 0.378095 0.217018
v 0.202910 0.378329 0.216617
v 0.202313 0.375642 -0.055918
v 0.202313 0.375642 -0.055918
v 0.202910 0.378329 0.216617
v 0.203148 0.196595 0.218408
v 0.202551 0.193909 -0.054127
v 0.202551 0.193909 -0.054127
v 0.203148 0.196595 0.218408
v 0.021406 0.196362 0.218808
v 0.020809 0.193676 -0.053727
v 0.021406 0.196362 0.218808
v 0.203148 0.196595 0.218408
v 0.202910 0.378329 0.216617
v 0.021168 0.378095 0.217018
v 0.202551 0.193909 -0.054127
v 0.020809 0.193676 -0.053727
v 0.020572 0.375409 -0.055517
v 0.202313 0.375642 -0.055918
v -0.248773 0.325886 -0.200653
v -0.248773 0.325886 0.015795
v 0.248773 0.325886 0.015795
v 0.248773 0.325886 -0.200653
v 0.359860 -0.178187 -0.094222
v 0.359860 -0.178187 0.059723
v 0.359860 -0.243422 0.059723
v 0.359860 -0.243422 -0.094222
v 0.359860 -0.243422 -0.094222
v 0.359860 -0.243422 0.059723
v -0.359900 -0.243422 0.059723
v -0.359900 -0.243422 -0.094222
v -0.359900 -0.243422 -0.094222
v -0.359900 -0.243422 0.059723
v -0.359900 -0.178187 0.059723
v -0.359900 -0.178187 -0.094222
v 0.359860 -0.178187 0.059723
v -0.359900 -0.178187 0.059723
v -0.359900 -0.243422 0.059723
v 0.359860 -0.243422 0.059723
v -0.359900 -0.178187 -0.094222
v 0.359860 -0.178187 -0.094222
v 0.359860 -0.243422 -0.094222
v -0.359900 -0.243422 -0.094222
v 0.359860 -0.178187 -0.289602
v 0.359860 -0.178187 -0.135657
v 0.359860 -0.243422 -0.135657
v 0.359860 -0.243422 -0.289602
v 0.359860 -0.243422 -0.289602
v 0.359860 -0.243422 -0.135657
v -0.359900 -0.243422 -0.135657
v -0.359900 -0.243422 -0.289602
v -0.359900 -0.243422 -0.289602
v -0.359900 -0.243422 -0.135657
v -0.359900 -0.178187 -0.135657
v -0.359900 -0.178187 -0.289602
v 0.359860 -0.178187 -0.135657
v -0.359900 -0.178187 -0.135657
v -0.359900 -0.243422 -0.135657
v 0.359860 -0.243422 -0.135657
v -0.359900 -0.178187 -0.289602
v 0.359860 -0.178187 -0.289602
v 0.359860 -0.243422 -0.289602
v -0.359900 -0.243422 -0.289602
v 0.359860 -0.178187 -0.484947
v 0.359860 -0.178187 -0.331002
v 0.359860 -0.243422 -0.331002
v 0.359860 -0.243422 -0.484947
v 0.359860 -0.243422 -0.484947
v 0.359860 -0.243422 -0.331002
v -0.359900 -0.243422 -0.331002
v -0.359900 -0.243422 -0.484947
v -0.359900 -0.243422 -0.484947
v -0.359900 -0.243422 -0.331002
v -0.359900 -0.178187 -0.331002
v -0.359900 -0.178187 -0.484947
v 0.359860 -0.178187 -0.331002
v -0.359900 -0.178187 -0.331002
v -0.359900 -0.243422 -0.331002
v 0.359860 -0.243422 -0.331002
v -0.359900 -0.178187 -0.484947
v 0.359860 -0.178187 -0.484947
v 0.359860 -0.243422 -0.484947
v -0.359900 -0.243422 -0.484947
vt 0.235387459 0.356827915
vt 0.235387459 0.355674386
vt 0.235387459 0.355674386
vt 0.259614766 0.358266652
vt 0.235387459 0.356827915
vt 0.235387459 0.354520857
vt 0.259614766 0.357113123
vt 0.235387459 0.354520857
vt 0.230576053 0.367723823
vt 0.234308913 0.362124562
vt 0.230576053 0.362124562
vt 0.234308913 0.367723823
vt 0.234308913 0.362124562
vt 0.256492555 0.35942018
vt 0.233034268 0.356827915
vt 0.233034268 0.356827915
vt 0.232265249 0.356827915
vt 0.232265249 0.356827915
vt 0.256492555 0.35942018
vt 0.256929874 0.362124562
vt 0.253197014 0.362124562
vt 0.260662675 0.362124562
vt 0.344386995 0.346459031
vt 0.348175824 0.380306542
vt 0.348175824 0.374707282
vt 0.344386995 0.346459031
vt 0.348175824 0.374707282
vt 0.351908684 0.374707282
vt 0.348175824 0.363340795
vt 0.351908684 0.363508761
vt 0.344386995 0.346459031
vt 0.348175824 0.363340795
vt 0.344386995 0.346459031
vt 0.348175824 0.369108021
vt 0.367063999 0.357741535
vt 0.351908684 0.380306542
vt 0.351908684 0.374707282
vt 0.367063999 0.357741535
vt 0.351908684 0.374707282
vt 0.348175824 0.374707282
vt 0.249352202 0.333960354
vt 0.241886541 0.333960354
vt 0.238153711 0.333960354
vt 0.351908684 0.363340795
vt 0.348175824 0.363508761
vt 0.344386995 0.346459031
vt 0.351908684 0.363340795
vt 0.344386995 0.346459031
vt 0.351908684 0.369108021
vt 0.348175824 0.369108021
vt 0.348175824 0.369108021
vt 0.351908684 0.369108021
vt 0.348175824 0.369108021
vt 0.351908684 0.369108021
vt 0.344386995 0.346459031
vt 0.226787224 0.333876312
vt 0.234308913 0.356525302
vt 0.234308913 0.362124562
vt 0.234308913 0.356525302
vt 0.234308913 0.362124562
vt 0.234308913 0.367723823
vt 0.234308913 0.356525302
vt 0.234308913 0.367723823
vt 0.234308913 0.362124562
vt 0.226787224 0.333876312
vt 0.234308913 0.367723823
vt 0.234308913 0.367723823
vt 0.234308913 0.356525302
vt 0.234308913 0.350926042
vt 0.234308913 0.350926042
vt 0.234308913 0.362124562
vt 0.230576053 0.367723823
vt 0.230576053 0.356525302
vt 0.230576053 0.350926042
vt 0.230576053 0.362124562
vt 0.253197014 0.356525302
vt 0.226787224 0.333876312
vt 0.230576053 0.362124562
vt 0.226787224 0.333876312
vt 0.230576053 0.356525302
vt 0.825869322 0.436466634
vt 0.825589657 0.464540541
vt 0.836841226 0.457033932
vt 0.836841226 0.457033932
vt 0.835120082 0.4453426
vt 0.85829103 0.443973243
vt 0.860012293 0.455664575
vt 0.869262934 0.464540541
vt 0.85829103 0.443973243
vt 0.869542718 0.436466634
vt 0.825589657 0.464540541
vt 0.869262934 0.464540541
vt 0.860012293 0.455664575
vt 0.860012293 0.455664575
vt 0.836841226 0.457033932
vt 0.869542718 0.436466634
vt 0.825869322 0.436466634
vt 0.835120082 0.4453426
vt 0.835120082 0.4453426
vt 0.85829103 0.443973243
vt 0.703363478 0.58327198
vt 0.705525875 0.705681324
vt 0.747574806 0.675432503
vt 0.739245117 0.618935823
vt 0.739245117 0.618935823
vt 0.747574806 0.675432503
vt 0.846328318 0.670017481
vt 0.837998629 0.613520741
vt 0.837998629 0.613520741
vt 0.846328318 0.670017481
vt 0.882209957 0.705681324
vt 0.880047619 0.58327198
vt 0.705525875 0.705681324
vt 0.882209957 0.705681324
vt 0.846328318 0.670017481
vt 0.747574806 0.675432503
vt 0.880047619 0.58327198
vt 0.703363478 0.58327198
vt 0.739245117 0.618935823
vt 0.837998629 0.613520741
vt 0.703363478 0.58327198
vt 0.705525875 0.705681324
vt 0.747574806 0.675432503
vt 0.739245117 0.618935823
vt 0.739245117 0.618935823
vt 0.747574806 0.675432503
vt 0.846328318 0.670017481
vt 0.837998629 0.613520741
vt 0.837998629 0.613520741
vt 0.846328318 0.670017481
vt 0.882209957 0.705681324
vt 0.880047619 0.58327198
vt 0.705525875 0.705681324
vt 0.882209957 0.705681324
vt 0.846328318 0.670017481
vt 0.747574806 0.675432503
vt 0.880047619 0.58327198
vt 0.703363478 0.58327198
vt 0.739245117 0.618935823
vt 0.837998629 0.613520741
vt 0.235387459 0.355674386
vt 0.259614766 0.358266652
vt 0.235387459 0.356827915
vt 0.235387459 0.354520857
vt 0.259614766 0.357113123
vt 0.235387459 0.354520857
vt 0.235387459 0.353367329
vt 0.235387459 0.353367329
vt 0.235387459 0.354520857
vt 0.230576053 0.367723823
vt 0.230576053 0.362124562
vt 0.230576053 0.356525302
vt 0.230576053 0.356525302
vt 0.234308913 0.356525302
vt 0.234308913 0.362124562
vt 0.234308913 0.362124562
vt 0.234308913 0.350926042
vt 0.233034268 0.356827915
vt 0.233034268 0.353367329
vt 0.23149623 0.353367329
vt 0.232265249 0.356827915
vt 0.256492555 0.35942018
vt 0.23149623 0.356827915
vt 0.230727211 0.353367329
vt 0.230727211 0.356827915
vt 0.23149623 0.356827915
vt 0.232265249 0.356827915
vt 0.255723536 0.35942018
vt 0.230727211 0.356827915
vt 0.249464199 0.350926042
vt 0.249464199 0.367723823
vt 0.253197014 0.367723823
vt 0.253197014 0.362124562
vt 0.260662675 0.367723823
vt 0.260662675 0.362124562
vt 0.253197014 0.356525302
vt 0.256929874 0.350926042
vt 0.256929874 0.356525302
vt 0.260662675 0.350926042
vt 0.256929874 0.362124562
vt 0.237694517 0.354520857
vt 0.237694517 0.353367329
vt 0.235387459 0.353367329
vt 0.235387459 0.354520857
vt 0.237694517 0.356827915
vt 0.235387459 0.355674386
vt 0.235387459 0.356827915
vt 0.234308913 0.350926042
vt 0.230576053 0.350926042
vt 0.234308913 0.356525302
vt 0.230576053 0.356525302
vt 0.344386995 0.346459031
vt 0.348175824 0.374707282
vt 0.344386995 0.346459031
vt 0.351908684 0.374707282
vt 0.230576053 0.350926042
vt 0.226843253 0.350926042
vt 0.226843253 0.367723823
vt 0.230576053 0.367723823
vt 0.249464199 0.345158815
vt 0.249464199 0.345158815
vt 0.249464199 0.350758076
vt 0.249464199 0.350758076
vt 0.249464199 0.333960354
vt 0.249464199 0.333960354
vt 0.249464199 0.339559555
vt 0.249464199 0.339559555
vt 0.238153711 0.350758076
vt 0.238153711 0.350758076
vt 0.249352232 0.350758076
vt 0.249352232 0.350758076
vt 0.238153711 0.350758076
vt 0.249352232 0.350758076
vt 0.249352232 0.350758076
vt 0.238153711 0.333960354
vt 0.238153711 0.350758076
vt 0.249352202 0.333960354
vt 0.238041714 0.350926042
vt 0.234308913 0.350926042
vt 0.234308913 0.367723823
vt 0.238041744 0.367723823
vt 0.249352232 0.367723823
vt 0.249352232 0.367723823
vt 0.249352232 0.350926042
vt 0.249352232 0.350926042
vt 0.249352232 0.367723823
vt 0.249352232 0.350926042
vt 0.238153711 0.350926042
vt 0.249352232 0.367723823
vt 0.238153711 0.367723823
vt 0.226843253 0.350758076
vt 0.226843253 0.350758076
vt 0.230576053 0.350758076
vt 0.230576053 0.350758076
vt 0.230576053 0.350926042
vt 0.230576053 0.350926042
vt 0.230576053 0.356525302
vt 0.230576053 0.362124562
vt 0.230576053 0.362124562
vt 0.230576053 0.356525302
vt 0.230576053 0.367723823
vt 0.230576053 0.367723823
vt 0.234308913 0.350758076
vt 0.234308913 0.350758076
vt 0.249464199 0.345158815
vt 0.249464199 0.345158815
vt 0.249464199 0.345158815
vt 0.230576053 0.356525302
vt 0.234308913 0.350758076
vt 0.230576053 0.362124562
vt 0.234308913 0.350758076
vt 0.234308913 0.350758076
vt 0.238041744 0.350758076
vt 0.238041744 0.350758076
vt 0.226787224 0.333876312
vt 0.234308913 0.362124562
vt 0.226787224 0.333876312
vt 0.256929874 0.362124562
vt 0.226787224 0.333876312
vt 0.256929874 0.356525302
vt 0.226787224 0.333876312
vt 0.230576053 0.362124562
vt 0.226787224 0.333876312
vt 0.234308913 0.356525302
vt 0.226787224 0.333876312
vt 0.253197014 0.362124562
vt 0.825586081 0.436463118
vt 0.825586081 0.480423212
vt 0.869546175 0.480423212
vt 0.869546175 0.436463118
vt 0.825586081 0.436463118
vt 0.825586081 0.480423212
vt 0.869546175 0.480423212
vt 0.869546175 0.436463118
vt 0.825586081 0.436463118
vt 0.825586081 0.480423212
vt 0.869546175 0.480423212
vt 0.869546175 0.436463118
vt 0.825586081 0.436463118
vt 0.825586081 0.480423212
vt 0.869546175 0.480423212
vt 0.869546175 0.436463118
vt 0.825586081 0.436463118
vt 0.825586081 0.480423212
vt 0.869546175 0.480423212
vt 0.869546175 0.436463118
vt 0.825586081 0.436463118
vt 0.825586081 0.480423212
vt 0.869546175 0.480423212
vt 0.869546175 0.436463118
vt 0.825586081 0.436463118
vt 0.825586081 0.480423212
vt 0.869546175 0.480423212
vt 0.869546175 0.436463118
vt 0.825586081 0.436463118
vt 0.825586081 0.480423212
vt 0.869546175 0.480423212
vt 0.869546175 0.436463118
vt 0.825586081 0.436463118
vt 0.825586081 0.480423212
vt 0.869546175 0.480423212
vt 0.869546175 0.436463118
vt 0.825586081 0.436463118
vt 0.825586081 0.480423212
vt 0.869546175 0.480423212
vt 0.869546175 0.436463118
vt 0.825586081 0.436463118
vt 0.825586081 0.480423212
vt 0.869546175 0.480423212
vt 0.869546175 0.436463118
vt 0.825586081 0.436463118
vt 0.825586081 0.480423212
vt 0.869546175 0.480423212
vt 0.869546175 0.436463118
vt 0.825586081 0.436463118
vt 0.825586081 0.480423212
vt 0.869546175 0.480423212
vt 0.869546175 0.436463118
vt 0.825586081 0.436463118
vt 0.825586081 0.480423212
vt 0.869546175 0.480423212
vt 0.869546175 0.436463118
vt 0.825586081 0.436463118
vt 0.825586081 0.480423212
vt 0.869546175 0.480423212
vt 0.869546175 0.436463118
vt 0.825586081 0.436463118
vt 0.825586081 0.480423212
vt 0.869546175 0.480423212
vt 0.869546175 0.436463118
vt 0.825586081 0.436463118
vt 0.825586081 0.480423212
vt 0.869546175 0.480423212
vt 0.869546175 0.436463118
vt 0.825586081 0.436463118
vt 0.825586081 0.480423212
vt 0.869546175 0.480423212
vt 0.869546175 0.436463118
vt 0.825586081 0.436463118
vt 0.825586081 0.480423212
vt 0.869546175 0.480423212
vt 0.869546175 0.436463118
vt 0.825586081 0.436463118
vt 0.825586081 0.480423212
vt 0.869546175 0.480423212
vt 0.869546175 0.436463118
vt 0.825586081 0.436463118
vt 0.825586081 0.480423212
vt 0.869546175 0.480423212
vt 0.869546175 0.436463118
vt 0.825586081 0.436463118
vt 0.825586081 0.480423212
vt 0.869546175 0.480423212
vt 0.869546175 0.436463118
vt 0.825586081 0.436463118
vt 0.825586081 0.480423212
vt 0.869546175 0.480423212
vt 0.869546175 0.436463118
vt 0.825586081 0.436463118
vt 0.825586081 0.480423212
vt 0.869546175 0.480423212
vt 0.869546175 0.436463118
vt 0.835120082 0.4453426
vt 0.836841226 0.457033932
vt 0.860012293 0.455664575
vt 0.85829103 0.443973243
vt 0.64245069 0.421443969
vt 0.64245069 0.608779192
vt 0.829785943 0.608779192
vt 0.829785943 0.421443969
vt 0.64245069 0.421443969
vt 0.64245069 0.608779192
vt 0.829785943 0.608779192
vt 0.829785943 0.421443969
vt 0.64245069 0.421443969
vt 0.64245069 0.608779192
vt 0.829785943 0.608779192
vt 0.829785943 0.421443969
vt 0.64245069 0.421443969
vt 0.64245069 0.608779192
vt 0.829785943 0.608779192
vt 0.829785943 0.421443969
vt 0.64245069 0.421443969
vt 0.64245069 0.608779192
vt 0.829785943 0.608779192
vt 0.829785943 0.421443969
vt 0.703363478 0.58327198
vt 0.705525875 0.705681324
vt 0.747574806 0.675432503
vt 0.739245117 0.618935823
vt 0.739245117 0.618935823
vt 0.747574806 0.675432503
vt 0.846328318 0.670017481
vt 0.837998629 0.613520741
vt 0.837998629 0.613520741
vt 0.846328318 0.670017481
vt 0.882209957 0.705681324
vt 0.880047619 0.58327198
vt 0.705525875 0.705681324
vt 0.882209957 0.705681324
vt 0.846328318 0.670017481
vt 0.747574806 0.675432503
vt 0.880047619 0.58327198
vt 0.703363478 0.58327198
vt 0.739245117 0.618935823
vt 0.837998629 0.613520741
vt 0.703363478 0.58327198
vt 0.705525875 0.705681324
vt 0.747574806 0.675432503
vt 0.739245117 0.618935823
vt 0.739245117 0.618935823
vt 0.747574806 0.675432503
vt 0.846328318 0.670017481
vt 0.837998629 0.613520741
vt 0.837998629 0.613520741
vt 0.846328318 0.670017481
vt 0.882209957 0.705681324
vt 0.880047619 0.58327198
vt 0.705525875 0.705681324
vt 0.882209957 0.705681324
vt 0.846328318 0.670017481
vt 0.747574806 0.675432503
vt 0.880047619 0.58327198
vt 0.703363478 0.58327198
vt 0.739245117 0.618935823
vt 0.837998629 0.613520741
vn -1.000000 0.000000 -0.000000
vn -1.000000 0.000000 -0.000000
vn -1.000000 0.000000 -0.000000
vn -0.984635 0.000000 0.174624
vn -0.934673 0.000000 0.355508
vn 0.000000 1.000000 -0.000000
vn 0.000000 1.000000 -0.000000
vn 0.000000 1.000000 -0.000000
vn 0.000000 0.000000 1.000000
vn 0.000000 0.000000 1.000000
vn 0.000000 0.000000 1.000000
vn 0.000000 0.000000 1.000000
vn 0.000000 0.000000 1.000000
vn 0.984635 0.000000 0.174624
vn 0.934673 0.000000 0.355508
vn 1.000000 0.000000 -0.000000
vn 0.000000 1.000000 -0.000000
vn 0.000000 1.000000 -0.000000
vn 0.000000 1.000000 -0.000000
vn 0.000000 -0.000000 -1.000000
vn 0.000000 -0.000000 -1.000000
vn 0.000000 -0.000000 -1.000000
vn 0.000000 -0.000000 -1.000000
vn 0.000000 -0.000000 -1.000000
vn 0.000000 -0.000000 -1.000000
vn 0.000000 -0.000000 -1.000000
vn 0.000000 -0.000000 -1.000000
vn 0.000000 -0.000000 -1.000000
vn 0.000000 -0.000000 -1.000000
vn 0.000000 -0.000000 -1.000000
vn 0.000000 -0.000000 -1.000000
vn 0.000000 -0.000000 -1.000000
vn 0.000000 -0.000000 -1.000000
vn 0.000000 -0.000000 -1.000000
vn 0.000000 0.000000 1.000000
vn 0.000000 0.000000 1.000000
vn 0.000000 0.000000 1.000000
vn 0.000000 0.000000 1.000000
vn 0.000000 0.000000 1.000000
vn 0.000000 0.000000 1.000000
vn 0.000000 1.000000 -0.000000
vn 0.000000 1.000000 -0.000000
vn 0.000000 1.000000 -0.000000
vn 0.000000 0.000000 1.000000
vn 0.000000 0.000000 1.000000
vn 0.000000 0.000000 1.000000
vn 0.000000 0.000000 1.000000
vn 0.000000 0.000000 1.000000
vn 0.000000 0.000000 1.000000
vn -1.000000 0.000000 -0.000000
vn -1.000000 0.000000 -0.000000
vn -1.000000 0.000000 -0.000000
vn -1.000000 0.000000 -0.000000
vn -1.000000 0.000000 -0.000000
vn -1.000000 0.000000 -0.000000
vn 0.000000 1.000000 -0.000000
vn 0.000000 1.000000 -0.000000
vn 0.000000 1.000000 -0.000000
vn 0.000000 1.000000 -0.000000
vn 0.000000 1.000000 -0.000000
vn 0.000000 1.000000 -0.000000
vn 0.000000 1.000000 -0.000000
vn 0.000000 1.000000 -0.000000
vn 0.000000 1.000000 -0.000000
vn 0.000000 1.000000 -0.000000
vn 0.000000 1.000000 -0.000000
vn 0.000000 1.000000 -0.000000
vn 0.000000 1.000000 -0.000000
vn 0.000000 1.000000 -0.000000
vn 0.000000 1.000000 -0.000000
vn 0.000000 1.000000 -0.000000
vn 0.000000 1.000000 -0.000000
vn 0.000000 1.000000 -0.000000
vn 0.000000 1.000000 -0.000000
vn 0.000000 -1.000000 0.000000
vn 0.000000 -1.000000 0.000000
vn 0.000000 -1.000000 0.000000
vn 0.000000 -1.000000 0.000000
vn 0.000000 -1.000000 0.000000
vn 0.000000 -1.000000 0.000000
vn -1.000000 0.000000 -0.000000
vn -1.000000 0.000000 -0.000000
vn -1.000000 0.000000 -0.000000
vn -1.000000 0.000000 -0.000000
vn -1.000000 0.000000 -0.000000
vn 1.000000 0.000000 -0.000000
vn 1.000000 0.000000 -0.000000
vn 1.000000 0.000000 -0.000000
vn 1.000000 0.000000 -0.000000
vn 1.000000 0.000000 -0.000000
vn 0.000000 0.000000 1.000000
vn 0.000000 0.000000 1.000000
vn 0.000000 0.000000 1.000000
vn 0.000000 0.000000 1.000000
vn 0.000000 0.000000 1.000000
vn 0.000000 -0.000000 -1.000000
vn 0.000000 -0.000000 -1.000000
vn 0.000000 -0.000000 -1.000000
vn 0.000000 -0.000000 -1.000000
vn 0.000000 -0.000000 -1.000000
vn -1.000000 0.000000 -0.000000
vn -1.000000 0.000000 -0.000000
vn -1.000000 0.000000 -0.000000
vn -1.000000 0.000000 -0.000000
vn 0.000000 1.000000 -0.000000
vn 0.000000 1.000000 -0.000000
vn 0.000000 1.000000 -0.000000
vn 0.000000 1.000000 -0.000000
vn 1.000000 0.000000 -0.000000
vn 1.000000 0.000000 -0.000000
vn 1.000000 0.000000 -0.000000
vn 1.000000 0.000000 -0.000000
vn 0.000000 0.000000 1.000000
vn 0.000000 0.000000 1.000000
vn 0.000000 0.000000 1.000000
vn 0.000000 0.000000 1.000000
vn 0.000000 -0.000000 -1.000000
vn 0.000000 -0.000000 -1.000000
vn 0.000000 -0.000000 -1.000000
vn 0.000000 -0.000000 -1.000000
vn -1.000000 0.000000 -0.000000
vn -1.000000 0.000000 -0.000000
vn -1.000000 0.000000 -0.000000
vn -1.000000 0.000000 -0.000000
vn 0.000000 1.000000 -0.000000
vn 0.000000 1.000000 -0.000000
vn 0.000000 1.000000 -0.000000
vn 0.000000 1.000000 -0.000000
vn 1.000000 0.000000 -0.000000
vn 1.000000 0.000000 -0.000000
vn 1.000000 0.000000 -0.000000
vn 1.000000 0.000000 -0.000000
vn 0.000000 0.000000 1.000000
vn 0.000000 0.000000 1.000000
vn 0.000000 0.000000 1.000000
vn 0.000000 0.000000 1.000000
vn 0.000000 -0.000000 -1.000000
vn 0.000000 -0.000000 -1.000000
vn 0.000000 -0.000000 -1.000000
vn 0.000000 -0.000000 -1.000000
vn -1.000000 0.000000 -0.000000
vn -0.984635 0.000000 0.174624
vn -1.000000 0.000000 -0.000000
vn -0.984635 0.000000 0.174624
vn -1.000000 0.000000 -0.000000
vn -1.000000 0.000000 -0.000000
vn -1.000000 0.000000 -0.000000
vn -0.971966 0.000000 0.235123
vn -0.984635 0.000000 0.174624
vn 0.000000 0.000000 1.000000
vn 0.000000 0.000000 1.000000
vn 0.000000 0.000000 1.000000
vn 0.000000 0.000000 1.000000
vn 0.000000 0.000000 1.000000
vn 0.000000 0.000000 1.000000
vn 0.000000 0.000000 1.000000
vn 0.000000 0.000000 1.000000
vn 1.000000 0.000000 -0.000000
vn 1.000000 0.000000 -0.000000
vn 1.000000 0.000000 -0.000000
vn 1.000000 0.000000 -0.000000
vn 0.984635 0.000000 0.174624
vn 1.000000 0.000000 -0.000000
vn 1.000000 0.000000 -0.000000
vn 0.984635 0.000000 0.174624
vn 0.984635 0.000000 0.174624
vn 1.000000 0.000000 -0.000000
vn 1.000000 0.000000 -0.000000
vn 0.984635 0.000000 0.174624
vn 0.000000 -0.000000 -1.000000
vn 0.000000 -0.000000 -1.000000
vn 0.000000 -0.000000 -1.000000
vn 0.000000 -0.000000 -1.000000
vn 0.000000 -0.000000 -1.000000
vn 0.000000 -0.000000 -1.000000
vn 0.000000 -0.000000 -1.000000
vn 0.000000 -0.000000 -1.000000
vn 0.000000 -0.000000 -1.000000
vn 0.000000 -0.000000 -1.000000
vn 0.000000 -0.000000 -1.000000
vn -1.000000 0.000000 -0.000000
vn -1.000000 0.000000 -0.000000
vn -1.000000 0.000000 -0.000000
vn -1.000000 0.000000 -0.000000
vn -1.000000 0.000000 -0.000000
vn -1.000000 0.000000 -0.000000
vn -1.000000 0.000000 -0.000000
vn 0.000000 0.000000 1.000000
vn 0.000000 0.000000 1.000000
vn 0.000000 0.000000 1.000000
vn 0.000000 0.000000 1.000000
vn 1.000000 0.000000 -0.000000
vn 1.000000 0.000000 -0.000000
vn 1.000000 0.000000 -0.000000
vn 1.000000 0.000000 -0.000000
vn 0.000000 0.000000 1.000000
vn 0.000000 0.000000 1.000000
vn 0.000000 0.000000 1.000000
vn 0.000000 0.000000 1.000000
vn -0.984635 0.000000 0.174624
vn -0.747229 0.000000 0.664567
vn -0.747229 0.000000 0.664567
vn -0.934673 0.000000 0.355508
vn -0.971966 0.000000 0.235123
vn -0.747229 0.000000 0.664567
vn -0.747229 0.000000 0.664567
vn -0.984635 0.000000 0.174624
vn 0.000000 -1.000000 0.000000
vn 0.000000 -1.000000 0.000000
vn 0.000000 -1.000000 0.000000
vn 0.000000 -1.000000 0.000000
vn 0.000000 -1.000000 0.000000
vn 0.000000 -1.000000 0.000000
vn 0.000000 -1.000000 0.000000
vn 0.000000 -1.000000 0.000000
vn 0.000000 -1.000000 0.000000
vn 0.000000 -1.000000 0.000000
vn 0.000000 0.000000 1.000000
vn 0.000000 0.000000 1.000000
vn 0.000000 0.000000 1.000000
vn 0.000000 0.000000 1.000000
vn 0.000000 1.000000 -0.000000
vn 0.000000 1.000000 -0.000000
vn 0.000000 1.000000 -0.000000
vn 0.000000 1.000000 -0.000000
vn 0.000000 1.000000 -0.000000
vn 0.000000 1.000000 -0.000000
vn 0.000000 1.000000 -0.000000
vn 0.000000 1.000000 -0.000000
vn 0.000000 1.000000 -0.000000
vn 0.984635 0.000000 0.174624
vn 0.747229 0.000000 0.664567
vn 0.747229 0.000000 0.664567
vn 0.984635 0.000000 0.174624
vn 0.000000 -1.000000 0.000000
vn 0.000000 -1.000000 0.000000
vn 0.000000 -1.000000 0.000000
vn 0.000000 -1.000000 0.000000
vn 0.000000 -1.000000 0.000000
vn 0.000000 -1.000000 0.000000
vn 0.000000 -1.000000 0.000000
vn 0.000000 -1.000000 0.000000
vn 0.000000 -1.000000 0.000000
vn 0.000000 -1.000000 0.000000
vn 0.000000 -1.000000 0.000000
vn 0.000000 -1.000000 0.000000
vn 0.000000 1.000000 -0.000000
vn 0.000000 1.000000 -0.000000
vn 0.000000 1.000000 -0.000000
vn 0.000000 1.000000 -0.000000
vn 0.984635 0.000000 0.174624
vn 0.747229 0.000000 0.664567
vn 0.747229 0.000000 0.664567
vn 0.934673 0.000000 0.355508
vn 0.000000 1.000000 -0.000000
vn 0.000000 1.000000 -0.000000
vn 0.000000 1.000000 -0.000000
vn 0.000000 1.000000 -0.000000
vn 1.000000 0.000000 -0.000000
vn 1.000000 0.000000 -0.000000
vn 1.000000 0.000000 -0.000000
vn 1.000000 0.000000 -0.000000
vn -1.000000 0.000000 -0.000000
vn -1.000000 0.000000 -0.000000
vn -1.000000 0.000000 -0.000000
vn -1.000000 0.000000 -0.000000
vn -0.995021 -0.007791 -0.099362
vn -0.995021 -0.007791 -0.099362
vn -0.995021 -0.007791 -0.099362
vn -0.995021 -0.007791 -0.099362
vn -0.008434 0.999946 0.006048
vn -0.008434 0.999946 0.006048
vn -0.008434 0.999946 0.006048
vn -0.008434 0.999946 0.006048
vn 0.995021 0.007791 0.099362
vn 0.995021 0.007791 0.099362
vn 0.995021 0.007791 0.099362
vn 0.995021 0.007791 0.099362
vn 0.008434 -0.999946 -0.006048
vn 0.008434 -0.999946 -0.006048
vn 0.008434 -0.999946 -0.006048
vn 0.008434 -0.999946 -0.006048
vn -0.099310 -0.006856 0.995033
vn -0.099310 -0.006856 0.995033
vn -0.099310 -0.006856 0.995033
vn -0.099310 -0.006856 0.995033
vn 0.099310 0.006856 -0.995033
vn 0.099310 0.006856 -0.995033
vn 0.099310 0.006856 -0.995033
vn 0.099310 0.006856 -0.995033
vn -0.999842 0.012396 -0.012778
vn -0.999842 0.012396 -0.012778
vn -0.999842 0.012396 -0.012778
vn -0.999842 0.012396 -0.012778
vn 0.013608 0.994940 -0.099544
vn 0.013608 0.994940 -0.099544
vn 0.013608 0.994940 -0.099544
vn 0.013608 0.994940 -0.099544
vn 0.999842 -0.012396 0.012778
vn 0.999842 -0.012396 0.012778
vn 0.999842 -0.012396 0.012778
vn 0.999842 -0.012396 0.012778
vn -0.013608 -0.994940 0.099544
vn -0.013608 -0.994940 0.099544
vn -0.013608 -0.994940 0.099544
vn -0.013608 -0.994940 0.099544
vn -0.011480 0.099702 0.994951
vn -0.011480 0.099702 0.994951
vn -0.011480 0.099702 0.994951
vn -0.011480 0.099702 0.994951
vn 0.011480 -0.099702 -0.994951
vn 0.011480 -0.099702 -0.994951
vn 0.011480 -0.099702 -0.994951
vn 0.011480 -0.099702 -0.994951
vn -0.989625 0.027351 0.141045
vn -0.989625 0.027351 0.141045
vn -0.989625 0.027351 0.141045
vn -0.989625 0.027351 0.141045
vn 0.008201 0.990865 -0.134607
vn 0.008201 0.990865 -0.134607
vn 0.008201 0.990865 -0.134607
vn 0.008201 0.990865 -0.134607
vn 0.989625 -0.027351 -0.141045
vn 0.989625 -0.027351 -0.141045
vn 0.989625 -0.027351 -0.141045
vn 0.989625 -0.027351 -0.141045
vn -0.008201 -0.990865 0.134607
vn -0.008201 -0.990865 0.134607
vn -0.008201 -0.990865 0.134607
vn -0.008201 -0.990865 0.134607
vn 0.143439 0.132054 0.980809
vn 0.143439 0.132054 0.980809
vn 0.143439 0.132054 0.980809
vn 0.143439 0.132054 0.980809
vn -0.143439 -0.132054 -0.980809
vn -0.143439 -0.132054 -0.980809
vn -0.143439 -0.132054 -0.980809
vn -0.143439 -0.132054 -0.980809
vn -0.999997 -0.001284 0.002202
vn -0.999997 -0.001284 0.002202
vn -0.999997 -0.001284 0.002202
vn -0.999997 -0.001284 0.002202
vn -0.001306 0.999951 -0.009853
vn -0.001306 0.999951 -0.009853
vn -0.001306 0.999951 -0.009853
vn -0.001306 0.999951 -0.009853
vn 0.999997 0.001284 -0.002202
vn 0.999997 0.001284 -0.002202
vn 0.999997 0.001284 -0.002202
vn 0.999997 0.001284 -0.002202
vn 0.001306 -0.999951 0.009853
vn 0.001306 -0.999951 0.009853
vn 0.001306 -0.999951 0.009853
vn 0.001306 -0.999951 0.009853
vn 0.002190 0.009856 0.999949
vn 0.002190 0.009856 0.999949
vn 0.002190 0.009856 0.999949
vn 0.002190 0.009856 0.999949
vn -0.002190 -0.009856 -0.999949
vn -0.002190 -0.009856 -0.999949
vn -0.002190 -0.009856 -0.999949
vn -0.002190 -0.009856 -0.999949
vn 0.000000 1.000000 -0.000000
vn 0.000000 1.000000 -0.000000
vn 0.000000 1.000000 -0.000000
vn 0.000000 1.000000 -0.000000
vn 1.000000 0.000000 -0.000000
vn 1.000000 0.000000 -0.000000
vn 1.000000 0.000000 -0.000000
vn 1.000000 0.000000 -0.000000
vn 0.000000 -1.000000 0.000000
vn 0.000000 -1.000000 0.000000
vn 0.000000 -1.000000 0.000000
vn 0.000000 -1.000000 0.000000
vn -1.000000 0.000000 -0.000000
vn -1.000000 0.000000 -0.000000
vn -1.000000 0.000000 -0.000000
vn -1.000000 0.000000 -0.000000
vn 0.000000 0.000000 1.000000
vn 0.000000 0.000000 1.000000
vn 0.000000 0.000000 1.000000
vn 0.000000 0.000000 1.000000
vn 0.000000 -0.000000 -1.000000
vn 0.000000 -0.000000 -1.000000
vn 0.000000 -0.000000 -1.000000
vn 0.000000 -0.000000 -1.000000
vn 1.000000 0.000000 -0.000000
vn 1.000000 0.000000 -0.000000
vn 1.000000 0.000000 -0.000000
vn 1.000000 0.000000 -0.000000
vn 0.000000 -1.000000 0.000000
vn 0.000000 -1.000000 0.000000
vn 0.000000 -1.000000 0.000000
vn 0.000000 -1.000000 0.000000
vn -1.000000 0.000000 -0.000000
vn -1.000000 0.000000 -0.000000
vn -1.000000 0.000000 -0.000000
vn -1.000000 0.000000 -0.000000
vn 0.000000 0.000000 1.000000
vn 0.000000 0.000000 1.000000
vn 0.000000 0.000000 1.000000
vn 0.000000 0.000000 1.000000
vn 0.000000 -0.000000 -1.000000
vn 0.000000 -0.000000 -1.000000
vn 0.000000 -0.000000 -1.000000
vn 0.000000 -0.000000 -1.000000
vn 1.000000 0.000000 -0.000000
vn 1.000000 0.000000 -0.000000
vn 1.000000 0.000000 -0.000000
vn 1.000000 0.000000 -0.000000
vn 0.000000 -1.000000 0.000000
vn 0.000000 -1.000000 0.000000
vn 0.000000 -1.000000 0.000000
vn 0.000000 -1.000000 0.000000
vn -1.000000 0.000000 -0.000000
vn -1.000000 0.000000 -0.000000
vn -1.000000 0.000000 -0.000000
vn -1.000000 0.000000 -0.000000
vn 0.000000 0.000000 1.000000
vn 0.000000 0.000000 1.000000
vn 0.000000 0.000000 1.000000
vn 0.000000 0.000000 1.000000
vn 0.000000 -0.000000 -1.000000
vn 0.000000 -0.000000 -1.000000
vn 0.000000 -0.000000 -1.000000
vn 0.000000 -0.000000 -1.000000
f 1/1/1 2/2/2 3/3/3
f 4/4/4 5/5/5 1/1/1
f 6/6/6 7/7/7 8/8/8
f 9/9/9 10/10/10 11/11/11
f 9/9/9 12/12/12 13/13/13
f 14/14/14 15/15/15 16/16/16
f 17/17/17 18/18/18 19/19/19
f 20/20/20 21/21/21 22/22/22
f 23/23/23 24/24/24 25/25/25
f 26/26/26 27/27/27 28/28/28
f 29/29/29 30/30/30 31/31/31
f 32/32/32 33/33/33 34/34/34
f 35/35/35 36/36/36 37/37/37
f 38/38/38 39/39/39 40/40/40
f 41/41/41 42/42/42 43/43/43
f 44/44/44 45/45/45 46/46/46
f 47/47/47 48/48/48 49/49/49
f 50/50/50 51/51/51 52/52/52
f 53/53/53 54/54/54 55/55/55
f 56/56/56 57/57/57 58/58/58
f 59/59/59 56/56/56 60/60/60
f 59/59/59 60/60/60 61/61/61
f 62/62/62 59/59/59 61/61/61
f 61/61/61 63/63/63 62/62/62
f 64/64/64 60/60/60 65/65/65
f 66/66/66 67/67/67 64/64/64
f 64/64/64 68/68/68 66/66/66
f 68/68/68 69/69/69 66/66/66
f 69/69/69 70/70/70 66/66/66
f 70/70/70 71/71/71 66/66/66
f 72/72/72 73/73/73 74/74/74
f 75/75/75 76/76/76 77/77/77
f 78/78/78 79/79/79 80/80/80
f 81/81/81 82/82/82 83/83/83
f 81/81/81 84/84/84 85/85/85
f 86/86/86 87/87/87 88/88/88
f 89/89/89 88/88/88 90/90/90
f 91/91/91 92/92/92 93/93/93
f 91/91/91 94/94/94 95/95/95
f 96/96/96 97/97/97 98/98/98
f 96/96/96 99/99/99 100/100/100
f 101/101/101 102/102/102 103/103/103
f 101/101/101 103/103/103 104/104/104
f 105/105/105 106/106/106 107/107/107
f 105/105/105 107/107/107 108/108/108
f 109/109/109 110/110/110 111/111/111
f 109/109/109 111/111/111 112/112/112
f 113/113/113 114/114/114 115/115/115
f 113/113/113 115/115/115 116/116/116
f 117/117/117 118/118/118 119/119/119
f 117/117/117 119/119/119 120/120/120
f 121/121/121 122/122/122 123/123/123
f 121/121/121 123/123/123 124/124/124
f 125/125/125 126/126/126 127/127/127
f 125/125/125 127/127/127 128/128/128
f 129/129/129 130/130/130 131/131/131
f 129/129/129 131/131/131 132/132/132
f 133/133/133 134/134/134 135/135/135
f 133/133/133 135/135/135 136/136/136
f 137/137/137 138/138/138 139/139/139
f 137/137/137 139/139/139 140/140/140
f 141/141/141 142/142/142 143/143/143
f 144/144/144 142/142/142 141/141/141
f 144/144/144 141/141/141 145/145/145
f 146/146/146 147/147/147 148/148/148
f 148/148/148 149/149/149 146/146/146
f 150/150/150 151/151/151 152/152/152
f 152/152/152 153/153/153 150/150/150
f 153/153/153 152/152/152 154/154/154
f 150/150/150 155/155/155 156/156/156
f 154/154/154 156/156/156 155/155/155
f 154/154/154 155/155/155 157/157/157
f 158/158/158 159/159/159 160/160/160
f 160/160/160 161/161/161 158/158/158
f 158/158/158 161/161/161 162/162/162
f 160/160/160 163/163/163 161/161/161
f 164/164/164 163/163/163 160/160/160
f 163/163/163 164/164/164 165/165/165
f 166/166/166 162/162/162 167/167/167
f 167/167/167 168/168/168 166/166/166
f 168/168/168 163/163/163 169/169/169
f 168/168/168 169/169/169 166/166/166
f 170/170/170 171/171/171 172/172/172
f 172/172/172 173/173/173 170/170/170
f 172/172/172 174/174/174 173/173/173
f 174/174/174 175/175/175 173/173/173
f 173/173/173 176/176/176 170/170/170
f 176/176/176 177/177/177 170/170/170
f 177/177/177 176/176/176 178/178/178
f 179/179/179 177/177/177 178/178/178
f 175/175/175 179/179/179 180/180/180
f 179/179/179 178/178/178 180/180/180
f 181/181/181 182/182/182 183/183/183
f 183/183/183 184/184/184 181/181/181
f 184/184/184 185/185/185 181/181/181
f 184/184/184 186/186/186 185/185/185
f 186/186/186 187/187/187 185/185/185
f 188/188/188 189/189/189 190/190/190
f 189/189/189 191/191/191 190/190/190
f 192/192/192 193/193/193 194/194/194
f 192/192/192 194/194/194 195/195/195
f 196/196/196 197/197/197 198/198/198
f 196/196/196 198/198/198 199/199/199
f 200/200/200 201/201/201 202/202/202
f 200/200/200 202/202/202 203/203/203
f 204/204/204 205/205/205 206/206/206
f 204/204/204 206/206/206 207/207/207
f 208/208/208 209/209/209 210/210/210
f 210/210/210 211/211/211 208/208/208
f 211/211/211 212/212/212 208/208/208
f 211/211/211 213/213/213 212/212/212
f 214/214/214 215/215/215 216/216/216
f 214/214/214 217/217/217 215/215/215
f 218/218/218 219/219/219 220/220/220
f 218/218/218 220/220/220 221/221/221
f 222/222/222 223/223/223 224/224/224
f 224/224/224 225/225/225 222/222/222
f 225/225/225 226/226/226 222/222/222
f 227/227/227 228/228/228 229/229/229
f 228/228/228 230/230/230 229/229/229
f 231/231/231 232/232/232 233/233/233
f 231/231/231 233/233/233 234/234/234
f 235/235/235 236/236/236 237/237/237
f 237/237/237 238/238/238 235/235/235
f 239/239/239 238/238/238 237/237/237
f 237/237/237 240/240/240 239/239/239
f 238/238/238 241/241/241 235/235/235
f 241/241/241 242/242/242 235/235/235
f 243/243/243 244/244/244 245/245/245
f 245/245/245 246/246/246 243/243/243
f 247/247/247 248/248/248 249/249/249
f 247/247/247 250/250/250 248/248/248
f 251/251/251 252/252/252 253/253/253
f 251/251/251 253/253/253 254/254/254
f 255/255/255 256/256/256 257/257/257
f 255/255/255 257/257/257 258/258/258
f 259/259/259 260/260/260 261/261/261
f 259/259/259 261/261/261 262/262/262
f 263/263/263 264/264/264 265/265/265
f 263/263/263 265/265/265 266/266/266
f 267/267/267 268/268/268 269/269/269
f 267/267/267 269/269/269 270/270/270
f 271/271/271 272/272/272 273/273/273
f 271/271/271 273/273/273 274/274/274
f 275/275/275 276/276/276 277/277/277
f 275/275/275 277/277/277 278/278/278
f 279/279/279 280/280/280 281/281/281
f 279/279/279 281/281/281 282/282/282
f 283/283/283 284/284/284 285/285/285
f 283/283/283 285/285/285 286/286/286
f 287/287/287 288/288/288 289/289/289
f 287/287/287 289/289/289 290/290/290
f 291/291/291 292/292/292 293/293/293
f 291/291/291 293/293/293 294/294/294
f 295/295/295 296/296/296 297/297/297
f 295/295/295 297/297/297 298/298/298
f 299/299/299 300/300/300 301/301/301
f 299/299/299 301/301/301 302/302/302
f 303/303/303 304/304/304 305/305/305
f 303/303/303 305/305/305 306/306/306
f 307/307/307 308/308/308 309/309/309
f 307/307/307 309/309/309 310/310/310
f 311/311/311 312/312/312 313/313/313
f 311/311/311 313/313/313 314/314/314
f 315/315/315 316/316/316 317/317/317
f 315/315/315 317/317/317 318/318/318
f 319/319/319 320/320/320 321/321/321
f 319/319/319 321/321/321 322/322/322
f 323/323/323 324/324/324 325/325/325
f 323/323/323 325/325/325 326/326/326
f 327/327/327 328/328/328 329/329/329
f 327/327/327 329/329/329 330/330/330
f 331/331/331 332/332/332 333/333/333
f 331/331/331 333/333/333 334/334/334
f 335/335/335 336/336/336 337/337/337
f 335/335/335 337/337/337 338/338/338
f 339/339/339 340/340/340 341/341/341
f 339/339/339 341/341/341 342/342/342
f 343/343/343 344/344/344 345/345/345
f 343/343/343 345/345/345 346/346/346
f 347/347/347 348/348/348 349/349/349
f 347/347/347 349/349/349 350/350/350
f 351/351/351 352/352/352 353/353/353
f 351/351/351 353/353/353 354/354/354
f 355/355/355 356/356/356 357/357/357
f 355/355/355 357/357/357 358/358/358
f 359/359/359 360/360/360 361/361/361
f 359/359/359 361/361/361 362/362/362
f 363/363/363 364/364/364 365/365/365
f 363/363/363 365/365/365 366/366/366
f 367/367/367 368/368/368 369/369/369
f 367/367/367 369/369/369 370/370/370
f 371/371/371 372/372/372 373/373/373
f 371/371/371 373/373/373 374/374/374
f 375/375/375 376/376/376 377/377/377
f 375/375/375 377/377/377 378/378/378
f 379/379/379 380/380/380 381/381/381
f 379/379/379 381/381/381 382/382/382
f 383/383/383 384/384/384 385/385/385
f 383/383/383 385/385/385 386/386/386
f 387/387/387 388/388/388 389/389/389
f 387/387/387 389/389/389 390/390/390
f 391/391/391 392/392/392 393/393/393
f 391/391/391 393/393/393 394/394/394
f 395/395/395 396/396/396 397/397/397
f 395/395/395 397/397/397 398/398/398
f 399/399/399 400/400/400 401/401/401
f 399/399/399 401/401/401 402/402/402
f 403/403/403 404/404/404 405/405/405
f 403/403/403 405/405/405 406/406/406
f 407/407/407 408/408/408 409/409/409
f 407/407/407 409/409/409 410/410/410
f 411/411/411 412/412/412 413/413/413
f 411/411/411 413/413/413 414/414/414
f 415/415/415 416/416/416 417/417/417
f 415/415/415 417/417/417 418/418/418
f 419/419/419 420/420/420 421/421/421
f 419/419/419 421/421/421 422/422/422
f 423/423/423 424/424/424 425/425/425
f 423/423/423 425/425/425 426/426/426
