# Unturned item rip -> Godot (Z negated, winding reversed, RH Y-up)
v 0.023532 0.150509 -0.109935
v 0.034480 0.150509 -0.089457
v 0.073700 0.150509 -0.110425
v 0.062752 0.150509 -0.130903
v 0.062752 0.150509 -0.130903
v 0.073700 0.150509 -0.110425
v 0.073700 0.127289 -0.110425
v 0.062752 0.127289 -0.130903
v 0.062752 0.127289 -0.130903
v 0.073700 0.127289 -0.110425
v 0.034480 0.127289 -0.089457
v 0.023532 0.127289 -0.109935
v 0.034480 0.127289 -0.089457
v 0.073700 0.127289 -0.110425
v 0.073700 0.150509 -0.110425
v 0.034480 0.150509 -0.089457
v 0.062752 0.127289 -0.130903
v 0.023532 0.127289 -0.109935
v 0.023532 0.150509 -0.109935
v 0.062752 0.150509 -0.130903
v 0.028854 0.917907 -0.053495
v 0.000000 0.917907 -0.041543
v 0.000000 0.595679 -0.041543
v 0.028854 0.595679 -0.053495
v 0.040806 0.917906 -0.082349
v 0.040806 0.595679 -0.082349
v 0.028854 0.917906 -0.111204
v 0.028854 0.595679 -0.111204
v 0.000000 0.917906 -0.123156
v 0.000000 0.595679 -0.123155
v -0.028854 0.917906 -0.111204
v -0.028854 0.595679 -0.111204
v -0.040806 0.917907 -0.082349
v -0.040806 0.595679 -0.082349
v -0.028854 0.917907 -0.053495
v -0.028854 0.595679 -0.053495
v 0.000000 0.917907 -0.041543
v 0.000000 0.595679 -0.041543
v -0.028854 0.917907 -0.053495
v 0.000000 0.917907 -0.041543
v 0.028854 0.917907 -0.053495
v -0.040806 0.917907 -0.082349
v 0.040806 0.917906 -0.082349
v -0.028854 0.917906 -0.111204
v 0.028854 0.917906 -0.111204
v 0.000000 0.917906 -0.123156
v -0.052958 -0.251489 -0.078637
v -0.052958 -0.247689 -0.021716
v -0.052958 -0.132643 0.022736
v -0.052958 -0.132643 -0.078637
v -0.036652 -0.233605 -0.136801
v -0.036652 -0.132643 -0.136801
v -0.036652 0.198750 -0.136801
v -0.052958 0.198750 -0.078637
v -0.052958 0.198750 0.022736
v 0.052958 -0.274026 0.123443
v 0.052958 -0.536084 0.123443
v -0.052958 -0.536084 0.123443
v -0.052958 -0.274026 0.123443
v 0.036652 -0.233605 -0.136801
v -0.036652 -0.233605 -0.136801
v -0.036652 -0.132643 -0.136801
v 0.036652 -0.132643 -0.136801
v 0.036652 0.198750 -0.136801
v -0.036652 0.198750 -0.136801
v -0.052958 -0.285594 0.175139
v 0.052958 -0.167427 0.187816
v -0.052958 -0.167427 0.187816
v 0.052958 -0.285594 0.175139
v 0.052958 -0.536084 0.175139
v -0.052958 -0.536084 0.175139
v 0.052958 -0.712190 0.175139
v -0.052958 -0.712190 0.175139
v 0.052958 -0.155628 0.131821
v 0.052958 -0.167427 0.187816
v 0.052958 -0.285594 0.175139
v 0.052958 -0.274026 0.123443
v 0.052958 -0.132643 0.022736
v 0.052958 -0.247689 -0.021716
v 0.052958 -0.536084 0.123443
v 0.052958 -0.536084 0.175139
v 0.052958 -0.712190 0.123443
v 0.052958 -0.712190 0.175139
v 0.052958 -0.712190 -0.021716
v 0.052958 -0.536084 -0.021716
v 0.052958 -0.712190 -0.078637
v 0.052958 -0.536084 -0.078637
v 0.052958 -0.251489 -0.078637
v -0.052958 -0.155628 0.131821
v -0.052958 -0.167427 0.187816
v 0.052958 -0.167427 0.187816
v 0.052958 -0.155628 0.131821
v -0.052958 -0.132643 0.022736
v 0.052958 -0.132643 0.022736
v 0.036652 -0.132643 -0.136801
v 0.052958 -0.251489 -0.078637
v 0.036652 -0.233605 -0.136801
v 0.052958 -0.132643 -0.078637
v 0.052958 -0.247689 -0.021716
v 0.052958 -0.132643 0.022736
v 0.052958 0.198750 0.022736
v 0.052958 0.198750 -0.078637
v 0.052958 0.006522 -0.089421
v 0.036652 0.006522 -0.126017
v 0.052958 0.159298 -0.089421
v 0.036652 0.198750 -0.136801
v 0.036652 0.159298 -0.126017
v 0.036652 -0.233605 -0.136801
v 0.052958 -0.251489 -0.078637
v -0.052958 -0.251489 -0.078637
v -0.036652 -0.233605 -0.136801
v 0.036652 0.400773 -0.136801
v 0.036652 0.602795 -0.136801
v 0.052958 0.602795 -0.078637
v 0.052958 0.400773 -0.078637
v 0.036652 0.198750 -0.136801
v 0.052958 0.602795 -0.022423
v 0.052958 0.198750 -0.078637
v 0.052958 0.400773 0.022736
v 0.052958 0.198750 0.022736
v 0.052958 -0.132643 0.022736
v 0.052958 0.198750 0.022736
v -0.052958 0.198750 0.022736
v -0.052958 -0.132643 0.022736
v -0.052958 0.602795 -0.078637
v -0.052958 0.602795 -0.022423
v 0.052958 0.602795 -0.022423
v 0.052958 0.602795 -0.078637
v -0.036652 0.602795 -0.136801
v 0.036652 0.602795 -0.136801
v 0.052958 0.400773 0.022736
v 0.052958 0.602795 -0.022423
v -0.052958 0.602795 -0.022423
v -0.052958 0.400773 0.022736
v 0.052958 0.198750 0.022736
v -0.052958 0.198750 0.022736
v -0.036652 0.400773 -0.136801
v -0.036652 0.602795 -0.136801
v 0.036652 0.602795 -0.136801
v 0.036652 0.400773 -0.136801
v -0.036652 0.198750 -0.136801
v 0.036652 0.198750 -0.136801
v -0.052958 0.400773 0.022736
v -0.052958 0.602795 -0.022423
v -0.052958 0.602795 -0.078637
v -0.052958 0.400773 -0.078637
v -0.052958 0.198750 0.022736
v -0.036652 0.602795 -0.136801
v -0.052958 0.198750 -0.078637
v -0.036652 0.400773 -0.136801
v -0.036652 0.198750 -0.136801
v 0.052958 -0.247689 -0.021716
v 0.052958 -0.274026 0.123443
v -0.052958 -0.274026 0.123443
v -0.052958 -0.247689 -0.021716
v -0.052958 -0.247689 -0.021716
v -0.052958 -0.155628 0.131821
v -0.052958 -0.132643 0.022736
v -0.052958 -0.274026 0.123443
v -0.052958 -0.167427 0.187816
v -0.052958 -0.285594 0.175139
v -0.052958 -0.536084 0.175139
v -0.052958 -0.536084 0.123443
v -0.052958 -0.712190 0.175139
v -0.052958 -0.712190 0.123443
v -0.052958 -0.536084 -0.021716
v -0.052958 -0.251489 -0.078637
v -0.052958 -0.712190 -0.021716
v -0.052958 -0.536084 -0.078637
v -0.052958 -0.712190 -0.078637
v 0.052958 -0.536084 -0.021716
v -0.052958 -0.536084 -0.021716
v -0.052958 -0.536084 0.123443
v 0.052958 -0.536084 0.123443
v 0.052958 -0.251489 -0.078637
v -0.052958 -0.536084 -0.078637
v -0.052958 -0.251489 -0.078637
v 0.052958 -0.536084 -0.078637
v -0.052958 -0.712190 -0.078637
v 0.052958 -0.712190 -0.078637
v -0.052958 -0.247689 -0.021716
v -0.052958 -0.536084 -0.021716
v 0.052958 -0.536084 -0.021716
v 0.052958 -0.247689 -0.021716
v 0.052958 -0.712190 -0.021716
v -0.052958 -0.712190 -0.078637
v 0.052958 -0.712190 -0.078637
v -0.052958 -0.712190 -0.021716
v -0.052958 -0.712190 0.123443
v 0.052958 -0.712190 0.123443
v 0.052958 -0.712190 0.175139
v -0.052958 -0.712190 0.175139
v 0.052958 0.006522 -0.089421
v 0.038623 0.006522 -0.083033
v 0.038623 0.159298 -0.083033
v 0.052958 0.159298 -0.089421
v 0.022316 0.006522 -0.119629
v 0.022316 0.159298 -0.119629
v 0.038623 0.159298 -0.083033
v 0.038623 0.006522 -0.083033
v 0.052958 0.159298 -0.089421
v 0.038623 0.159298 -0.083033
v 0.022316 0.159298 -0.119629
v 0.036652 0.159298 -0.126017
v 0.036652 0.159298 -0.126017
v 0.022316 0.159298 -0.119629
v 0.022316 0.006522 -0.119629
v 0.036652 0.006522 -0.126017
v 0.036652 0.006522 -0.126017
v 0.022316 0.006522 -0.119629
v 0.038623 0.006522 -0.083033
v 0.052958 0.006522 -0.089421
v -0.030803 -0.248260 -0.108755
v -0.030803 -0.251692 -0.095762
v -0.030803 -0.242497 -0.093333
v -0.030803 -0.239065 -0.106326
v 0.030803 -0.239065 -0.106326
v 0.030803 -0.242497 -0.093333
v 0.030803 -0.251692 -0.095762
v 0.030803 -0.248260 -0.108755
v 0.030803 -0.248260 -0.108755
v 0.030803 -0.251692 -0.095762
v -0.030803 -0.251692 -0.095762
v -0.030803 -0.248260 -0.108755
v -0.030803 -0.251692 -0.095762
v 0.030803 -0.251692 -0.095762
v 0.030803 -0.242497 -0.093333
v -0.030803 -0.242497 -0.093333
v 0.030803 -0.248260 -0.108755
v -0.030803 -0.248260 -0.108755
v -0.030803 -0.239065 -0.106326
v 0.030803 -0.239065 -0.106326
v -0.030803 -0.243914 -0.131474
v -0.030803 -0.247347 -0.118481
v -0.030803 -0.238151 -0.116052
v -0.030803 -0.234719 -0.129045
v 0.030803 -0.234719 -0.129045
v 0.030803 -0.238151 -0.116052
v 0.030803 -0.247347 -0.118481
v 0.030803 -0.243914 -0.131474
v 0.030803 -0.243914 -0.131474
v 0.030803 -0.247347 -0.118481
v -0.030803 -0.247347 -0.118481
v -0.030803 -0.243914 -0.131474
v -0.030803 -0.247347 -0.118481
v 0.030803 -0.247347 -0.118481
v 0.030803 -0.238151 -0.116052
v -0.030803 -0.238151 -0.116052
v 0.030803 -0.243914 -0.131474
v -0.030803 -0.243914 -0.131474
v -0.030803 -0.234719 -0.129045
v 0.030803 -0.234719 -0.129045
v 0.028854 0.917907 -0.053495
v 0.000000 0.917907 -0.041543
v 0.000000 0.595679 -0.041543
v 0.028854 0.595679 -0.053495
v 0.040806 0.917906 -0.082349
v 0.040806 0.595679 -0.082349
v 0.028854 0.917906 -0.111204
v 0.028854 0.595679 -0.111204
v 0.000000 0.917906 -0.123156
v 0.000000 0.595679 -0.123155
v -0.028854 0.917906 -0.111204
v -0.028854 0.595679 -0.111204
v -0.040806 0.917907 -0.082349
v -0.040806 0.595679 -0.082349
v -0.028854 0.917907 -0.053495
v -0.028854 0.595679 -0.053495
v 0.000000 0.917907 -0.041543
v 0.000000 0.595679 -0.041543
v -0.028854 0.917907 -0.053495
v 0.000000 0.917907 -0.041543
v 0.028854 0.917907 -0.053495
v -0.040806 0.917907 -0.082349
v 0.040806 0.917906 -0.082349
v -0.028854 0.917906 -0.111204
v 0.028854 0.917906 -0.111204
v 0.000000 0.917906 -0.123156
v -0.052958 -0.251489 -0.078637
v -0.052958 -0.247689 -0.021716
v -0.052958 -0.132643 0.022736
v -0.052958 -0.132643 -0.078637
v -0.036652 -0.233605 -0.136801
v -0.036652 -0.132643 -0.136801
v -0.036652 0.198750 -0.136801
v -0.052958 0.198750 -0.078637
v -0.052958 0.198750 0.022736
v 0.052958 -0.274026 0.123443
v 0.052958 -0.536084 0.123443
v -0.052958 -0.536084 0.123443
v -0.052958 -0.274026 0.123443
v 0.036652 -0.233605 -0.136801
v -0.036652 -0.233605 -0.136801
v -0.036652 -0.132643 -0.136801
v 0.036652 -0.132643 -0.136801
v 0.036652 0.198750 -0.136801
v -0.036652 0.198750 -0.136801
v -0.052958 -0.285594 0.175139
v 0.052958 -0.167427 0.187816
v -0.052958 -0.167427 0.187816
v 0.052958 -0.285594 0.175139
v 0.052958 -0.536084 0.175139
v -0.052958 -0.536084 0.175139
v 0.052958 -0.712190 0.175139
v -0.052958 -0.712190 0.175139
v 0.052958 -0.155628 0.131821
v 0.052958 -0.167427 0.187816
v 0.052958 -0.285594 0.175139
v 0.052958 -0.274026 0.123443
v 0.052958 -0.132643 0.022736
v 0.052958 -0.247689 -0.021716
v 0.052958 -0.536084 0.123443
v 0.052958 -0.536084 0.175139
v 0.052958 -0.712190 0.123443
v 0.052958 -0.712190 0.175139
v 0.052958 -0.712190 -0.021716
v 0.052958 -0.536084 -0.021716
v 0.052958 -0.712190 -0.078637
v 0.052958 -0.536084 -0.078637
v 0.052958 -0.251489 -0.078637
v -0.052958 -0.155628 0.131821
v -0.052958 -0.167427 0.187816
v 0.052958 -0.167427 0.187816
v 0.052958 -0.155628 0.131821
v -0.052958 -0.132643 0.022736
v 0.052958 -0.132643 0.022736
v 0.036652 -0.132643 -0.136801
v 0.052958 -0.251489 -0.078637
v 0.036652 -0.233605 -0.136801
v 0.052958 -0.132643 -0.078637
v 0.052958 -0.247689 -0.021716
v 0.052958 -0.132643 0.022736
v 0.052958 0.198750 0.022736
v 0.052958 0.198750 -0.078637
v 0.052958 0.006522 -0.089421
v 0.036652 0.006522 -0.126017
v 0.052958 0.159298 -0.089421
v 0.036652 0.198750 -0.136801
v 0.036652 0.159298 -0.126017
v 0.036652 -0.233605 -0.136801
v 0.052958 -0.251489 -0.078637
v -0.052958 -0.251489 -0.078637
v -0.036652 -0.233605 -0.136801
v 0.036652 0.400773 -0.136801
v 0.036652 0.602795 -0.136801
v 0.052958 0.602795 -0.078637
v 0.052958 0.400773 -0.078637
v 0.036652 0.198750 -0.136801
v 0.052958 0.602795 -0.022423
v 0.052958 0.198750 -0.078637
v 0.052958 0.400773 0.022736
v 0.052958 0.198750 0.022736
v 0.052958 -0.132643 0.022736
v 0.052958 0.198750 0.022736
v -0.052958 0.198750 0.022736
v -0.052958 -0.132643 0.022736
v -0.052958 0.602795 -0.078637
v -0.052958 0.602795 -0.022423
v 0.052958 0.602795 -0.022423
v 0.052958 0.602795 -0.078637
v -0.036652 0.602795 -0.136801
v 0.036652 0.602795 -0.136801
v 0.052958 0.400773 0.022736
v 0.052958 0.602795 -0.022423
v -0.052958 0.602795 -0.022423
v -0.052958 0.400773 0.022736
v 0.052958 0.198750 0.022736
v -0.052958 0.198750 0.022736
v -0.036652 0.400773 -0.136801
v -0.036652 0.602795 -0.136801
v 0.036652 0.602795 -0.136801
v 0.036652 0.400773 -0.136801
v -0.036652 0.198750 -0.136801
v 0.036652 0.198750 -0.136801
v -0.052958 0.400773 0.022736
v -0.052958 0.602795 -0.022423
v -0.052958 0.602795 -0.078637
v -0.052958 0.400773 -0.078637
v -0.052958 0.198750 0.022736
v -0.036652 0.602795 -0.136801
v -0.052958 0.198750 -0.078637
v -0.036652 0.400773 -0.136801
v -0.036652 0.198750 -0.136801
v 0.052958 -0.247689 -0.021716
v 0.052958 -0.274026 0.123443
v -0.052958 -0.274026 0.123443
v -0.052958 -0.247689 -0.021716
v -0.052958 -0.247689 -0.021716
v -0.052958 -0.155628 0.131821
v -0.052958 -0.132643 0.022736
v -0.052958 -0.274026 0.123443
v -0.052958 -0.167427 0.187816
v -0.052958 -0.285594 0.175139
v -0.052958 -0.536084 0.175139
v -0.052958 -0.536084 0.123443
v -0.052958 -0.712190 0.175139
v -0.052958 -0.712190 0.123443
v -0.052958 -0.536084 -0.021716
v -0.052958 -0.251489 -0.078637
v -0.052958 -0.712190 -0.021716
v -0.052958 -0.536084 -0.078637
v -0.052958 -0.712190 -0.078637
v 0.052958 -0.536084 -0.021716
v -0.052958 -0.536084 -0.021716
v -0.052958 -0.536084 0.123443
v 0.052958 -0.536084 0.123443
v 0.052958 -0.251489 -0.078637
v -0.052958 -0.536084 -0.078637
v -0.052958 -0.251489 -0.078637
v 0.052958 -0.536084 -0.078637
v -0.052958 -0.712190 -0.078637
v 0.052958 -0.712190 -0.078637
v -0.052958 -0.247689 -0.021716
v -0.052958 -0.536084 -0.021716
v 0.052958 -0.536084 -0.021716
v 0.052958 -0.247689 -0.021716
v 0.052958 -0.712190 -0.021716
v -0.052958 -0.712190 -0.078637
v 0.052958 -0.712190 -0.078637
v -0.052958 -0.712190 -0.021716
v -0.052958 -0.712190 0.123443
v 0.052958 -0.712190 0.123443
v 0.052958 -0.712190 0.175139
v -0.052958 -0.712190 0.175139
v 0.036652 0.006522 -0.126017
v 0.036652 0.159298 -0.126017
v 0.052958 0.159298 -0.089421
v 0.052958 0.006522 -0.089421
vt 0.950479984 0.145062
vt 0.950479984 0.126660004
vt 0.91523701 0.126660004
vt 0.91523701 0.145061001
vt 0.91523701 0.145061001
vt 0.91523701 0.126660004
vt 0.896835029 0.126660004
vt 0.896835029 0.145061001
vt 0.896835029 0.145061001
vt 0.896835029 0.126660004
vt 0.861591995 0.126660004
vt 0.861591995 0.145061001
vt 0.896835029 0.0914169997
vt 0.896835029 0.126660004
vt 0.91523701 0.126660004
vt 0.915235996 0.0914169997
vt 0.896835029 0.145061001
vt 0.896835029 0.180305004
vt 0.915235996 0.180305004
vt 0.91523701 0.145061001
vt 0.648504972 0.491055012
vt 0.648504972 0.466304988
vt 0.393155009 0.466306001
vt 0.393155009 0.491055995
vt 0.648504972 0.515803993
vt 0.393155009 0.515805006
vt 0.648504972 0.540553987
vt 0.393155009 0.540555
vt 0.648504972 0.565303028
vt 0.393155009 0.565303981
vt 0.648505986 0.590053022
vt 0.393155009 0.590053976
vt 0.648505986 0.614803016
vt 0.393155009 0.614803016
vt 0.648505986 0.63955301
vt 0.393155009 0.63955301
vt 0.648505986 0.664303005
vt 0.393155009 0.664303005
vt 0.901934028 0.698777974
vt 0.877184987 0.698777974
vt 0.85968399 0.71627897
vt 0.919435024 0.71627897
vt 0.85968399 0.741028011
vt 0.919435024 0.741028011
vt 0.877184987 0.758529007
vt 0.901934028 0.758529007
vt 0.0142790005 0.571465015
vt 0.0172729995 0.616572976
vt 0.108427003 0.651835978
vt 0.108459003 0.571502984
vt 0.0284700003 0.523600996
vt 0.108478002 0.523633003
vt 0.371091992 0.52373898
vt 0.371073008 0.571608007
vt 0.371041 0.651941001
vt 0.331818014 0.698777974
vt 0.124149002 0.698777974
vt 0.124149002 0.782711983
vt 0.331818014 0.782711983
vt 0.486618996 0.0150899999
vt 0.486618996 0.0731799975
vt 0.566627026 0.0731799975
vt 0.566627026 0.0150899999
vt 0.829240978 0.0150899999
vt 0.829240978 0.0731799975
vt 0.685598016 0.800948977
vt 0.779778004 0.884882987
vt 0.779778004 0.800948977
vt 0.685598016 0.884882987
vt 0.487096012 0.884882987
vt 0.487096012 0.800948977
vt 0.347541004 0.884881973
vt 0.347541004 0.800948024
vt 0.450177997 0.278035998
vt 0.440809011 0.233666003
vt 0.347173005 0.243752003
vt 0.356357008 0.284714013
vt 0.468427986 0.364470989
vt 0.377276003 0.399735004
vt 0.14869 0.284799993
vt 0.148673996 0.243834004
vt 0.00913400017 0.284853995
vt 0.00911800005 0.243888006
vt 0.00917799957 0.399886996
vt 0.148735002 0.399832994
vt 0.00919499993 0.444994986
vt 0.148752004 0.444941014
vt 0.374282986 0.444853991
vt 0.881947994 0.846297026
vt 0.881947994 0.800948977
vt 0.798013985 0.800948024
vt 0.798013985 0.846297026
vt 0.881947994 0.93463999
vt 0.798013985 0.93463999
vt 0.581353009 0.220229
vt 0.486618996 0.172021002
vt 0.500840008 0.220171005
vt 0.581341028 0.171900004
vt 0.489645988 0.126719996
vt 0.581206024 0.0914169997
vt 0.843356013 0.0914169997
vt 0.843356013 0.171608001
vt 0.691498995 0.18028
vt 0.691420019 0.211750999
vt 0.811986983 0.180179
vt 0.843123019 0.220278993
vt 0.811701 0.211748004
vt 0.918488979 0.0731799975
vt 0.931411028 0.0249579996
vt 0.847477019 0.0249579996
vt 0.860399008 0.0731799975
vt 0.169211999 0.929150999
vt 0.329304993 0.929150999
vt 0.329304993 0.881281018
vt 0.169211 0.881281018
vt 0.00911800005 0.929150999
vt 0.329304993 0.836733997
vt 0.00911800005 0.881281018
vt 0.169211 0.800948024
vt 0.00911800005 0.800948024
vt 0.66674298 0.562125027
vt 0.929355979 0.562125027
vt 0.929355979 0.478190988
vt 0.66674298 0.478190988
vt 0.984117985 0.845494986
vt 0.984117985 0.800948024
vt 0.900183976 0.800948977
vt 0.900183976 0.845494986
vt 0.971195996 0.891587973
vt 0.913106024 0.891587973
vt 0.826838017 0.664299011
vt 0.990881979 0.664295018
vt 0.990880013 0.580362022
vt 0.82683599 0.580365002
vt 0.666743994 0.664303005
vt 0.66674298 0.580368996
vt 0.648458004 0.448069006
vt 0.808551013 0.448069006
vt 0.808551013 0.389977992
vt 0.648458004 0.389977992
vt 0.488364011 0.448069006
vt 0.488364011 0.389977992
vt 0.648458004 0.366773009
vt 0.808562994 0.331041992
vt 0.808579028 0.286495
vt 0.648485005 0.286440015
vt 0.488364011 0.366717994
vt 0.808595002 0.238625005
vt 0.488391995 0.286385
vt 0.648501992 0.238570005
vt 0.488409013 0.238515005
vt 0.448727995 0.698777974
vt 0.331818014 0.698777974
vt 0.331818014 0.782711983
vt 0.448727995 0.782711983
vt 0.377216995 0.0542340018
vt 0.450165987 0.175906003
vt 0.468383014 0.089463003
vt 0.356341988 0.169264004
vt 0.440813988 0.220278993
vt 0.347173005 0.210229993
vt 0.148673996 0.210225001
vt 0.148673996 0.169258997
vt 0.00911800005 0.210225001
vt 0.00911800005 0.169258997
vt 0.148673996 0.0542259999
vt 0.37420401 0.00911800005
vt 0.00911800005 0.0542269982
vt 0.148673996 0.00911900029
vt 0.00911800005 0.00911999959
vt 0.00911800005 0.698777974
vt 0.00911800005 0.782711983
vt 0.124149002 0.782711983
vt 0.124149002 0.698777974
vt 0.712625027 0.903119028
vt 0.487096012 0.987052977
vt 0.712625027 0.987052977
vt 0.487096012 0.903119028
vt 0.347541004 0.987052977
vt 0.347541004 0.903119028
vt 0.448727995 0.782711983
vt 0.677268982 0.782711983
vt 0.677268982 0.698777974
vt 0.448727995 0.698777974
vt 0.910764992 0.394513011
vt 0.826830983 0.439619988
vt 0.910764992 0.439619988
vt 0.826830983 0.394513011
vt 0.826830983 0.279482007
vt 0.910764992 0.279482007
vt 0.910764992 0.238515005
vt 0.826830983 0.238515005
vt 0.707942009 0.698777974
vt 0.707942009 0.711215019
vt 0.829011023 0.711215019
vt 0.829011023 0.698777974
vt 0.707942009 0.742964029
vt 0.829011023 0.742964029
vt 0.829011023 0.711215019
vt 0.707942009 0.711215019
vt 0.841448009 0.711215019
vt 0.829011023 0.711215019
vt 0.829011023 0.742964029
vt 0.841448009 0.742964029
vt 0.829011023 0.755401015
vt 0.829011023 0.742964029
vt 0.707942009 0.742964029
vt 0.707942009 0.755401015
vt 0.695505023 0.742964029
vt 0.707942009 0.742964029
vt 0.707942009 0.711215019
vt 0.695505023 0.711215019
vt 0.907720983 0.928011
vt 0.907720983 0.917361021
vt 0.900183976 0.917361021
vt 0.900183976 0.928011
vt 0.964079022 0.928011
vt 0.964079022 0.917361021
vt 0.956542015 0.917361021
vt 0.956542015 0.928011
vt 0.956542015 0.928011
vt 0.956542015 0.917361021
vt 0.907720983 0.917361021
vt 0.907720983 0.928011
vt 0.907720983 0.917361021
vt 0.956542015 0.917361021
vt 0.956542015 0.909824014
vt 0.907720983 0.909824014
vt 0.956542015 0.928011
vt 0.907720983 0.928011
vt 0.907720983 0.935548007
vt 0.956542015 0.935548007
vt 0.272947013 0.965574026
vt 0.272947013 0.954923987
vt 0.265410006 0.954923987
vt 0.265410006 0.965574026
vt 0.329304993 0.965574026
vt 0.329304993 0.954923987
vt 0.321767986 0.954923987
vt 0.321767986 0.965574026
vt 0.321767986 0.965574026
vt 0.321767986 0.954923987
vt 0.272947013 0.954923987
vt 0.272947013 0.965574026
vt 0.272947013 0.954923987
vt 0.321767986 0.954923987
vt 0.321767986 0.94738698
vt 0.272947013 0.94738698
vt 0.321767986 0.965574026
vt 0.272947013 0.965574026
vt 0.272947013 0.973110974
vt 0.321767986 0.973110974
vt 0.648504972 0.491055012
vt 0.648504972 0.466304988
vt 0.393155009 0.466306001
vt 0.393155009 0.491055995
vt 0.648504972 0.515803993
vt 0.393155009 0.515805006
vt 0.648504972 0.540553987
vt 0.393155009 0.540555
vt 0.648504972 0.565303028
vt 0.393155009 0.565303981
vt 0.648505986 0.590053022
vt 0.393155009 0.590053976
vt 0.648505986 0.614803016
vt 0.393155009 0.614803016
vt 0.648505986 0.63955301
vt 0.393155009 0.63955301
vt 0.648505986 0.664303005
vt 0.393155009 0.664303005
vt 0.901934028 0.698777974
vt 0.877184987 0.698777974
vt 0.85968399 0.71627897
vt 0.919435024 0.71627897
vt 0.85968399 0.741028011
vt 0.919435024 0.741028011
vt 0.877184987 0.758529007
vt 0.901934028 0.758529007
vt 0.0142790005 0.571465015
vt 0.0172729995 0.616572976
vt 0.108427003 0.651835978
vt 0.108459003 0.571502984
vt 0.0284700003 0.523600996
vt 0.108478002 0.523633003
vt 0.371091992 0.52373898
vt 0.371073008 0.571608007
vt 0.371041 0.651941001
vt 0.331818014 0.698777974
vt 0.124149002 0.698777974
vt 0.124149002 0.782711983
vt 0.331818014 0.782711983
vt 0.486618996 0.0150899999
vt 0.486618996 0.0731799975
vt 0.566627026 0.0731799975
vt 0.566627026 0.0150899999
vt 0.829240978 0.0150899999
vt 0.829240978 0.0731799975
vt 0.685598016 0.800948977
vt 0.779778004 0.884882987
vt 0.779778004 0.800948977
vt 0.685598016 0.884882987
vt 0.487096012 0.884882987
vt 0.487096012 0.800948977
vt 0.347541004 0.884881973
vt 0.347541004 0.800948024
vt 0.450177997 0.278035998
vt 0.440809011 0.233666003
vt 0.347173005 0.243752003
vt 0.356357008 0.284714013
vt 0.468427986 0.364470989
vt 0.377276003 0.399735004
vt 0.14869 0.284799993
vt 0.148673996 0.243834004
vt 0.00913400017 0.284853995
vt 0.00911800005 0.243888006
vt 0.00917799957 0.399886996
vt 0.148735002 0.399832994
vt 0.00919499993 0.444994986
vt 0.148752004 0.444941014
vt 0.374282986 0.444853991
vt 0.881947994 0.846297026
vt 0.881947994 0.800948977
vt 0.798013985 0.800948024
vt 0.798013985 0.846297026
vt 0.881947994 0.93463999
vt 0.798013985 0.93463999
vt 0.581353009 0.220229
vt 0.486618996 0.172021002
vt 0.500840008 0.220171005
vt 0.581341028 0.171900004
vt 0.489645988 0.126719996
vt 0.581206024 0.0914169997
vt 0.843356013 0.0914169997
vt 0.843356013 0.171608001
vt 0.691498995 0.18028
vt 0.691420019 0.211750999
vt 0.811986983 0.180179
vt 0.843123019 0.220278993
vt 0.811701 0.211748004
vt 0.918488979 0.0731799975
vt 0.931411028 0.0249579996
vt 0.847477019 0.0249579996
vt 0.860399008 0.0731799975
vt 0.169211999 0.929150999
vt 0.329304993 0.929150999
vt 0.329304993 0.881281018
vt 0.169211 0.881281018
vt 0.00911800005 0.929150999
vt 0.329304993 0.836733997
vt 0.00911800005 0.881281018
vt 0.169211 0.800948024
vt 0.00911800005 0.800948024
vt 0.66674298 0.562125027
vt 0.929355979 0.562125027
vt 0.929355979 0.478190988
vt 0.66674298 0.478190988
vt 0.984117985 0.845494986
vt 0.984117985 0.800948024
vt 0.900183976 0.800948977
vt 0.900183976 0.845494986
vt 0.971195996 0.891587973
vt 0.913106024 0.891587973
vt 0.826838017 0.664299011
vt 0.990881979 0.664295018
vt 0.990880013 0.580362022
vt 0.82683599 0.580365002
vt 0.666743994 0.664303005
vt 0.66674298 0.580368996
vt 0.648458004 0.448069006
vt 0.808551013 0.448069006
vt 0.808551013 0.389977992
vt 0.648458004 0.389977992
vt 0.488364011 0.448069006
vt 0.488364011 0.389977992
vt 0.648458004 0.366773009
vt 0.808562994 0.331041992
vt 0.808579028 0.286495
vt 0.648485005 0.286440015
vt 0.488364011 0.366717994
vt 0.808595002 0.238625005
vt 0.488391995 0.286385
vt 0.648501992 0.238570005
vt 0.488409013 0.238515005
vt 0.448727995 0.698777974
vt 0.331818014 0.698777974
vt 0.331818014 0.782711983
vt 0.448727995 0.782711983
vt 0.377216995 0.0542340018
vt 0.450165987 0.175906003
vt 0.468383014 0.089463003
vt 0.356341988 0.169264004
vt 0.440813988 0.220278993
vt 0.347173005 0.210229993
vt 0.148673996 0.210225001
vt 0.148673996 0.169258997
vt 0.00911800005 0.210225001
vt 0.00911800005 0.169258997
vt 0.148673996 0.0542259999
vt 0.37420401 0.00911800005
vt 0.00911800005 0.0542269982
vt 0.148673996 0.00911900029
vt 0.00911800005 0.00911999959
vt 0.00911800005 0.698777974
vt 0.00911800005 0.782711983
vt 0.124149002 0.782711983
vt 0.124149002 0.698777974
vt 0.712625027 0.903119028
vt 0.487096012 0.987052977
vt 0.712625027 0.987052977
vt 0.487096012 0.903119028
vt 0.347541004 0.987052977
vt 0.347541004 0.903119028
vt 0.448727995 0.782711983
vt 0.677268982 0.782711983
vt 0.677268982 0.698777974
vt 0.448727995 0.698777974
vt 0.910764992 0.394513011
vt 0.826830983 0.439619988
vt 0.910764992 0.439619988
vt 0.826830983 0.394513011
vt 0.826830983 0.279482007
vt 0.910764992 0.279482007
vt 0.910764992 0.238515005
vt 0.826830983 0.238515005
vt 0.707942009 0.742964029
vt 0.829011023 0.742964029
vt 0.829011023 0.711215019
vt 0.707942009 0.711215019
vn 0.000000 1.000000 0.000000
vn 0.000000 1.000000 0.000000
vn 0.000000 1.000000 0.000000
vn 0.000000 1.000000 0.000000
vn 0.881880 0.000000 -0.471473
vn 0.881880 0.000000 -0.471473
vn 0.881880 0.000000 -0.471473
vn 0.881880 0.000000 -0.471473
vn 0.000000 -1.000000 -0.000000
vn 0.000000 -1.000000 -0.000000
vn 0.000000 -1.000000 -0.000000
vn 0.000000 -1.000000 -0.000000
vn 0.471475 -0.000000 0.881879
vn 0.471475 -0.000000 0.881879
vn 0.471475 -0.000000 0.881879
vn 0.471475 -0.000000 0.881879
vn -0.471475 0.000000 -0.881879
vn -0.471475 0.000000 -0.881879
vn -0.471475 0.000000 -0.881879
vn -0.471475 0.000000 -0.881879
vn 0.707107 -0.000000 0.707107
vn 0.000000 -0.000000 1.000000
vn 0.000000 -0.000000 1.000000
vn 0.707107 -0.000000 0.707107
vn 1.000000 0.000000 -0.000000
vn 1.000000 0.000000 -0.000000
vn 0.707106 0.000000 -0.707108
vn 0.707106 0.000000 -0.707108
vn 0.000000 0.000000 -1.000000
vn 0.000000 0.000000 -1.000000
vn -0.707106 0.000000 -0.707108
vn -0.707106 0.000000 -0.707108
vn -1.000000 0.000000 -0.000000
vn -1.000000 0.000000 -0.000000
vn -0.707107 -0.000000 0.707107
vn -0.707107 -0.000000 0.707107
vn 0.000000 -0.000000 1.000000
vn 0.000000 -0.000000 1.000000
vn 0.000000 1.000000 0.000000
vn 0.000000 1.000000 0.000000
vn 0.000000 1.000000 0.000000
vn 0.000000 1.000000 0.000000
vn 0.000000 1.000000 0.000000
vn 0.000000 1.000000 0.000000
vn 0.000000 1.000000 0.000000
vn 0.000000 1.000000 0.000000
vn -0.995875 0.000000 -0.090731
vn -1.000000 0.000000 -0.000000
vn -1.000000 0.000000 -0.000000
vn -0.990676 0.000000 -0.136239
vn -0.962878 0.000000 -0.269938
vn -0.962878 0.000000 -0.269938
vn -0.962878 0.000000 -0.269938
vn -0.990676 0.000000 -0.136239
vn -1.000000 0.000000 -0.000000
vn 0.000000 0.000000 -1.000000
vn 0.000000 0.000000 -1.000000
vn 0.000000 0.000000 -1.000000
vn 0.000000 0.000000 -1.000000
vn 0.000000 0.000000 -1.000000
vn 0.000000 0.000000 -1.000000
vn 0.000000 0.000000 -1.000000
vn 0.000000 0.000000 -1.000000
vn 0.000000 0.000000 -1.000000
vn 0.000000 0.000000 -1.000000
vn 0.000000 -0.053410 0.998573
vn 0.000000 -0.106668 0.994295
vn 0.000000 -0.106668 0.994295
vn 0.000000 -0.053410 0.998573
vn 0.000000 -0.000000 1.000000
vn 0.000000 -0.000000 1.000000
vn 0.000000 -0.000000 1.000000
vn 0.000000 -0.000000 1.000000
vn 1.000000 0.000000 -0.000000
vn 1.000000 0.000000 -0.000000
vn 1.000000 0.000000 -0.000000
vn 1.000000 0.000000 -0.000000
vn 1.000000 0.000000 -0.000000
vn 1.000000 0.000000 -0.000000
vn 1.000000 0.000000 -0.000000
vn 1.000000 0.000000 -0.000000
vn 1.000000 0.000000 -0.000000
vn 1.000000 0.000000 -0.000000
vn 1.000000 0.000000 -0.000000
vn 1.000000 0.000000 -0.000000
vn 1.000000 0.000000 -0.000000
vn 1.000000 0.000000 -0.000000
vn 0.995875 0.000000 -0.090731
vn 0.000000 0.978513 0.206184
vn 0.000000 0.978512 0.206188
vn 0.000000 0.978512 0.206188
vn 0.000000 0.978513 0.206184
vn 0.000000 0.978514 0.206180
vn 0.000000 0.978514 0.206180
vn 0.979685 0.000000 -0.200542
vn 0.995875 0.000000 -0.090731
vn 0.962878 0.000000 -0.269938
vn 0.992724 0.000000 -0.120410
vn 1.000000 0.000000 -0.000000
vn 1.000000 0.000000 -0.000000
vn 1.000000 0.000000 -0.000000
vn 0.992724 0.000000 -0.120410
vn 0.986298 0.000000 -0.164971
vn 0.986298 0.000000 -0.164971
vn 0.986298 0.000000 -0.164971
vn 0.979685 0.000000 -0.200542
vn 0.986298 0.000000 -0.164971
vn 0.000000 -0.955837 -0.293897
vn 0.000000 -0.955837 -0.293897
vn 0.000000 -0.955837 -0.293897
vn 0.000000 -0.955837 -0.293897
vn 0.962878 0.000000 -0.269938
vn 0.962878 0.000000 -0.269938
vn 0.990676 0.000000 -0.136239
vn 0.990676 0.000000 -0.136239
vn 0.979685 0.000000 -0.200542
vn 1.000000 0.000000 -0.000000
vn 0.992724 0.000000 -0.120410
vn 1.000000 0.000000 -0.000000
vn 1.000000 0.000000 -0.000000
vn 0.000000 -0.000000 1.000000
vn 0.000000 -0.000000 1.000000
vn 0.000000 -0.000000 1.000000
vn 0.000000 -0.000000 1.000000
vn 0.000000 1.000000 0.000000
vn 0.000000 1.000000 0.000000
vn 0.000000 1.000000 0.000000
vn 0.000000 1.000000 0.000000
vn 0.000000 1.000000 0.000000
vn 0.000000 1.000000 0.000000
vn 0.000000 0.109738 0.993961
vn 0.000000 0.218151 0.975915
vn 0.000000 0.218151 0.975915
vn 0.000000 0.109738 0.993961
vn 0.000000 -0.000000 1.000000
vn 0.000000 -0.000000 1.000000
vn 0.000000 0.000000 -1.000000
vn 0.000000 0.000000 -1.000000
vn 0.000000 0.000000 -1.000000
vn 0.000000 0.000000 -1.000000
vn 0.000000 0.000000 -1.000000
vn 0.000000 0.000000 -1.000000
vn -1.000000 0.000000 -0.000000
vn -1.000000 0.000000 -0.000000
vn -0.990676 0.000000 -0.136239
vn -0.990676 0.000000 -0.136239
vn -1.000000 0.000000 -0.000000
vn -0.962878 0.000000 -0.269938
vn -0.990676 0.000000 -0.136239
vn -0.962878 0.000000 -0.269938
vn -0.962878 0.000000 -0.269938
vn 0.000000 -0.983936 -0.178521
vn 0.000000 -0.983936 -0.178521
vn 0.000000 -0.983936 -0.178521
vn 0.000000 -0.983936 -0.178521
vn -1.000000 0.000000 -0.000000
vn -1.000000 0.000000 -0.000000
vn -1.000000 0.000000 -0.000000
vn -1.000000 0.000000 -0.000000
vn -1.000000 0.000000 -0.000000
vn -1.000000 0.000000 -0.000000
vn -1.000000 0.000000 -0.000000
vn -1.000000 0.000000 -0.000000
vn -1.000000 0.000000 -0.000000
vn -1.000000 0.000000 -0.000000
vn -1.000000 0.000000 -0.000000
vn -0.995875 0.000000 -0.090731
vn -1.000000 0.000000 -0.000000
vn -1.000000 0.000000 -0.000000
vn -1.000000 0.000000 -0.000000
vn 0.000000 1.000000 0.000000
vn 0.000000 1.000000 0.000000
vn 0.000000 1.000000 0.000000
vn 0.000000 1.000000 0.000000
vn 0.000000 0.000000 -1.000000
vn 0.000000 0.000000 -1.000000
vn 0.000000 0.000000 -1.000000
vn 0.000000 0.000000 -1.000000
vn 0.000000 0.000000 -1.000000
vn 0.000000 0.000000 -1.000000
vn 0.000000 -0.000000 1.000000
vn 0.000000 -0.000000 1.000000
vn 0.000000 -0.000000 1.000000
vn 0.000000 -0.000000 1.000000
vn 0.000000 -1.000000 -0.000000
vn 0.000000 -1.000000 -0.000000
vn 0.000000 -1.000000 -0.000000
vn 0.000000 -1.000000 -0.000000
vn 0.000000 -1.000000 -0.000000
vn 0.000000 -1.000000 -0.000000
vn 0.000000 -1.000000 -0.000000
vn 0.000000 -1.000000 -0.000000
vn -0.407037 0.000000 -0.913412
vn -0.407037 0.000000 -0.913412
vn -0.407037 0.000000 -0.913412
vn -0.407037 0.000000 -0.913412
vn 0.913421 0.000000 -0.407016
vn 0.913421 0.000000 -0.407016
vn 0.913421 0.000000 -0.407016
vn 0.913421 0.000000 -0.407016
vn 0.000000 -1.000000 -0.000000
vn 0.000000 -1.000000 -0.000000
vn 0.000000 -1.000000 -0.000000
vn 0.000000 -1.000000 -0.000000
vn 0.407013 -0.000000 0.913422
vn 0.407013 -0.000000 0.913422
vn 0.407013 -0.000000 0.913422
vn 0.407013 -0.000000 0.913422
vn 0.000000 1.000000 0.000000
vn 0.000000 1.000000 0.000000
vn 0.000000 1.000000 0.000000
vn 0.000000 1.000000 0.000000
vn -1.000000 0.000000 -0.000000
vn -1.000000 0.000000 -0.000000
vn -1.000000 0.000000 -0.000000
vn -1.000000 0.000000 -0.000000
vn 1.000000 0.000000 -0.000000
vn 1.000000 0.000000 -0.000000
vn 1.000000 0.000000 -0.000000
vn 1.000000 0.000000 -0.000000
vn 0.000000 -0.966840 -0.255383
vn 0.000000 -0.966840 -0.255383
vn 0.000000 -0.966840 -0.255383
vn 0.000000 -0.966840 -0.255383
vn 0.000000 -0.255404 0.966834
vn 0.000000 -0.255404 0.966834
vn 0.000000 -0.255404 0.966834
vn 0.000000 -0.255404 0.966834
vn 0.000000 0.255404 -0.966834
vn 0.000000 0.255404 -0.966834
vn 0.000000 0.255404 -0.966834
vn 0.000000 0.255404 -0.966834
vn -1.000000 0.000000 -0.000000
vn -1.000000 0.000000 -0.000000
vn -1.000000 0.000000 -0.000000
vn -1.000000 0.000000 -0.000000
vn 1.000000 0.000000 -0.000000
vn 1.000000 0.000000 -0.000000
vn 1.000000 0.000000 -0.000000
vn 1.000000 0.000000 -0.000000
vn 0.000000 -0.966821 -0.255453
vn 0.000000 -0.966821 -0.255453
vn 0.000000 -0.966821 -0.255453
vn 0.000000 -0.966821 -0.255453
vn 0.000000 -0.255378 0.966841
vn 0.000000 -0.255378 0.966841
vn 0.000000 -0.255378 0.966841
vn 0.000000 -0.255378 0.966841
vn 0.000000 0.255405 -0.966834
vn 0.000000 0.255405 -0.966834
vn 0.000000 0.255405 -0.966834
vn 0.000000 0.255405 -0.966834
vn 0.707107 -0.000000 0.707107
vn 0.000000 -0.000000 1.000000
vn 0.000000 -0.000000 1.000000
vn 0.707107 -0.000000 0.707107
vn 1.000000 0.000000 -0.000000
vn 1.000000 0.000000 -0.000000
vn 0.707106 0.000000 -0.707108
vn 0.707106 0.000000 -0.707108
vn 0.000000 0.000000 -1.000000
vn 0.000000 0.000000 -1.000000
vn -0.707106 0.000000 -0.707108
vn -0.707106 0.000000 -0.707108
vn -1.000000 0.000000 -0.000000
vn -1.000000 0.000000 -0.000000
vn -0.707107 -0.000000 0.707107
vn -0.707107 -0.000000 0.707107
vn 0.000000 -0.000000 1.000000
vn 0.000000 -0.000000 1.000000
vn 0.000000 1.000000 0.000000
vn 0.000000 1.000000 0.000000
vn 0.000000 1.000000 0.000000
vn 0.000000 1.000000 0.000000
vn 0.000000 1.000000 0.000000
vn 0.000000 1.000000 0.000000
vn 0.000000 1.000000 0.000000
vn 0.000000 1.000000 0.000000
vn -0.995875 0.000000 -0.090731
vn -1.000000 0.000000 -0.000000
vn -1.000000 0.000000 -0.000000
vn -0.990676 0.000000 -0.136239
vn -0.962878 0.000000 -0.269938
vn -0.962878 0.000000 -0.269938
vn -0.962878 0.000000 -0.269938
vn -0.990676 0.000000 -0.136239
vn -1.000000 0.000000 -0.000000
vn 0.000000 0.000000 -1.000000
vn 0.000000 0.000000 -1.000000
vn 0.000000 0.000000 -1.000000
vn 0.000000 0.000000 -1.000000
vn 0.000000 0.000000 -1.000000
vn 0.000000 0.000000 -1.000000
vn 0.000000 0.000000 -1.000000
vn 0.000000 0.000000 -1.000000
vn 0.000000 0.000000 -1.000000
vn 0.000000 0.000000 -1.000000
vn 0.000000 -0.053410 0.998573
vn 0.000000 -0.106668 0.994295
vn 0.000000 -0.106668 0.994295
vn 0.000000 -0.053410 0.998573
vn 0.000000 -0.000000 1.000000
vn 0.000000 -0.000000 1.000000
vn 0.000000 -0.000000 1.000000
vn 0.000000 -0.000000 1.000000
vn 1.000000 0.000000 -0.000000
vn 1.000000 0.000000 -0.000000
vn 1.000000 0.000000 -0.000000
vn 1.000000 0.000000 -0.000000
vn 1.000000 0.000000 -0.000000
vn 1.000000 0.000000 -0.000000
vn 1.000000 0.000000 -0.000000
vn 1.000000 0.000000 -0.000000
vn 1.000000 0.000000 -0.000000
vn 1.000000 0.000000 -0.000000
vn 1.000000 0.000000 -0.000000
vn 1.000000 0.000000 -0.000000
vn 1.000000 0.000000 -0.000000
vn 1.000000 0.000000 -0.000000
vn 0.995875 0.000000 -0.090731
vn 0.000000 0.978513 0.206184
vn 0.000000 0.978512 0.206188
vn 0.000000 0.978512 0.206188
vn 0.000000 0.978513 0.206184
vn 0.000000 0.978514 0.206180
vn 0.000000 0.978514 0.206180
vn 0.979685 0.000000 -0.200542
vn 0.995875 0.000000 -0.090731
vn 0.962878 0.000000 -0.269938
vn 0.992724 0.000000 -0.120410
vn 1.000000 0.000000 -0.000000
vn 1.000000 0.000000 -0.000000
vn 1.000000 0.000000 -0.000000
vn 0.992724 0.000000 -0.120410
vn 0.968718 0.000000 -0.248165
vn 0.968718 0.000000 -0.248165
vn 0.968718 0.000000 -0.248165
vn 0.979685 0.000000 -0.200542
vn 0.968718 0.000000 -0.248165
vn 0.000000 -0.955837 -0.293897
vn 0.000000 -0.955837 -0.293897
vn 0.000000 -0.955837 -0.293897
vn 0.000000 -0.955837 -0.293897
vn 0.962878 0.000000 -0.269938
vn 0.962878 0.000000 -0.269938
vn 0.990676 0.000000 -0.136239
vn 0.990676 0.000000 -0.136239
vn 0.979685 0.000000 -0.200542
vn 1.000000 0.000000 -0.000000
vn 0.992724 0.000000 -0.120410
vn 1.000000 0.000000 -0.000000
vn 1.000000 0.000000 -0.000000
vn 0.000000 -0.000000 1.000000
vn 0.000000 -0.000000 1.000000
vn 0.000000 -0.000000 1.000000
vn 0.000000 -0.000000 1.000000
vn 0.000000 1.000000 0.000000
vn 0.000000 1.000000 0.000000
vn 0.000000 1.000000 0.000000
vn 0.000000 1.000000 0.000000
vn 0.000000 1.000000 0.000000
vn 0.000000 1.000000 0.000000
vn 0.000000 0.109738 0.993961
vn 0.000000 0.218151 0.975915
vn 0.000000 0.218151 0.975915
vn 0.000000 0.109738 0.993961
vn 0.000000 -0.000000 1.000000
vn 0.000000 -0.000000 1.000000
vn 0.000000 0.000000 -1.000000
vn 0.000000 0.000000 -1.000000
vn 0.000000 0.000000 -1.000000
vn 0.000000 0.000000 -1.000000
vn 0.000000 0.000000 -1.000000
vn 0.000000 0.000000 -1.000000
vn -1.000000 0.000000 -0.000000
vn -1.000000 0.000000 -0.000000
vn -0.990676 0.000000 -0.136239
vn -0.990676 0.000000 -0.136239
vn -1.000000 0.000000 -0.000000
vn -0.962878 0.000000 -0.269938
vn -0.990676 0.000000 -0.136239
vn -0.962878 0.000000 -0.269938
vn -0.962878 0.000000 -0.269938
vn 0.000000 -0.983936 -0.178521
vn 0.000000 -0.983936 -0.178521
vn 0.000000 -0.983936 -0.178521
vn 0.000000 -0.983936 -0.178521
vn -1.000000 0.000000 -0.000000
vn -1.000000 0.000000 -0.000000
vn -1.000000 0.000000 -0.000000
vn -1.000000 0.000000 -0.000000
vn -1.000000 0.000000 -0.000000
vn -1.000000 0.000000 -0.000000
vn -1.000000 0.000000 -0.000000
vn -1.000000 0.000000 -0.000000
vn -1.000000 0.000000 -0.000000
vn -1.000000 0.000000 -0.000000
vn -1.000000 0.000000 -0.000000
vn -0.995875 0.000000 -0.090731
vn -1.000000 0.000000 -0.000000
vn -1.000000 0.000000 -0.000000
vn -1.000000 0.000000 -0.000000
vn 0.000000 1.000000 0.000000
vn 0.000000 1.000000 0.000000
vn 0.000000 1.000000 0.000000
vn 0.000000 1.000000 0.000000
vn 0.000000 0.000000 -1.000000
vn 0.000000 0.000000 -1.000000
vn 0.000000 0.000000 -1.000000
vn 0.000000 0.000000 -1.000000
vn 0.000000 0.000000 -1.000000
vn 0.000000 0.000000 -1.000000
vn 0.000000 -0.000000 1.000000
vn 0.000000 -0.000000 1.000000
vn 0.000000 -0.000000 1.000000
vn 0.000000 -0.000000 1.000000
vn 0.000000 -1.000000 -0.000000
vn 0.000000 -1.000000 -0.000000
vn 0.000000 -1.000000 -0.000000
vn 0.000000 -1.000000 -0.000000
vn 0.000000 -1.000000 -0.000000
vn 0.000000 -1.000000 -0.000000
vn 0.000000 -1.000000 -0.000000
vn 0.000000 -1.000000 -0.000000
vn 0.968718 0.000000 -0.248165
vn 0.968718 0.000000 -0.248165
vn 0.968718 0.000000 -0.248165
vn 0.968718 0.000000 -0.248165
f 1/1/1 2/2/2 3/3/3
f 1/1/1 3/3/3 4/4/4
f 5/5/5 6/6/6 7/7/7
f 5/5/5 7/7/7 8/8/8
f 9/9/9 10/10/10 11/11/11
f 9/9/9 11/11/11 12/12/12
f 13/13/13 14/14/14 15/15/15
f 13/13/13 15/15/15 16/16/16
f 17/17/17 18/18/18 19/19/19
f 17/17/17 19/19/19 20/20/20
f 21/21/21 22/22/22 23/23/23
f 21/21/21 23/23/23 24/24/24
f 25/25/25 21/21/21 24/24/24
f 25/25/25 24/24/24 26/26/26
f 27/27/27 25/25/25 26/26/26
f 27/27/27 26/26/26 28/28/28
f 29/29/29 27/27/27 28/28/28
f 29/29/29 28/28/28 30/30/30
f 31/31/31 29/29/29 30/30/30
f 31/31/31 30/30/30 32/32/32
f 33/33/33 31/31/31 32/32/32
f 33/33/33 32/32/32 34/34/34
f 35/35/35 33/33/33 34/34/34
f 35/35/35 34/34/34 36/36/36
f 37/37/37 35/35/35 36/36/36
f 37/37/37 36/36/36 38/38/38
f 39/39/39 40/40/40 41/41/41
f 41/41/41 42/42/42 39/39/39
f 41/41/41 43/43/43 42/42/42
f 43/43/43 44/44/44 42/42/42
f 43/43/43 45/45/45 44/44/44
f 45/45/45 46/46/46 44/44/44
f 47/47/47 48/48/48 49/49/49
f 47/47/47 49/49/49 50/50/50
f 51/51/51 47/47/47 50/50/50
f 51/51/51 50/50/50 52/52/52
f 50/50/50 53/53/53 52/52/52
f 50/50/50 54/54/54 53/53/53
f 49/49/49 54/54/54 50/50/50
f 49/49/49 55/55/55 54/54/54
f 56/56/56 57/57/57 58/58/58
f 56/56/56 58/58/58 59/59/59
f 60/60/60 61/61/61 62/62/62
f 60/60/60 62/62/62 63/63/63
f 62/62/62 64/64/64 63/63/63
f 62/62/62 65/65/65 64/64/64
f 66/66/66 67/67/67 68/68/68
f 66/66/66 69/69/69 67/67/67
f 66/66/66 70/70/70 69/69/69
f 66/66/66 71/71/71 70/70/70
f 71/71/71 72/72/72 70/70/70
f 71/71/71 73/73/73 72/72/72
f 74/74/74 75/75/75 76/76/76
f 74/74/74 76/76/76 77/77/77
f 78/78/78 74/74/74 77/77/77
f 78/78/78 77/77/77 79/79/79
f 76/76/76 80/80/80 77/77/77
f 76/76/76 81/81/81 80/80/80
f 81/81/81 82/82/82 80/80/80
f 81/81/81 83/83/83 82/82/82
f 80/80/80 82/82/82 84/84/84
f 80/80/80 84/84/84 85/85/85
f 85/85/85 84/84/84 86/86/86
f 85/85/85 86/86/86 87/87/87
f 79/79/79 85/85/85 87/87/87
f 79/79/79 87/87/87 88/88/88
f 89/89/89 90/90/90 91/91/91
f 89/89/89 91/91/91 92/92/92
f 93/93/93 89/89/89 92/92/92
f 93/93/93 92/92/92 94/94/94
f 95/95/95 96/96/96 97/97/97
f 95/95/95 98/98/98 96/96/96
f 98/98/98 99/99/99 96/96/96
f 98/98/98 100/100/100 99/99/99
f 98/98/98 101/101/101 100/100/100
f 98/98/98 102/102/102 101/101/101
f 95/95/95 103/103/103 98/98/98
f 95/95/95 104/104/104 103/103/103
f 98/98/98 103/103/103 105/105/105
f 98/98/98 105/105/105 102/102/102
f 106/106/106 104/104/104 95/95/95
f 102/102/102 105/105/105 107/107/107
f 102/102/102 107/107/107 106/106/106
f 106/106/106 107/107/107 104/104/104
f 108/108/108 109/109/109 110/110/110
f 108/108/108 110/110/110 111/111/111
f 112/112/112 113/113/113 114/114/114
f 112/112/112 114/114/114 115/115/115
f 116/116/116 112/112/112 115/115/115
f 115/115/115 114/114/114 117/117/117
f 116/116/116 115/115/115 118/118/118
f 115/115/115 117/117/117 119/119/119
f 118/118/118 115/115/115 119/119/119
f 118/118/118 119/119/119 120/120/120
f 121/121/121 122/122/122 123/123/123
f 121/121/121 123/123/123 124/124/124
f 125/125/125 126/126/126 127/127/127
f 125/125/125 127/127/127 128/128/128
f 129/129/129 125/125/125 128/128/128
f 129/129/129 128/128/128 130/130/130
f 131/131/131 132/132/132 133/133/133
f 131/131/131 133/133/133 134/134/134
f 135/135/135 131/131/131 134/134/134
f 135/135/135 134/134/134 136/136/136
f 137/137/137 138/138/138 139/139/139
f 137/137/137 139/139/139 140/140/140
f 141/141/141 137/137/137 140/140/140
f 141/141/141 140/140/140 142/142/142
f 143/143/143 144/144/144 145/145/145
f 143/143/143 145/145/145 146/146/146
f 147/147/147 143/143/143 146/146/146
f 146/146/146 145/145/145 148/148/148
f 147/147/147 146/146/146 149/149/149
f 146/146/146 148/148/148 150/150/150
f 149/149/149 146/146/146 150/150/150
f 149/149/149 150/150/150 151/151/151
f 152/152/152 153/153/153 154/154/154
f 152/152/152 154/154/154 155/155/155
f 156/156/156 157/157/157 158/158/158
f 156/156/156 159/159/159 157/157/157
f 159/159/159 160/160/160 157/157/157
f 159/159/159 161/161/161 160/160/160
f 159/159/159 162/162/162 161/161/161
f 159/159/159 163/163/163 162/162/162
f 163/163/163 164/164/164 162/162/162
f 163/163/163 165/165/165 164/164/164
f 166/166/166 165/165/165 163/163/163
f 167/167/167 166/166/166 156/156/156
f 166/166/166 168/168/168 165/165/165
f 167/167/167 169/169/169 166/166/166
f 169/169/169 168/168/168 166/166/166
f 169/169/169 170/170/170 168/168/168
f 171/171/171 172/172/172 173/173/173
f 171/171/171 173/173/173 174/174/174
f 175/175/175 176/176/176 177/177/177
f 175/175/175 178/178/178 176/176/176
f 178/178/178 179/179/179 176/176/176
f 178/178/178 180/180/180 179/179/179
f 181/181/181 182/182/182 183/183/183
f 181/181/181 183/183/183 184/184/184
f 185/185/185 186/186/186 187/187/187
f 185/185/185 188/188/188 186/186/186
f 189/189/189 188/188/188 185/185/185
f 189/189/189 185/185/185 190/190/190
f 191/191/191 189/189/189 190/190/190
f 191/191/191 192/192/192 189/189/189
f 193/193/193 194/194/194 195/195/195
f 193/193/193 195/195/195 196/196/196
f 197/197/197 198/198/198 199/199/199
f 197/197/197 199/199/199 200/200/200
f 201/201/201 202/202/202 203/203/203
f 201/201/201 203/203/203 204/204/204
f 205/205/205 206/206/206 207/207/207
f 205/205/205 207/207/207 208/208/208
f 209/209/209 210/210/210 211/211/211
f 209/209/209 211/211/211 212/212/212
f 213/213/213 214/214/214 215/215/215
f 213/213/213 215/215/215 216/216/216
f 217/217/217 218/218/218 219/219/219
f 217/217/217 219/219/219 220/220/220
f 221/221/221 222/222/222 223/223/223
f 221/221/221 223/223/223 224/224/224
f 225/225/225 226/226/226 227/227/227
f 225/225/225 227/227/227 228/228/228
f 229/229/229 230/230/230 231/231/231
f 229/229/229 231/231/231 232/232/232
f 233/233/233 234/234/234 235/235/235
f 233/233/233 235/235/235 236/236/236
f 237/237/237 238/238/238 239/239/239
f 237/237/237 239/239/239 240/240/240
f 241/241/241 242/242/242 243/243/243
f 241/241/241 243/243/243 244/244/244
f 245/245/245 246/246/246 247/247/247
f 245/245/245 247/247/247 248/248/248
f 249/249/249 250/250/250 251/251/251
f 249/249/249 251/251/251 252/252/252
f 253/253/253 254/254/254 255/255/255
f 253/253/253 255/255/255 256/256/256
f 257/257/257 253/253/253 256/256/256
f 257/257/257 256/256/256 258/258/258
f 259/259/259 257/257/257 258/258/258
f 259/259/259 258/258/258 260/260/260
f 261/261/261 259/259/259 260/260/260
f 261/261/261 260/260/260 262/262/262
f 263/263/263 261/261/261 262/262/262
f 263/263/263 262/262/262 264/264/264
f 265/265/265 263/263/263 264/264/264
f 265/265/265 264/264/264 266/266/266
f 267/267/267 265/265/265 266/266/266
f 267/267/267 266/266/266 268/268/268
f 269/269/269 267/267/267 268/268/268
f 269/269/269 268/268/268 270/270/270
f 271/271/271 272/272/272 273/273/273
f 273/273/273 274/274/274 271/271/271
f 273/273/273 275/275/275 274/274/274
f 275/275/275 276/276/276 274/274/274
f 275/275/275 277/277/277 276/276/276
f 277/277/277 278/278/278 276/276/276
f 279/279/279 280/280/280 281/281/281
f 279/279/279 281/281/281 282/282/282
f 283/283/283 279/279/279 282/282/282
f 283/283/283 282/282/282 284/284/284
f 282/282/282 285/285/285 284/284/284
f 282/282/282 286/286/286 285/285/285
f 281/281/281 286/286/286 282/282/282
f 281/281/281 287/287/287 286/286/286
f 288/288/288 289/289/289 290/290/290
f 288/288/288 290/290/290 291/291/291
f 292/292/292 293/293/293 294/294/294
f 292/292/292 294/294/294 295/295/295
f 294/294/294 296/296/296 295/295/295
f 294/294/294 297/297/297 296/296/296
f 298/298/298 299/299/299 300/300/300
f 298/298/298 301/301/301 299/299/299
f 298/298/298 302/302/302 301/301/301
f 298/298/298 303/303/303 302/302/302
f 303/303/303 304/304/304 302/302/302
f 303/303/303 305/305/305 304/304/304
f 306/306/306 307/307/307 308/308/308
f 306/306/306 308/308/308 309/309/309
f 310/310/310 306/306/306 309/309/309
f 310/310/310 309/309/309 311/311/311
f 308/308/308 312/312/312 309/309/309
f 308/308/308 313/313/313 312/312/312
f 313/313/313 314/314/314 312/312/312
f 313/313/313 315/315/315 314/314/314
f 312/312/312 314/314/314 316/316/316
f 312/312/312 316/316/316 317/317/317
f 317/317/317 316/316/316 318/318/318
f 317/317/317 318/318/318 319/319/319
f 311/311/311 317/317/317 319/319/319
f 311/311/311 319/319/319 320/320/320
f 321/321/321 322/322/322 323/323/323
f 321/321/321 323/323/323 324/324/324
f 325/325/325 321/321/321 324/324/324
f 325/325/325 324/324/324 326/326/326
f 327/327/327 328/328/328 329/329/329
f 327/327/327 330/330/330 328/328/328
f 330/330/330 331/331/331 328/328/328
f 330/330/330 332/332/332 331/331/331
f 330/330/330 333/333/333 332/332/332
f 330/330/330 334/334/334 333/333/333
f 327/327/327 335/335/335 330/330/330
f 327/327/327 336/336/336 335/335/335
f 330/330/330 335/335/335 337/337/337
f 330/330/330 337/337/337 334/334/334
f 338/338/338 336/336/336 327/327/327
f 334/334/334 337/337/337 339/339/339
f 334/334/334 339/339/339 338/338/338
f 338/338/338 339/339/339 336/336/336
f 340/340/340 341/341/341 342/342/342
f 340/340/340 342/342/342 343/343/343
f 344/344/344 345/345/345 346/346/346
f 344/344/344 346/346/346 347/347/347
f 348/348/348 344/344/344 347/347/347
f 347/347/347 346/346/346 349/349/349
f 348/348/348 347/347/347 350/350/350
f 347/347/347 349/349/349 351/351/351
f 350/350/350 347/347/347 351/351/351
f 350/350/350 351/351/351 352/352/352
f 353/353/353 354/354/354 355/355/355
f 353/353/353 355/355/355 356/356/356
f 357/357/357 358/358/358 359/359/359
f 357/357/357 359/359/359 360/360/360
f 361/361/361 357/357/357 360/360/360
f 361/361/361 360/360/360 362/362/362
f 363/363/363 364/364/364 365/365/365
f 363/363/363 365/365/365 366/366/366
f 367/367/367 363/363/363 366/366/366
f 367/367/367 366/366/366 368/368/368
f 369/369/369 370/370/370 371/371/371
f 369/369/369 371/371/371 372/372/372
f 373/373/373 369/369/369 372/372/372
f 373/373/373 372/372/372 374/374/374
f 375/375/375 376/376/376 377/377/377
f 375/375/375 377/377/377 378/378/378
f 379/379/379 375/375/375 378/378/378
f 378/378/378 377/377/377 380/380/380
f 379/379/379 378/378/378 381/381/381
f 378/378/378 380/380/380 382/382/382
f 381/381/381 378/378/378 382/382/382
f 381/381/381 382/382/382 383/383/383
f 384/384/384 385/385/385 386/386/386
f 384/384/384 386/386/386 387/387/387
f 388/388/388 389/389/389 390/390/390
f 388/388/388 391/391/391 389/389/389
f 391/391/391 392/392/392 389/389/389
f 391/391/391 393/393/393 392/392/392
f 391/391/391 394/394/394 393/393/393
f 391/391/391 395/395/395 394/394/394
f 395/395/395 396/396/396 394/394/394
f 395/395/395 397/397/397 396/396/396
f 398/398/398 397/397/397 395/395/395
f 399/399/399 398/398/398 388/388/388
f 398/398/398 400/400/400 397/397/397
f 399/399/399 401/401/401 398/398/398
f 401/401/401 400/400/400 398/398/398
f 401/401/401 402/402/402 400/400/400
f 403/403/403 404/404/404 405/405/405
f 403/403/403 405/405/405 406/406/406
f 407/407/407 408/408/408 409/409/409
f 407/407/407 410/410/410 408/408/408
f 410/410/410 411/411/411 408/408/408
f 410/410/410 412/412/412 411/411/411
f 413/413/413 414/414/414 415/415/415
f 413/413/413 415/415/415 416/416/416
f 417/417/417 418/418/418 419/419/419
f 417/417/417 420/420/420 418/418/418
f 421/421/421 420/420/420 417/417/417
f 421/421/421 417/417/417 422/422/422
f 423/423/423 421/421/421 422/422/422
f 423/423/423 424/424/424 421/421/421
f 425/425/425 426/426/426 427/427/427
f 425/425/425 427/427/427 428/428/428
