# Unturned item rip -> Godot (Z negated, winding reversed, RH Y-up)
v 0.027814 0.066160 -0.018016
v 0.000000 0.066160 -0.010563
v 0.000000 0.036551 -0.010563
v 0.027814 0.036551 -0.018016
v 0.048176 0.066160 -0.038377
v 0.048176 0.036551 -0.038377
v 0.057887 0.066160 -0.066192
v 0.057887 0.036551 -0.066191
v 0.048176 0.066160 -0.094006
v 0.048176 0.036551 -0.094006
v 0.027814 0.066160 -0.114367
v 0.027814 0.036551 -0.114367
v 0.000000 0.066160 -0.121820
v 0.000000 0.036551 -0.121820
v -0.027814 0.066160 -0.114367
v -0.027814 0.036551 -0.114367
v -0.048176 0.066160 -0.094006
v -0.048176 0.036551 -0.094006
v -0.057888 0.066160 -0.066192
v -0.057888 0.036551 -0.066191
v -0.048176 0.066160 -0.038377
v -0.048176 0.036551 -0.038377
v -0.027814 0.066160 -0.018016
v -0.027814 0.036551 -0.018016
v 0.000000 0.066160 -0.010563
v 0.000000 0.036551 -0.010563
v 0.027814 -0.068564 -0.018016
v 0.000000 -0.068564 -0.010563
v 0.000000 -0.098173 -0.010563
v 0.027814 -0.098173 -0.018016
v 0.048176 -0.068564 -0.038377
v 0.048176 -0.098173 -0.038377
v 0.057887 -0.068564 -0.066192
v 0.057887 -0.098173 -0.066191
v 0.048176 -0.068564 -0.094006
v 0.048176 -0.098173 -0.094006
v 0.027814 -0.068564 -0.114367
v 0.027814 -0.098173 -0.114367
v 0.000000 -0.068564 -0.121820
v 0.000000 -0.098173 -0.121820
v -0.027814 -0.068564 -0.114367
v -0.027814 -0.098173 -0.114367
v -0.048176 -0.068564 -0.094006
v -0.048176 -0.098173 -0.094006
v -0.057888 -0.068564 -0.066192
v -0.057888 -0.098173 -0.066191
v -0.048176 -0.068564 -0.038377
v -0.048176 -0.098173 -0.038377
v -0.027814 -0.068564 -0.018016
v -0.027814 -0.098173 -0.018016
v 0.000000 -0.068564 -0.010563
v 0.000000 -0.098173 -0.010563
v -0.046887 0.014901 -0.066191
v -0.040872 -0.000593 -0.093027
v -0.061747 -0.000593 -0.093027
v -0.061747 0.014901 -0.066191
v -0.040872 -0.000593 -0.093027
v -0.040872 -0.031580 -0.093027
v -0.061747 -0.031580 -0.093027
v -0.061747 -0.000593 -0.093027
v -0.040872 -0.031580 -0.093027
v -0.046887 -0.047074 -0.066191
v -0.061747 -0.047074 -0.066191
v -0.061747 -0.031580 -0.093027
v -0.046887 -0.047074 -0.066191
v -0.040872 -0.031580 -0.039355
v -0.061747 -0.031580 -0.039355
v -0.061747 -0.047074 -0.066191
v -0.061747 -0.031580 -0.093027
v -0.061747 -0.047074 -0.066191
v -0.061747 -0.031580 -0.039355
v -0.061747 -0.000593 -0.093027
v -0.061747 -0.000593 -0.039355
v -0.061747 0.014901 -0.066191
v -0.040872 -0.000593 -0.039355
v -0.046887 0.014901 -0.066191
v -0.061747 0.014901 -0.066191
v -0.061747 -0.000593 -0.039355
v -0.040872 -0.031580 -0.039355
v -0.040872 -0.000593 -0.039355
v -0.061747 -0.000593 -0.039355
v -0.061747 -0.031580 -0.039355
v 0.000000 0.013577 -0.113242
v 0.025689 -0.001255 -0.105477
v 0.025689 -0.001255 -0.132423
v 0.000000 0.013577 -0.132423
v 0.025689 -0.001255 -0.105477
v 0.025689 -0.030918 -0.105477
v 0.025689 -0.030918 -0.132423
v 0.025689 -0.001255 -0.132423
v 0.025689 -0.030918 -0.105477
v 0.000000 -0.045749 -0.113242
v 0.000000 -0.045749 -0.132423
v 0.025689 -0.030918 -0.132423
v 0.000000 -0.045749 -0.113242
v -0.025689 -0.030918 -0.105477
v -0.025689 -0.030918 -0.132423
v 0.000000 -0.045749 -0.132423
v 0.000000 0.013577 -0.132423
v 0.025689 -0.001255 -0.132423
v 0.025689 -0.030918 -0.132423
v 0.000000 -0.045749 -0.132423
v -0.025689 -0.001255 -0.132423
v -0.025689 -0.030918 -0.132423
v -0.025689 -0.001255 -0.105477
v 0.000000 0.013577 -0.113242
v 0.000000 0.013577 -0.132423
v -0.025689 -0.001255 -0.132423
v -0.025689 -0.030918 -0.105477
v -0.025689 -0.001255 -0.105477
v -0.025689 -0.001255 -0.132423
v -0.025689 -0.030918 -0.132423
v 0.046887 0.014901 -0.066191
v 0.061747 0.014901 -0.066191
v 0.061747 -0.000593 -0.093027
v 0.040872 -0.000593 -0.093027
v 0.040872 -0.000593 -0.093027
v 0.061747 -0.000593 -0.093027
v 0.061747 -0.031580 -0.093027
v 0.040872 -0.031580 -0.093027
v 0.040872 -0.031580 -0.093027
v 0.061747 -0.031580 -0.093027
v 0.061747 -0.047074 -0.066191
v 0.046887 -0.047074 -0.066191
v 0.046887 -0.047074 -0.066191
v 0.061747 -0.047074 -0.066191
v 0.061747 -0.031580 -0.039355
v 0.040872 -0.031580 -0.039355
v 0.061747 -0.031580 -0.039355
v 0.061747 -0.047074 -0.066191
v 0.061747 -0.031580 -0.093027
v 0.061747 -0.000593 -0.039355
v 0.061747 -0.000593 -0.093027
v 0.061747 0.014901 -0.066191
v 0.040872 -0.000593 -0.039355
v 0.061747 -0.000593 -0.039355
v 0.061747 0.014901 -0.066191
v 0.046887 0.014901 -0.066191
v 0.040872 -0.031580 -0.039355
v 0.061747 -0.031580 -0.039355
v 0.061747 -0.000593 -0.039355
v 0.040872 -0.000593 -0.039355
v 0.000000 0.074185 0.047044
v 0.019818 0.062743 0.047044
v 0.019818 0.062743 -0.022240
v 0.000000 0.074185 -0.017701
v 0.019818 0.062743 0.047044
v 0.019818 0.039859 0.047044
v 0.019818 0.039859 -0.022240
v 0.019818 0.062743 -0.022240
v 0.019818 0.039859 0.047044
v 0.000000 0.028417 0.047044
v 0.000000 0.028417 -0.017701
v 0.019818 0.039859 -0.022240
v 0.000000 0.028417 0.047044
v -0.019818 0.039859 0.047044
v -0.019818 0.039859 -0.022240
v 0.000000 0.028417 -0.017701
v -0.019818 0.062743 0.047044
v 0.000000 0.074185 0.047044
v 0.000000 0.074185 -0.017701
v -0.019818 0.062743 -0.022240
v -0.019818 0.039859 0.047044
v -0.019818 0.062743 0.047044
v -0.019818 0.062743 -0.022240
v -0.019818 0.039859 -0.022240
v 0.000000 -0.195174 -0.003746
v -0.031223 -0.249631 -0.012112
v 0.000000 -0.249631 -0.003746
v -0.031223 -0.195174 -0.012112
v 0.000000 -0.126507 -0.015341
v -0.054080 -0.249631 -0.034969
v -0.025425 -0.126507 -0.022154
v 0.000000 0.090194 -0.015341
v -0.054080 -0.195174 -0.034969
v -0.062446 -0.249631 -0.066191
v -0.062446 -0.195174 -0.066191
v -0.054080 -0.249631 -0.097414
v -0.044038 -0.126508 -0.040766
v -0.025425 0.090194 -0.022154
v -0.054080 -0.195174 -0.097414
v -0.031223 -0.249631 -0.120271
v -0.050850 -0.126508 -0.066191
v -0.031223 -0.195174 -0.120271
v 0.000000 -0.249631 -0.128637
v -0.038023 0.216187 -0.000333
v 0.000000 0.216187 0.009855
v -0.044038 0.090194 -0.040766
v -0.044038 -0.126508 -0.091617
v 0.000000 -0.195174 -0.128637
v 0.031223 -0.249631 -0.120271
v -0.038023 0.271708 -0.000333
v 0.000000 0.271708 0.009855
v -0.065859 0.271708 -0.028168
v -0.065859 0.216187 -0.028168
v -0.076047 0.271708 -0.066192
v -0.076047 0.216187 -0.066192
v -0.065859 0.271708 -0.104215
v -0.050850 0.090193 -0.066192
v -0.065859 0.216187 -0.104215
v -0.038024 0.271708 -0.132050
v -0.044038 0.090193 -0.091617
v -0.038024 0.216187 -0.132050
v 0.000000 0.271707 -0.142239
v -0.025425 -0.126508 -0.110229
v 0.000000 0.216187 -0.142239
v 0.038023 0.271708 -0.132051
v -0.025425 0.090193 -0.110229
v 0.000000 -0.126508 -0.117042
v 0.038023 0.216187 -0.132050
v 0.065859 0.271708 -0.104215
v 0.000000 0.090193 -0.117042
v 0.031223 -0.195174 -0.120271
v 0.054080 -0.249631 -0.097414
v 0.065858 0.216187 -0.104215
v 0.076047 0.271708 -0.066192
v 0.025425 0.090193 -0.110229
v 0.025425 -0.126508 -0.110229
v 0.054080 -0.195174 -0.097414
v 0.062446 -0.249631 -0.066191
v 0.076047 0.216187 -0.066192
v 0.065859 0.271708 -0.028168
v 0.044038 0.090193 -0.091617
v 0.044038 -0.126508 -0.091617
v 0.062446 -0.195174 -0.066191
v 0.054080 -0.249631 -0.034969
v 0.065858 0.216187 -0.028168
v 0.038023 0.271708 -0.000333
v 0.050850 0.090193 -0.066192
v 0.050850 -0.126508 -0.066192
v 0.054080 -0.195174 -0.034969
v 0.031223 -0.249631 -0.012112
v 0.038023 0.216187 -0.000333
v 0.000000 0.271708 0.009855
v 0.000000 0.216187 0.009855
v 0.044038 0.090194 -0.040766
v 0.044038 -0.126508 -0.040766
v 0.031223 -0.195174 -0.012112
v 0.000000 -0.249631 -0.003746
v 0.000000 -0.195174 -0.003746
v 0.025425 0.090194 -0.022154
v 0.000000 0.090194 -0.015341
v 0.000000 -0.126507 -0.015341
v 0.025425 -0.126507 -0.022154
v 0.000000 0.016827 -0.106854
v 0.000000 0.271707 -0.131120
v -0.032464 0.271708 -0.122422
v -0.020331 0.016827 -0.101406
v 0.000000 -0.249631 -0.119507
v -0.056230 0.271708 -0.098656
v -0.026658 -0.249631 -0.112364
v -0.035215 0.016827 -0.086523
v -0.064928 0.271708 -0.066192
v -0.046173 -0.249631 -0.092849
v -0.040662 0.016827 -0.066192
v -0.056230 0.271708 -0.033728
v -0.053316 -0.249631 -0.066191
v -0.035214 0.016827 -0.045861
v -0.032464 0.271708 -0.009962
v -0.046173 -0.249631 -0.039534
v -0.020331 0.016827 -0.030977
v 0.000000 0.271708 -0.001264
v -0.026658 -0.249631 -0.020019
v 0.000000 0.016827 -0.025530
v 0.032464 0.271708 -0.009962
v 0.000000 -0.249631 -0.012876
v 0.020331 0.016827 -0.030977
v 0.056230 0.271708 -0.033728
v 0.026658 -0.249631 -0.020019
v 0.035214 0.016827 -0.045861
v 0.064928 0.271708 -0.066192
v 0.046173 -0.249631 -0.039534
v 0.040662 0.016827 -0.066192
v 0.056230 0.271708 -0.098656
v 0.053316 -0.249631 -0.066191
v 0.035214 0.016827 -0.086523
v 0.032464 0.271708 -0.122422
v 0.046173 -0.249631 -0.092849
v 0.020331 0.016827 -0.101406
v 0.000000 0.271707 -0.131120
v 0.026658 -0.249631 -0.112364
v 0.000000 0.016827 -0.106854
v 0.000000 -0.249631 -0.119507
v 0.000000 -0.061551 0.047044
v 0.019818 -0.072994 0.047044
v 0.019818 -0.072994 -0.022240
v 0.000000 -0.061551 -0.017701
v 0.019818 -0.072994 0.047044
v 0.019818 -0.095878 0.047044
v 0.019818 -0.095878 -0.022240
v 0.019818 -0.072994 -0.022240
v 0.019818 -0.095878 0.047044
v 0.000000 -0.107320 0.047044
v 0.000000 -0.107320 -0.017701
v 0.019818 -0.095878 -0.022240
v 0.000000 -0.107320 0.047044
v -0.019818 -0.095878 0.047044
v -0.019818 -0.095878 -0.022240
v 0.000000 -0.107320 -0.017701
v -0.019818 -0.072994 0.047044
v 0.000000 -0.061551 0.047044
v 0.000000 -0.061551 -0.017701
v -0.019818 -0.072994 -0.022240
v -0.019818 -0.095878 0.047044
v -0.019818 -0.072994 0.047044
v -0.019818 -0.072994 -0.022240
v -0.019818 -0.095878 -0.022240
v -0.027814 -0.068564 -0.114367
v 0.000000 -0.068564 -0.113692
v 0.000000 -0.068564 -0.121820
v -0.023750 -0.068564 -0.107328
v 0.023750 -0.068564 -0.107328
v -0.048176 -0.068564 -0.094006
v 0.027814 -0.068564 -0.114367
v -0.041136 -0.068564 -0.089942
v 0.041136 -0.068564 -0.089942
v -0.057888 -0.068564 -0.066192
v 0.048176 -0.068564 -0.094006
v -0.049429 -0.068564 -0.066192
v 0.049429 -0.068564 -0.066192
v -0.048176 -0.068564 -0.038377
v 0.057887 -0.068564 -0.066192
v -0.041136 -0.068564 -0.042441
v 0.041136 -0.068564 -0.042441
v -0.027814 -0.068564 -0.018016
v 0.048176 -0.068564 -0.038377
v -0.023750 -0.068564 -0.025055
v 0.023750 -0.068564 -0.025055
v 0.000000 -0.068564 -0.010563
v 0.027814 -0.068564 -0.018016
v 0.000000 -0.068564 -0.018691
v -0.048176 0.036551 -0.094006
v -0.049429 0.036551 -0.066191
v -0.057888 0.036551 -0.066191
v -0.041136 0.036551 -0.089942
v -0.041136 0.036551 -0.042441
v -0.027814 0.036551 -0.114367
v -0.048176 0.036551 -0.038377
v -0.023750 0.036551 -0.107328
v -0.023750 0.036551 -0.025055
v 0.000000 0.036551 -0.121820
v -0.027814 0.036551 -0.018016
v 0.000000 0.036551 -0.113692
v 0.000000 0.036551 -0.018691
v 0.027814 0.036551 -0.114367
v 0.000000 0.036551 -0.010563
v 0.023750 0.036551 -0.107328
v 0.023750 0.036551 -0.025055
v 0.048176 0.036551 -0.094006
v 0.027814 0.036551 -0.018016
v 0.041136 0.036551 -0.089942
v 0.041136 0.036551 -0.042441
v 0.057887 0.036551 -0.066191
v 0.048176 0.036551 -0.038377
v 0.049429 0.036551 -0.066191
v -0.027814 0.066160 -0.018016
v -0.023750 0.066160 -0.025055
v -0.041136 0.066160 -0.042441
v -0.048176 0.066160 -0.038377
v 0.000000 0.066160 -0.010563
v -0.049429 0.066160 -0.066192
v 0.000000 0.066160 -0.018691
v -0.057888 0.066160 -0.066192
v 0.027814 0.066160 -0.018016
v -0.041136 0.066160 -0.089942
v 0.023750 0.066160 -0.025055
v -0.048176 0.066160 -0.094006
v 0.048176 0.066160 -0.038377
v -0.023750 0.066160 -0.107328
v 0.041136 0.066160 -0.042441
v -0.027814 0.066160 -0.114367
v 0.057887 0.066160 -0.066192
v 0.000000 0.066160 -0.113692
v 0.049429 0.066160 -0.066192
v 0.000000 0.066160 -0.121820
v 0.048176 0.066160 -0.094006
v 0.023750 0.066160 -0.107328
v 0.041136 0.066160 -0.089942
v 0.027814 0.066160 -0.114367
v -0.027814 -0.098173 -0.018016
v 0.000000 -0.098173 -0.018691
v 0.000000 -0.098173 -0.010563
v -0.023750 -0.098173 -0.025055
v 0.023750 -0.098173 -0.025055
v -0.048176 -0.098173 -0.038377
v 0.027814 -0.098173 -0.018016
v -0.041136 -0.098173 -0.042441
v 0.041136 -0.098173 -0.042441
v -0.057888 -0.098173 -0.066191
v 0.048176 -0.098173 -0.038377
v -0.049429 -0.098173 -0.066191
v 0.049429 -0.098173 -0.066191
v -0.048176 -0.098173 -0.094006
v 0.057887 -0.098173 -0.066191
v -0.041136 -0.098173 -0.089942
v 0.041136 -0.098173 -0.089942
v -0.027814 -0.098173 -0.114367
v 0.048176 -0.098173 -0.094006
v -0.023750 -0.098173 -0.107328
v 0.023750 -0.098173 -0.107328
v 0.000000 -0.098173 -0.121820
v 0.027814 -0.098173 -0.114367
v 0.000000 -0.098173 -0.113692
v -0.054080 -0.249631 -0.034969
v -0.046173 -0.249631 -0.039534
v -0.026658 -0.249631 -0.020019
v -0.031223 -0.249631 -0.012112
v -0.062446 -0.249631 -0.066191
v 0.000000 -0.249631 -0.012876
v -0.053316 -0.249631 -0.066191
v 0.000000 -0.249631 -0.003746
v -0.054080 -0.249631 -0.097414
v 0.026658 -0.249631 -0.020019
v -0.046173 -0.249631 -0.092849
v 0.031223 -0.249631 -0.012112
v -0.031223 -0.249631 -0.120271
v 0.046173 -0.249631 -0.039534
v -0.026658 -0.249631 -0.112364
v 0.054080 -0.249631 -0.034969
v 0.000000 -0.249631 -0.128637
v 0.053316 -0.249631 -0.066191
v 0.000000 -0.249631 -0.119507
v 0.062446 -0.249631 -0.066191
v 0.031223 -0.249631 -0.120271
v 0.046173 -0.249631 -0.092849
v 0.026658 -0.249631 -0.112364
v 0.054080 -0.249631 -0.097414
v -0.076047 0.271708 -0.066192
v -0.056230 0.271708 -0.098656
v -0.065859 0.271708 -0.104215
v -0.064928 0.271708 -0.066192
v -0.032464 0.271708 -0.122422
v -0.065859 0.271708 -0.028168
v -0.038024 0.271708 -0.132050
v -0.056230 0.271708 -0.033728
v 0.000000 0.271707 -0.131120
v -0.038023 0.271708 -0.000333
v 0.000000 0.271707 -0.142239
v -0.032464 0.271708 -0.009962
v 0.032464 0.271708 -0.122422
v 0.000000 0.271708 0.009855
v 0.038023 0.271708 -0.132051
v 0.000000 0.271708 -0.001264
v 0.056230 0.271708 -0.098656
v 0.038023 0.271708 -0.000333
v 0.065859 0.271708 -0.104215
v 0.032464 0.271708 -0.009962
v 0.064928 0.271708 -0.066192
v 0.065859 0.271708 -0.028168
v 0.076047 0.271708 -0.066192
v 0.056230 0.271708 -0.033728
v 0.000000 -0.195174 -0.003746
v -0.031223 -0.249631 -0.012112
v 0.000000 -0.249631 -0.003746
v -0.031223 -0.195174 -0.012112
v 0.000000 -0.126507 -0.015341
v -0.054080 -0.249631 -0.034969
v -0.025425 -0.126507 -0.022154
v 0.000000 0.090194 -0.015341
v -0.054080 -0.195174 -0.034969
v -0.062446 -0.249631 -0.066191
v -0.062446 -0.195174 -0.066191
v -0.054080 -0.249631 -0.097414
v -0.044038 -0.126508 -0.040766
v -0.025425 0.090194 -0.022154
v -0.054080 -0.195174 -0.097414
v -0.031223 -0.249631 -0.120271
v -0.050850 -0.126508 -0.066191
v -0.031223 -0.195174 -0.120271
v 0.000000 -0.249631 -0.128637
v -0.038023 0.216187 -0.000333
v 0.000000 0.216187 0.009855
v -0.044038 0.090194 -0.040766
v -0.044038 -0.126508 -0.091617
v 0.000000 -0.195174 -0.128637
v 0.031223 -0.249631 -0.120271
v -0.038023 0.271708 -0.000333
v 0.000000 0.271708 0.009855
v -0.065859 0.271708 -0.028168
v -0.065859 0.216187 -0.028168
v -0.076047 0.271708 -0.066192
v -0.076047 0.216187 -0.066192
v -0.065859 0.271708 -0.104215
v -0.050850 0.090193 -0.066192
v -0.065859 0.216187 -0.104215
v -0.038024 0.271708 -0.132050
v -0.044038 0.090193 -0.091617
v -0.038024 0.216187 -0.132050
v 0.000000 0.271707 -0.142239
v -0.025425 -0.126508 -0.110229
v 0.000000 0.216187 -0.142239
v 0.038023 0.271708 -0.132051
v -0.025425 0.090193 -0.110229
v 0.000000 -0.126508 -0.117042
v 0.038023 0.216187 -0.132050
v 0.065859 0.271708 -0.104215
v 0.000000 0.090193 -0.117042
v 0.031223 -0.195174 -0.120271
v 0.054080 -0.249631 -0.097414
v 0.065858 0.216187 -0.104215
v 0.076047 0.271708 -0.066192
v 0.025425 0.090193 -0.110229
v 0.025425 -0.126508 -0.110229
v 0.054080 -0.195174 -0.097414
v 0.062446 -0.249631 -0.066191
v 0.076047 0.216187 -0.066192
v 0.065859 0.271708 -0.028168
v 0.044038 0.090193 -0.091617
v 0.044038 -0.126508 -0.091617
v 0.062446 -0.195174 -0.066191
v 0.054080 -0.249631 -0.034969
v 0.065858 0.216187 -0.028168
v 0.038023 0.271708 -0.000333
v 0.050850 0.090193 -0.066192
v 0.050850 -0.126508 -0.066192
v 0.054080 -0.195174 -0.034969
v 0.031223 -0.249631 -0.012112
v 0.038023 0.216187 -0.000333
v 0.000000 0.271708 0.009855
v 0.000000 0.216187 0.009855
v 0.044038 0.090194 -0.040766
v 0.044038 -0.126508 -0.040766
v 0.031223 -0.195174 -0.012112
v 0.000000 -0.249631 -0.003746
v 0.000000 -0.195174 -0.003746
v 0.025425 0.090194 -0.022154
v 0.000000 0.090194 -0.015341
v 0.000000 -0.126507 -0.015341
v 0.025425 -0.126507 -0.022154
vt 0.404832006 0.72199899
vt 0.435838014 0.72199899
vt 0.435838014 0.690117002
vt 0.404832006 0.690117002
vt 0.373825997 0.72199899
vt 0.373825997 0.690118015
vt 0.342103004 0.72199899
vt 0.342103004 0.690118015
vt 0.310380012 0.722000003
vt 0.310380012 0.690118015
vt 0.279374003 0.722000003
vt 0.279374003 0.690118015
vt 0.248366997 0.722000003
vt 0.248366997 0.690118015
vt 0.217361003 0.722000003
vt 0.217361003 0.690118015
vt 0.186353996 0.722000003
vt 0.186353996 0.690118015
vt 0.154630005 0.722000003
vt 0.154630005 0.690118015
vt 0.122906998 0.722000003
vt 0.122906998 0.690118015
vt 0.0918999985 0.722000003
vt 0.0918999985 0.690118015
vt 0.0608929992 0.722000003
vt 0.0608929992 0.690118015
vt 0.406576008 0.665865004
vt 0.437581986 0.665875018
vt 0.437593013 0.63399303
vt 0.406585991 0.633983016
vt 0.375568986 0.665853977
vt 0.375580013 0.633971989
vt 0.343845993 0.66584301
vt 0.34385699 0.633961976
vt 0.312123001 0.665832996
vt 0.312133998 0.633951008
vt 0.281116992 0.665822029
vt 0.281127989 0.633939981
vt 0.250111014 0.665812016
vt 0.250120997 0.633930027
vt 0.219104007 0.665800989
vt 0.219115004 0.633919001
vt 0.188097 0.665790975
vt 0.188107997 0.633908987
vt 0.156373993 0.665780008
vt 0.156385005 0.63389802
vt 0.124650002 0.665768981
vt 0.124660999 0.633886993
vt 0.0936430022 0.665759027
vt 0.0936539993 0.633876026
vt 0.0626360029 0.665748
vt 0.062647 0.633864999
vt 0.317009985 0.780215979
vt 0.279751003 0.772984028
vt 0.279751003 0.798083007
vt 0.317009985 0.798083007
vt 0.279751003 0.772984028
vt 0.242491007 0.772984028
vt 0.242491007 0.798084021
vt 0.279751003 0.798083007
vt 0.242491007 0.772984028
vt 0.205230996 0.780215979
vt 0.205230996 0.798084021
vt 0.242491007 0.798084021
vt 0.205230996 0.780215979
vt 0.167971 0.772984028
vt 0.167971 0.798084021
vt 0.205230996 0.798084021
vt 0.343979001 0.818937004
vt 0.381238997 0.818937004
vt 0.399868995 0.786669016
vt 0.325349003 0.786669016
vt 0.381238997 0.754401028
vt 0.343979001 0.754401028
vt 0.130711004 0.772984028
vt 0.0934510008 0.780216992
vt 0.0934510008 0.798084974
vt 0.130711004 0.798084021
vt 0.167971 0.772984028
vt 0.130711004 0.772984028
vt 0.130711004 0.798084021
vt 0.167971 0.798084021
vt 0.314668 0.92850101
vt 0.279000998 0.919165015
vt 0.279000998 0.951565027
vt 0.314668 0.951565027
vt 0.279000998 0.919165015
vt 0.243332997 0.919165015
vt 0.243332997 0.951565027
vt 0.279000998 0.951565027
vt 0.243332997 0.919165015
vt 0.207665995 0.92850101
vt 0.207665995 0.951565027
vt 0.243332997 0.951565027
vt 0.207665995 0.92850101
vt 0.171998993 0.919165015
vt 0.171998993 0.951565027
vt 0.207665995 0.951565027
vt 0.397215992 0.941388011
vt 0.379382998 0.910498977
vt 0.343715996 0.910498977
vt 0.325881988 0.941388011
vt 0.379382998 0.972276986
vt 0.343715996 0.972276986
vt 0.136332005 0.919165015
vt 0.100666001 0.928502023
vt 0.100666001 0.951565027
vt 0.136332005 0.951565027
vt 0.171998993 0.919165015
vt 0.136332005 0.919165015
vt 0.136332005 0.951565027
vt 0.171998993 0.951565027
vt 0.0933170021 0.854776978
vt 0.0933170021 0.872644007
vt 0.130577996 0.872644007
vt 0.130576998 0.847544014
vt 0.130576998 0.847544014
vt 0.130577996 0.872644007
vt 0.167838007 0.872644007
vt 0.167838007 0.847544014
vt 0.167838007 0.847544014
vt 0.167838007 0.872644007
vt 0.205098003 0.872644007
vt 0.205098003 0.854776025
vt 0.205098003 0.854776025
vt 0.205098003 0.872644007
vt 0.242357001 0.872644007
vt 0.242357001 0.847544014
vt 0.344971001 0.83258301
vt 0.326341003 0.864850998
vt 0.344971001 0.897118986
vt 0.382230997 0.83258301
vt 0.382230997 0.897118986
vt 0.400860995 0.864850998
vt 0.279617012 0.847544014
vt 0.279617012 0.872644007
vt 0.316877007 0.872644007
vt 0.316877007 0.854776978
vt 0.242357001 0.847544014
vt 0.242357001 0.872644007
vt 0.279617012 0.872644007
vt 0.279617012 0.847544014
vt 0.883808017 0.31099999
vt 0.883808017 0.338515997
vt 0.967115998 0.338515997
vt 0.961659014 0.31099999
vt 0.883808017 0.338515997
vt 0.883808017 0.366032004
vt 0.967115998 0.366032004
vt 0.967115998 0.338515997
vt 0.883808017 0.366032004
vt 0.883808017 0.393548012
vt 0.961659014 0.393548012
vt 0.967115998 0.366032004
vt 0.883808017 0.393548012
vt 0.883808017 0.421065003
vt 0.967115998 0.421063989
vt 0.961659014 0.393548012
vt 0.883808017 0.44858101
vt 0.883808017 0.476096988
vt 0.961659014 0.476096988
vt 0.967115998 0.44858101
vt 0.883808017 0.421065003
vt 0.883808017 0.44858101
vt 0.967115998 0.44858101
vt 0.967115998 0.421063989
vt 0.089625001 0.499897003
vt 0.0295129996 0.463728011
vt 0.0295129996 0.499897003
vt 0.089625001 0.463530988
vt 0.169870004 0.48011601
vt 0.0295129996 0.427666008
vt 0.169870004 0.449014008
vt 0.444359004 0.48011601
vt 0.089625001 0.427581012
vt 0.0295129996 0.391672999
vt 0.089625001 0.391681999
vt 0.0295129996 0.355700999
vt 0.169870004 0.416851014
vt 0.444359004 0.449254006
vt 0.089625001 0.355706006
vt 0.0295129996 0.319712996
vt 0.169870004 0.384003013
vt 0.089625001 0.319617003
vt 0.0295129996 0.283692986
vt 0.592504025 0.506272018
vt 0.592504025 0.550899029
vt 0.444359004 0.417320997
vt 0.169870004 0.35066399
vt 0.089625001 0.283419997
vt 0.0295129996 0.247534007
vt 0.653936028 0.50880897
vt 0.653936028 0.552977026
vt 0.653936028 0.464610994
vt 0.592504025 0.462309986
vt 0.653936028 0.420336992
vt 0.592504025 0.418455005
vt 0.653936028 0.375981987
vt 0.444359004 0.384526014
vt 0.592504025 0.37450701
vt 0.653936028 0.331548989
vt 0.444359004 0.351090014
vt 0.592504025 0.330404997
vt 0.653936028 0.287054002
vt 0.169870004 0.316992998
vt 0.592504025 0.286145985
vt 0.653936028 0.242541
vt 0.444359004 0.317225993
vt 0.169870004 0.28312099
vt 0.592504025 0.241726995
vt 0.653936028 0.197594002
vt 0.444359004 0.28313899
vt 0.089625001 0.247198001
vt 0.0295129996 0.211317003
vt 0.592504025 0.197128996
vt 0.653936028 0.151949003
vt 0.444359004 0.249035001
vt 0.169870004 0.249236003
vt 0.089625001 0.210924
vt 0.0295129996 0.175061002
vt 0.592504025 0.152336001
vt 0.653936028 0.106308997
vt 0.444359004 0.215118006
vt 0.169870004 0.215468004
vt 0.089625001 0.174664006
vt 0.0295129996 0.138675004
vt 0.592504025 0.107288003
vt 0.653936028 0.0606160015
vt 0.444359004 0.18163
vt 0.169870004 0.181887999
vt 0.089625001 0.138398007
vt 0.0295129996 0.102151997
vt 0.592504025 0.0620569997
vt 0.653936028 0.0153029999
vt 0.592504025 0.0153029999
vt 0.444359004 0.148683995
vt 0.169870004 0.148800999
vt 0.089625001 0.102003999
vt 0.0295129996 0.0654800013
vt 0.089625001 0.0650919974
vt 0.444359004 0.116603002
vt 0.444359004 0.0859220028
vt 0.169870004 0.0846289992
vt 0.169870004 0.116379999
vt 0.73772198 0.92127502
vt 0.973281026 0.978879988
vt 0.973281026 0.949464023
vt 0.73772198 0.901515007
vt 0.489051998 0.947764993
vt 0.973281026 0.919889987
vt 0.489051998 0.922470987
vt 0.73772198 0.881406009
vt 0.973281026 0.890191019
vt 0.489051998 0.897445023
vt 0.73772198 0.861018002
vt 0.973281026 0.860392988
vt 0.489051998 0.872431993
vt 0.73772198 0.840418994
vt 0.973281026 0.830511987
vt 0.489051998 0.847437978
vt 0.73772198 0.819679022
vt 0.973281026 0.800563991
vt 0.489051998 0.822468996
vt 0.73772198 0.798868001
vt 0.973281026 0.77056098
vt 0.489051998 0.797523975
vt 0.73772198 0.778059006
vt 0.973281026 0.740517974
vt 0.489051998 0.772605002
vt 0.73772198 0.757321
vt 0.973281026 0.710456014
vt 0.489051998 0.747708976
vt 0.73772198 0.736725986
vt 0.973281026 0.680404007
vt 0.489051998 0.722836018
vt 0.73772198 0.716343999
vt 0.973281026 0.650403023
vt 0.489051998 0.69798398
vt 0.73772198 0.696245015
vt 0.973281026 0.620199978
vt 0.489051998 0.673153996
vt 0.73772198 0.676496029
vt 0.489051998 0.648347974
vt 0.892441988 0.0898680016
vt 0.892441988 0.117385
vt 0.975750983 0.117385
vt 0.970292985 0.0898680016
vt 0.892441988 0.117385
vt 0.892441988 0.144901007
vt 0.975750983 0.144901007
vt 0.975750983 0.117385
vt 0.892441988 0.144901007
vt 0.892441988 0.172417
vt 0.970292985 0.172417
vt 0.975750983 0.144901007
vt 0.892441988 0.172417
vt 0.892441988 0.199933007
vt 0.975750983 0.199933007
vt 0.970292985 0.172417
vt 0.892441988 0.227449
vt 0.892441988 0.254965991
vt 0.970292985 0.254965991
vt 0.975750983 0.227449
vt 0.892441988 0.199933007
vt 0.892441988 0.227449
vt 0.975750983 0.227449
vt 0.975750983 0.199933007
vt 0.258230001 0.604758978
vt 0.233843997 0.610661983
vt 0.235741004 0.617743015
vt 0.253046989 0.599574983
vt 0.211669996 0.610661983
vt 0.271214008 0.582269013
vt 0.209773004 0.617743015
vt 0.26413399 0.580371976
vt 0.192467004 0.599574983
vt 0.273182005 0.555773973
vt 0.187283993 0.604758978
vt 0.265814006 0.55774802
vt 0.179700002 0.580821991
vt 0.258230001 0.533811986
vt 0.172332004 0.582796991
vt 0.253046989 0.538995028
vt 0.181381002 0.558198988
vt 0.235741004 0.520828009
vt 0.1743 0.556302011
vt 0.233843997 0.527908027
vt 0.192467004 0.538995981
vt 0.209773004 0.520826995
vt 0.187283993 0.533813
vt 0.211669996 0.527908027
vt 0.317472011 0.616847992
vt 0.298936009 0.599910975
vt 0.293543011 0.605305016
vt 0.319370002 0.60976702
vt 0.28907901 0.579478979
vt 0.34344101 0.616847992
vt 0.281998008 0.581376016
vt 0.341544002 0.60976702
vt 0.289077997 0.557304978
vt 0.365931004 0.603865027
vt 0.281996995 0.555408001
vt 0.360747993 0.598680973
vt 0.300164014 0.538101971
vt 0.378917992 0.581377029
vt 0.29497999 0.53291899
vt 0.37183699 0.579478979
vt 0.319384009 0.527006984
vt 0.378921986 0.555409014
vt 0.317488015 0.519926012
vt 0.371841013 0.557304978
vt 0.341556996 0.527010977
vt 0.36738199 0.531477988
vt 0.343454987 0.519931018
vt 0.361988008 0.536871016
vt 0.424935997 0.520492971
vt 0.426833987 0.527575016
vt 0.449010998 0.527572989
vt 0.450908005 0.520492017
vt 0.402484 0.533472002
vt 0.469446987 0.537429988
vt 0.407665014 0.538655996
vt 0.474842012 0.532034993
vt 0.389494002 0.555953979
vt 0.479306996 0.557865024
vt 0.396573007 0.557852983
vt 0.486387998 0.555967987
vt 0.389486015 0.581918001
vt 0.479306996 0.580039978
vt 0.396566004 0.580022991
vt 0.486387998 0.581938028
vt 0.40101999 0.605848014
vt 0.468219012 0.599241972
vt 0.406414986 0.600455999
vt 0.47340101 0.604426026
vt 0.424943 0.61739701
vt 0.449014008 0.610324025
vt 0.426842004 0.610318005
vt 0.450908989 0.617403984
vt 0.0658499971 0.555539012
vt 0.0840160027 0.538233995
vt 0.0788329989 0.533051014
vt 0.0729300007 0.557435989
vt 0.103233002 0.527134001
vt 0.0658510029 0.581506014
vt 0.101336002 0.520053029
vt 0.0729309991 0.579608977
vt 0.125405997 0.527136981
vt 0.0773949996 0.605434
vt 0.127304003 0.520057023
vt 0.0827889964 0.600040019
vt 0.145838007 0.53699702
vt 0.101323999 0.616976023
vt 0.151232004 0.531603992
vt 0.103220999 0.609896004
vt 0.155691996 0.557430983
vt 0.127292007 0.616976023
vt 0.162772998 0.555535018
vt 0.125395 0.609894991
vt 0.155689001 0.579605997
vt 0.149783 0.603992999
vt 0.162770003 0.581503987
vt 0.144600004 0.598809004
vt 0.715175986 0.0900769979
vt 0.722938001 0.0978400037
vt 0.751676977 0.0812480003
vt 0.748835981 0.0706439987
vt 0.695742011 0.123737
vt 0.784861982 0.0812480003
vt 0.706345975 0.126579002
vt 0.787702978 0.0706439987
vt 0.695742011 0.162604004
vt 0.813600004 0.0978400037
vt 0.706345975 0.159762993
vt 0.821362972 0.0900769979
vt 0.715175986 0.196263999
vt 0.830192983 0.126579002
vt 0.722938001 0.188501999
vt 0.840795994 0.123737
vt 0.748835981 0.215698004
vt 0.830192983 0.159762993
vt 0.751676977 0.205093995
vt 0.840795994 0.162604004
vt 0.787702978 0.215698004
vt 0.813600004 0.188501999
vt 0.784861982 0.205093995
vt 0.821362972 0.196263999
vt 0.853190005 0.420520008
vt 0.820070982 0.452057987
vt 0.829523981 0.461510986
vt 0.840277016 0.417059004
vt 0.785072029 0.472263992
vt 0.853190005 0.373187006
vt 0.788532019 0.48517701
vt 0.840277016 0.376646996
vt 0.74466002 0.472263992
vt 0.829523981 0.332195014
vt 0.74119997 0.48517701
vt 0.820070982 0.341648996
vt 0.70966202 0.452057004
vt 0.788532019 0.30852899
vt 0.700209022 0.461510986
vt 0.785072029 0.321442991
vt 0.689455986 0.417059004
vt 0.74119997 0.30852899
vt 0.676541984 0.420518994
vt 0.74466002 0.321442991
vt 0.689455986 0.376646996
vt 0.700209022 0.332195014
vt 0.676541984 0.373187006
vt 0.70966202 0.341648996
vt 0.089625001 0.499897003
vt 0.0295129996 0.463728011
vt 0.0295129996 0.499897003
vt 0.089625001 0.463530988
vt 0.169870004 0.48011601
vt 0.0295129996 0.427666008
vt 0.169870004 0.449014008
vt 0.444359004 0.48011601
vt 0.089625001 0.427581012
vt 0.0295129996 0.391672999
vt 0.089625001 0.391681999
vt 0.0295129996 0.355700999
vt 0.169870004 0.416851014
vt 0.444359004 0.449254006
vt 0.089625001 0.355706006
vt 0.0295129996 0.319712996
vt 0.169870004 0.384003013
vt 0.089625001 0.319617003
vt 0.0295129996 0.283692986
vt 0.592504025 0.506272018
vt 0.592504025 0.550899029
vt 0.444359004 0.417320997
vt 0.169870004 0.35066399
vt 0.089625001 0.283419997
vt 0.0295129996 0.247534007
vt 0.653936028 0.50880897
vt 0.653936028 0.552977026
vt 0.653936028 0.464610994
vt 0.592504025 0.462309986
vt 0.653936028 0.420336992
vt 0.592504025 0.418455005
vt 0.653936028 0.375981987
vt 0.444359004 0.384526014
vt 0.592504025 0.37450701
vt 0.653936028 0.331548989
vt 0.444359004 0.351090014
vt 0.592504025 0.330404997
vt 0.653936028 0.287054002
vt 0.169870004 0.316992998
vt 0.592504025 0.286145985
vt 0.653936028 0.242541
vt 0.444359004 0.317225993
vt 0.169870004 0.28312099
vt 0.592504025 0.241726995
vt 0.653936028 0.197594002
vt 0.444359004 0.28313899
vt 0.089625001 0.247198001
vt 0.0295129996 0.211317003
vt 0.592504025 0.197128996
vt 0.653936028 0.151949003
vt 0.444359004 0.249035001
vt 0.169870004 0.249236003
vt 0.089625001 0.210924
vt 0.0295129996 0.175061002
vt 0.592504025 0.152336001
vt 0.653936028 0.106308997
vt 0.444359004 0.215118006
vt 0.169870004 0.215468004
vt 0.089625001 0.174664006
vt 0.0295129996 0.138675004
vt 0.592504025 0.107288003
vt 0.653936028 0.0606160015
vt 0.444359004 0.18163
vt 0.169870004 0.181887999
vt 0.089625001 0.138398007
vt 0.0295129996 0.102151997
vt 0.592504025 0.0620569997
vt 0.653936028 0.0153029999
vt 0.592504025 0.0153029999
vt 0.444359004 0.148683995
vt 0.169870004 0.148800999
vt 0.089625001 0.102003999
vt 0.0295129996 0.0654800013
vt 0.089625001 0.0650919974
vt 0.444359004 0.116603002
vt 0.444359004 0.0859220028
vt 0.169870004 0.0846289992
vt 0.169870004 0.116379999
vn 0.499993 0.000000 0.866029
vn 0.000000 0.000000 1.000000
vn 0.000000 0.000000 1.000000
vn 0.499993 0.000000 0.866029
vn 0.846903 0.000000 0.531748
vn 0.846903 0.000000 0.531748
vn 1.000000 0.000000 -0.000000
vn 1.000000 0.000000 -0.000000
vn 0.846903 0.000000 -0.531748
vn 0.846903 0.000000 -0.531748
vn 0.499993 0.000000 -0.866029
vn 0.499993 0.000000 -0.866029
vn 0.000000 0.000000 -1.000000
vn 0.000000 0.000000 -1.000000
vn -0.499993 0.000000 -0.866029
vn -0.499993 0.000000 -0.866029
vn -0.846894 0.000000 -0.531761
vn -0.846894 0.000000 -0.531761
vn -1.000000 0.000000 -0.000000
vn -1.000000 0.000000 -0.000000
vn -0.846894 0.000000 0.531761
vn -0.846894 0.000000 0.531761
vn -0.499993 0.000000 0.866029
vn -0.499993 0.000000 0.866029
vn 0.000000 0.000000 1.000000
vn 0.000000 0.000000 1.000000
vn 0.499993 0.000000 0.866029
vn 0.000000 0.000000 1.000000
vn 0.000000 0.000000 1.000000
vn 0.499993 0.000000 0.866029
vn 0.846903 0.000000 0.531748
vn 0.846903 0.000000 0.531748
vn 1.000000 0.000000 -0.000000
vn 1.000000 0.000000 -0.000000
vn 0.846903 0.000000 -0.531748
vn 0.846903 0.000000 -0.531748
vn 0.499993 0.000000 -0.866029
vn 0.499993 0.000000 -0.866029
vn 0.000000 0.000000 -1.000000
vn 0.000000 0.000000 -1.000000
vn -0.499993 0.000000 -0.866029
vn -0.499993 0.000000 -0.866029
vn -0.846894 0.000000 -0.531761
vn -0.846894 0.000000 -0.531761
vn -1.000000 0.000000 -0.000000
vn -1.000000 0.000000 -0.000000
vn -0.846894 0.000000 0.531761
vn -0.846894 0.000000 0.531761
vn -0.499993 0.000000 0.866029
vn -0.499993 0.000000 0.866029
vn 0.000000 0.000000 1.000000
vn 0.000000 0.000000 1.000000
vn 0.000000 0.866022 -0.500006
vn 0.000000 0.866022 -0.500006
vn 0.000000 0.866022 -0.500006
vn 0.000000 0.866022 -0.500006
vn 0.000000 0.000000 -1.000000
vn 0.000000 0.000000 -1.000000
vn 0.000000 0.000000 -1.000000
vn 0.000000 0.000000 -1.000000
vn 0.000000 -0.866022 -0.500006
vn 0.000000 -0.866022 -0.500006
vn 0.000000 -0.866022 -0.500006
vn 0.000000 -0.866022 -0.500006
vn 0.000000 -0.866022 0.500005
vn 0.000000 -0.866022 0.500005
vn 0.000000 -0.866022 0.500005
vn 0.000000 -0.866022 0.500005
vn -1.000000 0.000000 -0.000000
vn -1.000000 0.000000 -0.000000
vn -1.000000 0.000000 -0.000000
vn -1.000000 0.000000 -0.000000
vn -1.000000 0.000000 -0.000000
vn -1.000000 0.000000 -0.000000
vn 0.000000 0.866022 0.500005
vn 0.000000 0.866022 0.500005
vn 0.000000 0.866022 0.500005
vn 0.000000 0.866022 0.500005
vn 0.000000 0.000000 1.000000
vn 0.000000 0.000000 1.000000
vn 0.000000 0.000000 1.000000
vn 0.000000 0.000000 1.000000
vn 0.500011 0.866019 -0.000000
vn 0.500011 0.866019 -0.000000
vn 0.500011 0.866019 -0.000000
vn 0.500011 0.866019 -0.000000
vn 1.000000 0.000000 -0.000000
vn 1.000000 0.000000 -0.000000
vn 1.000000 0.000000 -0.000000
vn 1.000000 0.000000 -0.000000
vn 0.499986 -0.866033 -0.000000
vn 0.499986 -0.866033 -0.000000
vn 0.499986 -0.866033 -0.000000
vn 0.499986 -0.866033 -0.000000
vn -0.499986 -0.866033 -0.000000
vn -0.499986 -0.866033 -0.000000
vn -0.499986 -0.866033 -0.000000
vn -0.499986 -0.866033 -0.000000
vn 0.000000 0.000000 -1.000000
vn 0.000000 0.000000 -1.000000
vn 0.000000 0.000000 -1.000000
vn 0.000000 0.000000 -1.000000
vn 0.000000 0.000000 -1.000000
vn 0.000000 0.000000 -1.000000
vn -0.500011 0.866019 -0.000000
vn -0.500011 0.866019 -0.000000
vn -0.500011 0.866019 -0.000000
vn -0.500011 0.866019 -0.000000
vn -1.000000 0.000000 -0.000000
vn -1.000000 0.000000 -0.000000
vn -1.000000 0.000000 -0.000000
vn -1.000000 0.000000 -0.000000
vn 0.000000 0.866022 -0.500006
vn 0.000000 0.866022 -0.500006
vn 0.000000 0.866022 -0.500006
vn 0.000000 0.866022 -0.500006
vn 0.000000 0.000000 -1.000000
vn 0.000000 0.000000 -1.000000
vn 0.000000 0.000000 -1.000000
vn 0.000000 0.000000 -1.000000
vn 0.000000 -0.866022 -0.500006
vn 0.000000 -0.866022 -0.500006
vn 0.000000 -0.866022 -0.500006
vn 0.000000 -0.866022 -0.500006
vn 0.000000 -0.866022 0.500005
vn 0.000000 -0.866022 0.500005
vn 0.000000 -0.866022 0.500005
vn 0.000000 -0.866022 0.500005
vn 1.000000 0.000000 -0.000000
vn 1.000000 0.000000 -0.000000
vn 1.000000 0.000000 -0.000000
vn 1.000000 0.000000 -0.000000
vn 1.000000 0.000000 -0.000000
vn 1.000000 0.000000 -0.000000
vn 0.000000 0.866022 0.500005
vn 0.000000 0.866022 0.500005
vn 0.000000 0.866022 0.500005
vn 0.000000 0.866022 0.500005
vn 0.000000 0.000000 1.000000
vn 0.000000 0.000000 1.000000
vn 0.000000 0.000000 1.000000
vn 0.000000 0.000000 1.000000
vn 0.500002 0.866024 -0.000000
vn 0.500002 0.866024 -0.000000
vn 0.500002 0.866024 -0.000000
vn 0.500002 0.866024 -0.000000
vn 1.000000 0.000000 -0.000000
vn 1.000000 0.000000 -0.000000
vn 1.000000 0.000000 -0.000000
vn 1.000000 0.000000 -0.000000
vn 0.500002 -0.866024 -0.000000
vn 0.500002 -0.866024 -0.000000
vn 0.500002 -0.866024 -0.000000
vn 0.500002 -0.866024 -0.000000
vn -0.500002 -0.866024 -0.000000
vn -0.500002 -0.866024 -0.000000
vn -0.500002 -0.866024 -0.000000
vn -0.500002 -0.866024 -0.000000
vn -0.500002 0.866024 -0.000000
vn -0.500002 0.866024 -0.000000
vn -0.500002 0.866024 -0.000000
vn -0.500002 0.866024 -0.000000
vn -1.000000 0.000000 -0.000000
vn -1.000000 0.000000 -0.000000
vn -1.000000 0.000000 -0.000000
vn -1.000000 0.000000 -0.000000
vn 0.000000 0.083584 0.996501
vn -0.499998 0.000000 0.866027
vn 0.000000 0.000000 1.000000
vn -0.498248 0.083584 0.862996
vn 0.000000 0.083584 0.996501
vn -0.866025 0.000000 0.500001
vn -0.498246 0.083584 0.862997
vn 0.000000 -0.098593 0.995128
vn -0.862994 0.083586 0.498251
vn -1.000000 0.000000 -0.000000
vn -0.996500 0.083587 -0.000000
vn -0.866027 0.000000 -0.499998
vn -0.862995 0.083586 0.498250
vn -0.497557 -0.098592 0.861810
vn -0.862996 0.083586 -0.498248
vn -0.499998 0.000000 -0.866027
vn -0.996500 0.083587 -0.000000
vn -0.498247 0.083585 -0.862997
vn 0.000000 0.000000 -1.000000
vn -0.497555 -0.098592 0.861811
vn 0.000000 -0.098592 0.995128
vn -0.861805 -0.098594 0.497565
vn -0.862995 0.083587 -0.498249
vn 0.000000 0.083585 -0.996501
vn 0.499998 0.000000 -0.866027
vn -0.499990 0.000000 0.866031
vn 0.000000 0.000000 1.000000
vn -0.866024 0.000000 0.500003
vn -0.861805 -0.098594 0.497566
vn -1.000000 0.000000 -0.000000
vn -0.995128 -0.098593 -0.000000
vn -0.866027 0.000000 -0.499998
vn -0.995128 -0.098593 -0.000000
vn -0.861807 -0.098594 -0.497562
vn -0.500005 0.000000 -0.866022
vn -0.861806 -0.098594 -0.497564
vn -0.497567 -0.098594 -0.861804
vn 0.000000 0.000000 -1.000000
vn -0.498246 0.083585 -0.862998
vn 0.000000 -0.098594 -0.995128
vn 0.500003 0.000000 -0.866024
vn -0.497562 -0.098593 -0.861807
vn 0.000000 0.083585 -0.996501
vn 0.497567 -0.098592 -0.861804
vn 0.866024 0.000000 -0.500003
vn 0.000000 -0.098594 -0.995128
vn 0.498247 0.083585 -0.862997
vn 0.866027 0.000000 -0.499998
vn 0.861804 -0.098591 -0.497568
vn 1.000000 0.000000 -0.000000
vn 0.497563 -0.098592 -0.861807
vn 0.498246 0.083585 -0.862998
vn 0.862996 0.083586 -0.498249
vn 1.000000 0.000000 -0.000000
vn 0.995128 -0.098592 -0.000000
vn 0.866023 0.000000 0.500004
vn 0.861804 -0.098592 -0.497568
vn 0.862994 0.083586 -0.498251
vn 0.996500 0.083587 -0.000000
vn 0.866025 0.000000 0.500001
vn 0.861804 -0.098592 0.497568
vn 0.499994 0.000000 0.866029
vn 0.995128 -0.098592 -0.000000
vn 0.996500 0.083587 -0.000000
vn 0.862995 0.083586 0.498250
vn 0.499998 0.000000 0.866027
vn 0.497559 -0.098592 0.861809
vn 0.000000 0.000000 1.000000
vn 0.000000 -0.098592 0.995128
vn 0.861806 -0.098592 0.497565
vn 0.862996 0.083587 0.498248
vn 0.498248 0.083584 0.862996
vn 0.000000 0.000000 1.000000
vn 0.000000 0.083584 0.996501
vn 0.497559 -0.098592 0.861809
vn 0.000000 -0.098593 0.995128
vn 0.000000 0.083584 0.996501
vn 0.498246 0.083584 0.862997
vn 0.000000 0.023741 0.999718
vn 0.000000 0.094779 0.995498
vn 0.497741 0.094778 0.862131
vn 0.499853 0.023741 0.865785
vn 0.000000 -0.047433 0.998874
vn 0.862130 0.094778 0.497744
vn 0.499434 -0.047433 0.865053
vn 0.865783 0.023740 0.499857
vn 0.995499 0.094777 -0.000000
vn 0.865050 -0.047434 0.499438
vn 0.999718 0.023739 -0.000011
vn 0.862132 0.094778 -0.497741
vn 0.998874 -0.047436 -0.000013
vn 0.865784 0.023739 -0.499854
vn 0.497744 0.094778 -0.862130
vn 0.865051 -0.047436 -0.499436
vn 0.499857 0.023739 -0.865783
vn 0.000000 0.094776 -0.995499
vn 0.499438 -0.047435 -0.865050
vn 0.000000 0.023739 -0.999718
vn -0.497744 0.094778 -0.862130
vn 0.000000 -0.047435 -0.998874
vn -0.499857 0.023739 -0.865783
vn -0.862132 0.094778 -0.497741
vn -0.499438 -0.047435 -0.865050
vn -0.865784 0.023739 -0.499854
vn -0.995498 0.094778 -0.000000
vn -0.865051 -0.047436 -0.499436
vn -0.999718 0.023739 -0.000000
vn -0.862129 0.094779 0.497746
vn -0.998874 -0.047437 -0.000000
vn -0.865781 0.023740 0.499859
vn -0.497747 0.094779 0.862128
vn -0.865049 -0.047435 0.499440
vn -0.499859 0.023741 0.865781
vn 0.000000 0.094779 0.995498
vn -0.499440 -0.047434 0.865049
vn 0.000000 0.023741 0.999718
vn 0.000000 -0.047433 0.998874
vn 0.500035 0.866005 -0.000000
vn 0.500035 0.866005 -0.000000
vn 0.500035 0.866005 -0.000000
vn 0.500035 0.866005 -0.000000
vn 1.000000 0.000000 -0.000000
vn 1.000000 0.000000 -0.000000
vn 1.000000 0.000000 -0.000000
vn 1.000000 0.000000 -0.000000
vn 0.500003 -0.866024 -0.000000
vn 0.500003 -0.866024 -0.000000
vn 0.500003 -0.866024 -0.000000
vn 0.500003 -0.866024 -0.000000
vn -0.500003 -0.866024 -0.000000
vn -0.500003 -0.866024 -0.000000
vn -0.500003 -0.866024 -0.000000
vn -0.500003 -0.866024 -0.000000
vn -0.500035 0.866005 -0.000000
vn -0.500035 0.866005 -0.000000
vn -0.500035 0.866005 -0.000000
vn -0.500035 0.866005 -0.000000
vn -1.000000 0.000000 -0.000000
vn -1.000000 0.000000 -0.000000
vn -1.000000 0.000000 -0.000000
vn -1.000000 0.000000 -0.000000
vn 0.000000 1.000000 -0.000000
vn 0.000000 1.000000 -0.000000
vn 0.000000 1.000000 -0.000000
vn 0.000000 1.000000 -0.000000
vn 0.000000 1.000000 -0.000000
vn 0.000000 1.000000 -0.000000
vn 0.000000 1.000000 -0.000000
vn 0.000000 1.000000 -0.000000
vn 0.000000 1.000000 -0.000000
vn 0.000000 1.000000 -0.000000
vn 0.000000 1.000000 -0.000000
vn 0.000000 1.000000 -0.000000
vn 0.000000 1.000000 -0.000000
vn 0.000000 1.000000 -0.000000
vn 0.000000 1.000000 -0.000000
vn 0.000000 1.000000 -0.000000
vn 0.000000 1.000000 -0.000000
vn 0.000000 1.000000 -0.000000
vn 0.000000 1.000000 -0.000000
vn 0.000000 1.000000 -0.000000
vn 0.000000 1.000000 -0.000000
vn 0.000000 1.000000 -0.000000
vn 0.000000 1.000000 -0.000000
vn 0.000000 1.000000 -0.000000
vn 0.000000 -1.000000 -0.000000
vn 0.000000 -1.000000 -0.000000
vn 0.000000 -1.000000 -0.000000
vn 0.000000 -1.000000 -0.000000
vn 0.000000 -1.000000 -0.000000
vn 0.000000 -1.000000 -0.000000
vn 0.000000 -1.000000 -0.000000
vn 0.000000 -1.000000 -0.000000
vn 0.000000 -1.000000 -0.000000
vn 0.000000 -1.000000 -0.000000
vn 0.000000 -1.000000 -0.000000
vn 0.000000 -1.000000 -0.000000
vn 0.000000 -1.000000 -0.000000
vn 0.000000 -1.000000 -0.000000
vn 0.000000 -1.000000 -0.000000
vn 0.000000 -1.000000 -0.000000
vn 0.000000 -1.000000 -0.000000
vn 0.000000 -1.000000 -0.000000
vn 0.000000 -1.000000 -0.000000
vn 0.000000 -1.000000 -0.000000
vn 0.000000 -1.000000 -0.000000
vn 0.000000 -1.000000 -0.000000
vn 0.000000 -1.000000 -0.000000
vn 0.000000 -1.000000 -0.000000
vn 0.000000 1.000000 -0.000000
vn 0.000000 1.000000 -0.000000
vn 0.000000 1.000000 -0.000000
vn 0.000000 1.000000 -0.000000
vn 0.000000 1.000000 -0.000000
vn 0.000000 1.000000 -0.000000
vn 0.000000 1.000000 -0.000000
vn 0.000000 1.000000 -0.000000
vn 0.000000 1.000000 -0.000000
vn 0.000000 1.000000 -0.000000
vn 0.000000 1.000000 -0.000000
vn 0.000000 1.000000 -0.000000
vn 0.000000 1.000000 -0.000000
vn 0.000000 1.000000 -0.000000
vn 0.000000 1.000000 -0.000000
vn 0.000000 1.000000 -0.000000
vn 0.000000 1.000000 -0.000000
vn 0.000000 1.000000 -0.000000
vn 0.000000 1.000000 -0.000000
vn 0.000000 1.000000 -0.000000
vn 0.000000 1.000000 -0.000000
vn 0.000000 1.000000 -0.000000
vn 0.000000 1.000000 -0.000000
vn 0.000000 1.000000 -0.000000
vn 0.000000 -1.000000 -0.000000
vn 0.000000 -1.000000 -0.000000
vn 0.000000 -1.000000 -0.000000
vn 0.000000 -1.000000 -0.000000
vn 0.000000 -1.000000 -0.000000
vn 0.000000 -1.000000 -0.000000
vn 0.000000 -1.000000 -0.000000
vn 0.000000 -1.000000 -0.000000
vn 0.000000 -1.000000 -0.000000
vn 0.000000 -1.000000 -0.000000
vn 0.000000 -1.000000 -0.000000
vn 0.000000 -1.000000 -0.000000
vn 0.000000 -1.000000 -0.000000
vn 0.000000 -1.000000 -0.000000
vn 0.000000 -1.000000 -0.000000
vn 0.000000 -1.000000 -0.000000
vn 0.000000 -1.000000 -0.000000
vn 0.000000 -1.000000 -0.000000
vn 0.000000 -1.000000 -0.000000
vn 0.000000 -1.000000 -0.000000
vn 0.000000 -1.000000 -0.000000
vn 0.000000 -1.000000 -0.000000
vn 0.000000 -1.000000 -0.000000
vn 0.000000 -1.000000 -0.000000
vn 0.000000 -1.000000 -0.000000
vn 0.000000 -1.000000 -0.000000
vn 0.000000 -1.000000 -0.000000
vn 0.000000 -1.000000 -0.000000
vn 0.000000 -1.000000 -0.000000
vn 0.000000 -1.000000 -0.000000
vn 0.000000 -1.000000 -0.000000
vn 0.000000 -1.000000 -0.000000
vn 0.000000 -1.000000 -0.000000
vn 0.000000 -1.000000 -0.000000
vn 0.000000 -1.000000 -0.000000
vn 0.000000 -1.000000 -0.000000
vn 0.000000 -1.000000 -0.000000
vn 0.000000 -1.000000 -0.000000
vn 0.000000 -1.000000 -0.000000
vn 0.000000 -1.000000 -0.000000
vn 0.000000 -1.000000 -0.000000
vn 0.000000 -1.000000 -0.000000
vn 0.000000 -1.000000 -0.000000
vn 0.000000 -1.000000 -0.000000
vn 0.000000 -1.000000 -0.000000
vn 0.000000 -1.000000 -0.000000
vn 0.000000 -1.000000 -0.000000
vn 0.000000 -1.000000 -0.000000
vn 0.000000 1.000000 -0.000000
vn 0.000000 1.000000 -0.000000
vn 0.000000 1.000000 -0.000000
vn 0.000000 1.000000 -0.000000
vn 0.000000 1.000000 -0.000000
vn 0.000000 1.000000 -0.000000
vn 0.000000 1.000000 -0.000000
vn 0.000000 1.000000 -0.000000
vn 0.000000 1.000000 -0.000000
vn 0.000000 1.000000 -0.000000
vn 0.000000 1.000000 -0.000000
vn 0.000000 1.000000 -0.000000
vn 0.000000 1.000000 -0.000000
vn 0.000000 1.000000 -0.000000
vn 0.000000 1.000000 -0.000000
vn 0.000000 1.000000 -0.000000
vn 0.000000 1.000000 -0.000000
vn 0.000000 1.000000 -0.000000
vn 0.000000 1.000000 -0.000000
vn 0.000000 1.000000 -0.000000
vn 0.000000 1.000000 -0.000000
vn 0.000000 1.000000 -0.000000
vn 0.000000 1.000000 -0.000000
vn 0.000000 1.000000 -0.000000
vn 0.000000 0.083584 0.996501
vn -0.499998 0.000000 0.866027
vn 0.000000 0.000000 1.000000
vn -0.498248 0.083584 0.862996
vn 0.000000 0.083584 0.996501
vn -0.866025 0.000000 0.500001
vn -0.498246 0.083584 0.862997
vn 0.000000 -0.098593 0.995128
vn -0.862994 0.083586 0.498251
vn -1.000000 0.000000 -0.000000
vn -0.996500 0.083587 -0.000000
vn -0.866027 0.000000 -0.499998
vn -0.862995 0.083586 0.498250
vn -0.497557 -0.098592 0.861810
vn -0.862996 0.083586 -0.498248
vn -0.499998 0.000000 -0.866027
vn -0.996500 0.083587 -0.000000
vn -0.498247 0.083585 -0.862997
vn 0.000000 0.000000 -1.000000
vn -0.497555 -0.098592 0.861811
vn 0.000000 -0.098592 0.995128
vn -0.861805 -0.098594 0.497565
vn -0.862995 0.083587 -0.498249
vn 0.000000 0.083585 -0.996501
vn 0.499998 0.000000 -0.866027
vn -0.499990 0.000000 0.866031
vn 0.000000 0.000000 1.000000
vn -0.866024 0.000000 0.500003
vn -0.861805 -0.098594 0.497566
vn -1.000000 0.000000 -0.000000
vn -0.995128 -0.098593 -0.000000
vn -0.866027 0.000000 -0.499998
vn -0.995128 -0.098593 -0.000000
vn -0.861807 -0.098594 -0.497562
vn -0.500005 0.000000 -0.866022
vn -0.861806 -0.098594 -0.497564
vn -0.497567 -0.098594 -0.861804
vn 0.000000 0.000000 -1.000000
vn -0.498246 0.083585 -0.862998
vn 0.000000 -0.098594 -0.995128
vn 0.500003 0.000000 -0.866024
vn -0.497562 -0.098593 -0.861807
vn 0.000000 0.083585 -0.996501
vn 0.497567 -0.098592 -0.861804
vn 0.866024 0.000000 -0.500003
vn 0.000000 -0.098594 -0.995128
vn 0.498247 0.083585 -0.862997
vn 0.866027 0.000000 -0.499998
vn 0.861804 -0.098591 -0.497568
vn 1.000000 0.000000 -0.000000
vn 0.497563 -0.098592 -0.861807
vn 0.498246 0.083585 -0.862998
vn 0.862996 0.083586 -0.498249
vn 1.000000 0.000000 -0.000000
vn 0.995128 -0.098592 -0.000000
vn 0.866023 0.000000 0.500004
vn 0.861804 -0.098592 -0.497568
vn 0.862994 0.083586 -0.498251
vn 0.996500 0.083587 -0.000000
vn 0.866025 0.000000 0.500001
vn 0.861804 -0.098592 0.497568
vn 0.499994 0.000000 0.866029
vn 0.995128 -0.098592 -0.000000
vn 0.996500 0.083587 -0.000000
vn 0.862995 0.083586 0.498250
vn 0.499998 0.000000 0.866027
vn 0.497559 -0.098592 0.861809
vn 0.000000 0.000000 1.000000
vn 0.000000 -0.098592 0.995128
vn 0.861806 -0.098592 0.497565
vn 0.862996 0.083587 0.498248
vn 0.498248 0.083584 0.862996
vn 0.000000 0.000000 1.000000
vn 0.000000 0.083584 0.996501
vn 0.497559 -0.098592 0.861809
vn 0.000000 -0.098593 0.995128
vn 0.000000 0.083584 0.996501
vn 0.498246 0.083584 0.862997
f 1/1/1 2/2/2 3/3/3
f 1/1/1 3/3/3 4/4/4
f 5/5/5 1/1/1 4/4/4
f 5/5/5 4/4/4 6/6/6
f 7/7/7 5/5/5 6/6/6
f 7/7/7 6/6/6 8/8/8
f 9/9/9 7/7/7 8/8/8
f 9/9/9 8/8/8 10/10/10
f 11/11/11 9/9/9 10/10/10
f 11/11/11 10/10/10 12/12/12
f 13/13/13 11/11/11 12/12/12
f 13/13/13 12/12/12 14/14/14
f 15/15/15 13/13/13 14/14/14
f 15/15/15 14/14/14 16/16/16
f 17/17/17 15/15/15 16/16/16
f 17/17/17 16/16/16 18/18/18
f 19/19/19 17/17/17 18/18/18
f 19/19/19 18/18/18 20/20/20
f 21/21/21 19/19/19 20/20/20
f 21/21/21 20/20/20 22/22/22
f 23/23/23 21/21/21 22/22/22
f 23/23/23 22/22/22 24/24/24
f 25/25/25 23/23/23 24/24/24
f 25/25/25 24/24/24 26/26/26
f 27/27/27 28/28/28 29/29/29
f 27/27/27 29/29/29 30/30/30
f 31/31/31 27/27/27 30/30/30
f 31/31/31 30/30/30 32/32/32
f 33/33/33 31/31/31 32/32/32
f 33/33/33 32/32/32 34/34/34
f 35/35/35 33/33/33 34/34/34
f 35/35/35 34/34/34 36/36/36
f 37/37/37 35/35/35 36/36/36
f 37/37/37 36/36/36 38/38/38
f 39/39/39 37/37/37 38/38/38
f 39/39/39 38/38/38 40/40/40
f 41/41/41 39/39/39 40/40/40
f 41/41/41 40/40/40 42/42/42
f 43/43/43 41/41/41 42/42/42
f 43/43/43 42/42/42 44/44/44
f 45/45/45 43/43/43 44/44/44
f 45/45/45 44/44/44 46/46/46
f 47/47/47 45/45/45 46/46/46
f 47/47/47 46/46/46 48/48/48
f 49/49/49 47/47/47 48/48/48
f 49/49/49 48/48/48 50/50/50
f 51/51/51 49/49/49 50/50/50
f 51/51/51 50/50/50 52/52/52
f 53/53/53 54/54/54 55/55/55
f 53/53/53 55/55/55 56/56/56
f 57/57/57 58/58/58 59/59/59
f 57/57/57 59/59/59 60/60/60
f 61/61/61 62/62/62 63/63/63
f 61/61/61 63/63/63 64/64/64
f 65/65/65 66/66/66 67/67/67
f 65/65/65 67/67/67 68/68/68
f 69/69/69 70/70/70 71/71/71
f 71/71/71 72/72/72 69/69/69
f 71/71/71 73/73/73 72/72/72
f 73/73/73 74/74/74 72/72/72
f 75/75/75 76/76/76 77/77/77
f 75/75/75 77/77/77 78/78/78
f 79/79/79 80/80/80 81/81/81
f 79/79/79 81/81/81 82/82/82
f 83/83/83 84/84/84 85/85/85
f 83/83/83 85/85/85 86/86/86
f 87/87/87 88/88/88 89/89/89
f 87/87/87 89/89/89 90/90/90
f 91/91/91 92/92/92 93/93/93
f 91/91/91 93/93/93 94/94/94
f 95/95/95 96/96/96 97/97/97
f 95/95/95 97/97/97 98/98/98
f 99/99/99 100/100/100 101/101/101
f 101/101/101 102/102/102 99/99/99
f 102/102/102 103/103/103 99/99/99
f 102/102/102 104/104/104 103/103/103
f 105/105/105 106/106/106 107/107/107
f 105/105/105 107/107/107 108/108/108
f 109/109/109 110/110/110 111/111/111
f 109/109/109 111/111/111 112/112/112
f 113/113/113 114/114/114 115/115/115
f 113/113/113 115/115/115 116/116/116
f 117/117/117 118/118/118 119/119/119
f 117/117/117 119/119/119 120/120/120
f 121/121/121 122/122/122 123/123/123
f 121/121/121 123/123/123 124/124/124
f 125/125/125 126/126/126 127/127/127
f 125/125/125 127/127/127 128/128/128
f 129/129/129 130/130/130 131/131/131
f 131/131/131 132/132/132 129/129/129
f 131/131/131 133/133/133 132/132/132
f 133/133/133 134/134/134 132/132/132
f 135/135/135 136/136/136 137/137/137
f 135/135/135 137/137/137 138/138/138
f 139/139/139 140/140/140 141/141/141
f 139/139/139 141/141/141 142/142/142
f 143/143/143 144/144/144 145/145/145
f 143/143/143 145/145/145 146/146/146
f 147/147/147 148/148/148 149/149/149
f 147/147/147 149/149/149 150/150/150
f 151/151/151 152/152/152 153/153/153
f 151/151/151 153/153/153 154/154/154
f 155/155/155 156/156/156 157/157/157
f 155/155/155 157/157/157 158/158/158
f 159/159/159 160/160/160 161/161/161
f 159/159/159 161/161/161 162/162/162
f 163/163/163 164/164/164 165/165/165
f 163/163/163 165/165/165 166/166/166
f 167/167/167 168/168/168 169/169/169
f 167/167/167 170/170/170 168/168/168
f 171/171/171 170/170/170 167/167/167
f 170/170/170 172/172/172 168/168/168
f 171/171/171 173/173/173 170/170/170
f 174/174/174 173/173/173 171/171/171
f 170/170/170 175/175/175 172/172/172
f 173/173/173 175/175/175 170/170/170
f 175/175/175 176/176/176 172/172/172
f 175/175/175 177/177/177 176/176/176
f 177/177/177 178/178/178 176/176/176
f 173/173/173 179/179/179 175/175/175
f 179/179/179 177/177/177 175/175/175
f 174/174/174 180/180/180 173/173/173
f 180/180/180 179/179/179 173/173/173
f 177/177/177 181/181/181 178/178/178
f 181/181/181 182/182/182 178/178/178
f 179/179/179 183/183/183 177/177/177
f 183/183/183 181/181/181 177/177/177
f 181/181/181 184/184/184 182/182/182
f 184/184/184 185/185/185 182/182/182
f 174/174/174 186/186/186 180/180/180
f 174/174/174 187/187/187 186/186/186
f 180/180/180 188/188/188 179/179/179
f 188/188/188 183/183/183 179/179/179
f 183/183/183 189/189/189 181/181/181
f 189/189/189 184/184/184 181/181/181
f 184/184/184 190/190/190 185/185/185
f 190/190/190 191/191/191 185/185/185
f 187/187/187 192/192/192 186/186/186
f 187/187/187 193/193/193 192/192/192
f 186/186/186 192/192/192 194/194/194
f 180/180/180 186/186/186 195/195/195
f 186/186/186 194/194/194 195/195/195
f 180/180/180 195/195/195 188/188/188
f 195/195/195 194/194/194 196/196/196
f 195/195/195 196/196/196 197/197/197
f 188/188/188 195/195/195 197/197/197
f 197/197/197 196/196/196 198/198/198
f 188/188/188 197/197/197 199/199/199
f 188/188/188 199/199/199 183/183/183
f 199/199/199 189/189/189 183/183/183
f 197/197/197 198/198/198 200/200/200
f 199/199/199 197/197/197 200/200/200
f 200/200/200 198/198/198 201/201/201
f 199/199/199 202/202/202 189/189/189
f 199/199/199 200/200/200 202/202/202
f 200/200/200 201/201/201 203/203/203
f 202/202/202 200/200/200 203/203/203
f 203/203/203 201/201/201 204/204/204
f 202/202/202 205/205/205 189/189/189
f 189/189/189 205/205/205 184/184/184
f 205/205/205 190/190/190 184/184/184
f 203/203/203 204/204/204 206/206/206
f 206/206/206 204/204/204 207/207/207
f 202/202/202 203/203/203 208/208/208
f 202/202/202 208/208/208 205/205/205
f 208/208/208 203/203/203 206/206/206
f 205/205/205 209/209/209 190/190/190
f 208/208/208 209/209/209 205/205/205
f 206/206/206 207/207/207 210/210/210
f 210/210/210 207/207/207 211/211/211
f 208/208/208 206/206/206 212/212/212
f 208/208/208 212/212/212 209/209/209
f 212/212/212 206/206/206 210/210/210
f 209/209/209 213/213/213 190/190/190
f 190/190/190 213/213/213 191/191/191
f 213/213/213 214/214/214 191/191/191
f 210/210/210 211/211/211 215/215/215
f 215/215/215 211/211/211 216/216/216
f 212/212/212 210/210/210 217/217/217
f 217/217/217 210/210/210 215/215/215
f 212/212/212 218/218/218 209/209/209
f 209/209/209 218/218/218 213/213/213
f 212/212/212 217/217/217 218/218/218
f 213/213/213 219/219/219 214/214/214
f 218/218/218 219/219/219 213/213/213
f 219/219/219 220/220/220 214/214/214
f 215/215/215 216/216/216 221/221/221
f 221/221/221 216/216/216 222/222/222
f 217/217/217 215/215/215 223/223/223
f 223/223/223 215/215/215 221/221/221
f 217/217/217 224/224/224 218/218/218
f 218/218/218 224/224/224 219/219/219
f 217/217/217 223/223/223 224/224/224
f 219/219/219 225/225/225 220/220/220
f 224/224/224 225/225/225 219/219/219
f 225/225/225 226/226/226 220/220/220
f 221/221/221 222/222/222 227/227/227
f 227/227/227 222/222/222 228/228/228
f 223/223/223 221/221/221 229/229/229
f 229/229/229 221/221/221 227/227/227
f 223/223/223 230/230/230 224/224/224
f 224/224/224 230/230/230 225/225/225
f 223/223/223 229/229/229 230/230/230
f 225/225/225 231/231/231 226/226/226
f 230/230/230 231/231/231 225/225/225
f 231/231/231 232/232/232 226/226/226
f 227/227/227 228/228/228 233/233/233
f 233/233/233 228/228/228 234/234/234
f 233/233/233 234/234/234 235/235/235
f 229/229/229 227/227/227 236/236/236
f 236/236/236 227/227/227 233/233/233
f 229/229/229 237/237/237 230/230/230
f 230/230/230 237/237/237 231/231/231
f 229/229/229 236/236/236 237/237/237
f 231/231/231 238/238/238 232/232/232
f 237/237/237 238/238/238 231/231/231
f 238/238/238 239/239/239 232/232/232
f 238/238/238 240/240/240 239/239/239
f 241/241/241 233/233/233 235/235/235
f 236/236/236 233/233/233 241/241/241
f 241/241/241 235/235/235 242/242/242
f 241/241/241 242/242/242 243/243/243
f 237/237/237 244/244/244 238/238/238
f 244/244/244 240/240/240 238/238/238
f 236/236/236 244/244/244 237/237/237
f 236/236/236 241/241/241 244/244/244
f 244/244/244 243/243/243 240/240/240
f 241/241/241 243/243/243 244/244/244
f 245/245/245 246/246/246 247/247/247
f 245/245/245 247/247/247 248/248/248
f 249/249/249 245/245/245 248/248/248
f 248/248/248 247/247/247 250/250/250
f 249/249/249 248/248/248 251/251/251
f 248/248/248 250/250/250 252/252/252
f 251/251/251 248/248/248 252/252/252
f 252/252/252 250/250/250 253/253/253
f 251/251/251 252/252/252 254/254/254
f 252/252/252 253/253/253 255/255/255
f 254/254/254 252/252/252 255/255/255
f 255/255/255 253/253/253 256/256/256
f 254/254/254 255/255/255 257/257/257
f 255/255/255 256/256/256 258/258/258
f 257/257/257 255/255/255 258/258/258
f 258/258/258 256/256/256 259/259/259
f 257/257/257 258/258/258 260/260/260
f 258/258/258 259/259/259 261/261/261
f 260/260/260 258/258/258 261/261/261
f 261/261/261 259/259/259 262/262/262
f 260/260/260 261/261/261 263/263/263
f 261/261/261 262/262/262 264/264/264
f 263/263/263 261/261/261 264/264/264
f 264/264/264 262/262/262 265/265/265
f 263/263/263 264/264/264 266/266/266
f 264/264/264 265/265/265 267/267/267
f 266/266/266 264/264/264 267/267/267
f 267/267/267 265/265/265 268/268/268
f 266/266/266 267/267/267 269/269/269
f 267/267/267 268/268/268 270/270/270
f 269/269/269 267/267/267 270/270/270
f 270/270/270 268/268/268 271/271/271
f 269/269/269 270/270/270 272/272/272
f 270/270/270 271/271/271 273/273/273
f 272/272/272 270/270/270 273/273/273
f 273/273/273 271/271/271 274/274/274
f 272/272/272 273/273/273 275/275/275
f 273/273/273 274/274/274 276/276/276
f 275/275/275 273/273/273 276/276/276
f 276/276/276 274/274/274 277/277/277
f 275/275/275 276/276/276 278/278/278
f 276/276/276 277/277/277 279/279/279
f 278/278/278 276/276/276 279/279/279
f 279/279/279 277/277/277 280/280/280
f 278/278/278 279/279/279 281/281/281
f 279/279/279 280/280/280 282/282/282
f 281/281/281 279/279/279 282/282/282
f 281/281/281 282/282/282 283/283/283
f 284/284/284 285/285/285 286/286/286
f 284/284/284 286/286/286 287/287/287
f 288/288/288 289/289/289 290/290/290
f 288/288/288 290/290/290 291/291/291
f 292/292/292 293/293/293 294/294/294
f 292/292/292 294/294/294 295/295/295
f 296/296/296 297/297/297 298/298/298
f 296/296/296 298/298/298 299/299/299
f 300/300/300 301/301/301 302/302/302
f 300/300/300 302/302/302 303/303/303
f 304/304/304 305/305/305 306/306/306
f 304/304/304 306/306/306 307/307/307
f 308/308/308 309/309/309 310/310/310
f 308/308/308 311/311/311 309/309/309
f 310/310/310 309/309/309 312/312/312
f 313/313/313 311/311/311 308/308/308
f 310/310/310 312/312/312 314/314/314
f 313/313/313 315/315/315 311/311/311
f 314/314/314 312/312/312 316/316/316
f 317/317/317 315/315/315 313/313/313
f 314/314/314 316/316/316 318/318/318
f 317/317/317 319/319/319 315/315/315
f 318/318/318 316/316/316 320/320/320
f 321/321/321 319/319/319 317/317/317
f 318/318/318 320/320/320 322/322/322
f 321/321/321 323/323/323 319/319/319
f 322/322/322 320/320/320 324/324/324
f 325/325/325 323/323/323 321/321/321
f 322/322/322 324/324/324 326/326/326
f 325/325/325 327/327/327 323/323/323
f 326/326/326 324/324/324 328/328/328
f 329/329/329 327/327/327 325/325/325
f 326/326/326 328/328/328 330/330/330
f 329/329/329 331/331/331 327/327/327
f 330/330/330 328/328/328 331/331/331
f 330/330/330 331/331/331 329/329/329
f 332/332/332 333/333/333 334/334/334
f 332/332/332 335/335/335 333/333/333
f 334/334/334 333/333/333 336/336/336
f 337/337/337 335/335/335 332/332/332
f 334/334/334 336/336/336 338/338/338
f 337/337/337 339/339/339 335/335/335
f 338/338/338 336/336/336 340/340/340
f 341/341/341 339/339/339 337/337/337
f 338/338/338 340/340/340 342/342/342
f 341/341/341 343/343/343 339/339/339
f 342/342/342 340/340/340 344/344/344
f 345/345/345 343/343/343 341/341/341
f 342/342/342 344/344/344 346/346/346
f 345/345/345 347/347/347 343/343/343
f 346/346/346 344/344/344 348/348/348
f 349/349/349 347/347/347 345/345/345
f 346/346/346 348/348/348 350/350/350
f 349/349/349 351/351/351 347/347/347
f 350/350/350 348/348/348 352/352/352
f 353/353/353 351/351/351 349/349/349
f 350/350/350 352/352/352 354/354/354
f 353/353/353 355/355/355 351/351/351
f 354/354/354 352/352/352 355/355/355
f 354/354/354 355/355/355 353/353/353
f 356/356/356 357/357/357 358/358/358
f 356/356/356 358/358/358 359/359/359
f 360/360/360 357/357/357 356/356/356
f 359/359/359 358/358/358 361/361/361
f 360/360/360 362/362/362 357/357/357
f 359/359/359 361/361/361 363/363/363
f 364/364/364 362/362/362 360/360/360
f 363/363/363 361/361/361 365/365/365
f 364/364/364 366/366/366 362/362/362
f 363/363/363 365/365/365 367/367/367
f 368/368/368 366/366/366 364/364/364
f 367/367/367 365/365/365 369/369/369
f 368/368/368 370/370/370 366/366/366
f 367/367/367 369/369/369 371/371/371
f 372/372/372 370/370/370 368/368/368
f 371/371/371 369/369/369 373/373/373
f 372/372/372 374/374/374 370/370/370
f 371/371/371 373/373/373 375/375/375
f 376/376/376 374/374/374 372/372/372
f 375/375/375 373/373/373 377/377/377
f 376/376/376 378/378/378 374/374/374
f 375/375/375 377/377/377 379/379/379
f 379/379/379 378/378/378 376/376/376
f 379/379/379 377/377/377 378/378/378
f 380/380/380 381/381/381 382/382/382
f 380/380/380 383/383/383 381/381/381
f 382/382/382 381/381/381 384/384/384
f 385/385/385 383/383/383 380/380/380
f 382/382/382 384/384/384 386/386/386
f 385/385/385 387/387/387 383/383/383
f 386/386/386 384/384/384 388/388/388
f 389/389/389 387/387/387 385/385/385
f 386/386/386 388/388/388 390/390/390
f 389/389/389 391/391/391 387/387/387
f 390/390/390 388/388/388 392/392/392
f 393/393/393 391/391/391 389/389/389
f 390/390/390 392/392/392 394/394/394
f 393/393/393 395/395/395 391/391/391
f 394/394/394 392/392/392 396/396/396
f 397/397/397 395/395/395 393/393/393
f 394/394/394 396/396/396 398/398/398
f 397/397/397 399/399/399 395/395/395
f 398/398/398 396/396/396 400/400/400
f 401/401/401 399/399/399 397/397/397
f 398/398/398 400/400/400 402/402/402
f 401/401/401 403/403/403 399/399/399
f 402/402/402 400/400/400 403/403/403
f 402/402/402 403/403/403 401/401/401
f 404/404/404 405/405/405 406/406/406
f 404/404/404 406/406/406 407/407/407
f 408/408/408 405/405/405 404/404/404
f 407/407/407 406/406/406 409/409/409
f 408/408/408 410/410/410 405/405/405
f 407/407/407 409/409/409 411/411/411
f 412/412/412 410/410/410 408/408/408
f 411/411/411 409/409/409 413/413/413
f 412/412/412 414/414/414 410/410/410
f 411/411/411 413/413/413 415/415/415
f 416/416/416 414/414/414 412/412/412
f 415/415/415 413/413/413 417/417/417
f 416/416/416 418/418/418 414/414/414
f 415/415/415 417/417/417 419/419/419
f 420/420/420 418/418/418 416/416/416
f 419/419/419 417/417/417 421/421/421
f 420/420/420 422/422/422 418/418/418
f 419/419/419 421/421/421 423/423/423
f 424/424/424 422/422/422 420/420/420
f 423/423/423 421/421/421 425/425/425
f 424/424/424 426/426/426 422/422/422
f 423/423/423 425/425/425 427/427/427
f 427/427/427 426/426/426 424/424/424
f 427/427/427 425/425/425 426/426/426
f 428/428/428 429/429/429 430/430/430
f 428/428/428 431/431/431 429/429/429
f 430/430/430 429/429/429 432/432/432
f 433/433/433 431/431/431 428/428/428
f 430/430/430 432/432/432 434/434/434
f 433/433/433 435/435/435 431/431/431
f 434/434/434 432/432/432 436/436/436
f 437/437/437 435/435/435 433/433/433
f 434/434/434 436/436/436 438/438/438
f 437/437/437 439/439/439 435/435/435
f 438/438/438 436/436/436 440/440/440
f 441/441/441 439/439/439 437/437/437
f 438/438/438 440/440/440 442/442/442
f 441/441/441 443/443/443 439/439/439
f 442/442/442 440/440/440 444/444/444
f 445/445/445 443/443/443 441/441/441
f 442/442/442 444/444/444 446/446/446
f 445/445/445 447/447/447 443/443/443
f 446/446/446 444/444/444 448/448/448
f 449/449/449 447/447/447 445/445/445
f 446/446/446 448/448/448 450/450/450
f 449/449/449 451/451/451 447/447/447
f 450/450/450 448/448/448 451/451/451
f 450/450/450 451/451/451 449/449/449
f 452/452/452 453/453/453 454/454/454
f 452/452/452 455/455/455 453/453/453
f 456/456/456 455/455/455 452/452/452
f 455/455/455 457/457/457 453/453/453
f 456/456/456 458/458/458 455/455/455
f 459/459/459 458/458/458 456/456/456
f 455/455/455 460/460/460 457/457/457
f 458/458/458 460/460/460 455/455/455
f 460/460/460 461/461/461 457/457/457
f 460/460/460 462/462/462 461/461/461
f 462/462/462 463/463/463 461/461/461
f 458/458/458 464/464/464 460/460/460
f 464/464/464 462/462/462 460/460/460
f 459/459/459 465/465/465 458/458/458
f 465/465/465 464/464/464 458/458/458
f 462/462/462 466/466/466 463/463/463
f 466/466/466 467/467/467 463/463/463
f 464/464/464 468/468/468 462/462/462
f 468/468/468 466/466/466 462/462/462
f 466/466/466 469/469/469 467/467/467
f 469/469/469 470/470/470 467/467/467
f 459/459/459 471/471/471 465/465/465
f 459/459/459 472/472/472 471/471/471
f 465/465/465 473/473/473 464/464/464
f 473/473/473 468/468/468 464/464/464
f 468/468/468 474/474/474 466/466/466
f 474/474/474 469/469/469 466/466/466
f 469/469/469 475/475/475 470/470/470
f 475/475/475 476/476/476 470/470/470
f 472/472/472 477/477/477 471/471/471
f 472/472/472 478/478/478 477/477/477
f 471/471/471 477/477/477 479/479/479
f 465/465/465 471/471/471 480/480/480
f 471/471/471 479/479/479 480/480/480
f 465/465/465 480/480/480 473/473/473
f 480/480/480 479/479/479 481/481/481
f 480/480/480 481/481/481 482/482/482
f 473/473/473 480/480/480 482/482/482
f 482/482/482 481/481/481 483/483/483
f 473/473/473 482/482/482 484/484/484
f 473/473/473 484/484/484 468/468/468
f 484/484/484 474/474/474 468/468/468
f 482/482/482 483/483/483 485/485/485
f 484/484/484 482/482/482 485/485/485
f 485/485/485 483/483/483 486/486/486
f 484/484/484 487/487/487 474/474/474
f 484/484/484 485/485/485 487/487/487
f 485/485/485 486/486/486 488/488/488
f 487/487/487 485/485/485 488/488/488
f 488/488/488 486/486/486 489/489/489
f 487/487/487 490/490/490 474/474/474
f 474/474/474 490/490/490 469/469/469
f 490/490/490 475/475/475 469/469/469
f 488/488/488 489/489/489 491/491/491
f 491/491/491 489/489/489 492/492/492
f 487/487/487 488/488/488 493/493/493
f 487/487/487 493/493/493 490/490/490
f 493/493/493 488/488/488 491/491/491
f 490/490/490 494/494/494 475/475/475
f 493/493/493 494/494/494 490/490/490
f 491/491/491 492/492/492 495/495/495
f 495/495/495 492/492/492 496/496/496
f 493/493/493 491/491/491 497/497/497
f 493/493/493 497/497/497 494/494/494
f 497/497/497 491/491/491 495/495/495
f 494/494/494 498/498/498 475/475/475
f 475/475/475 498/498/498 476/476/476
f 498/498/498 499/499/499 476/476/476
f 495/495/495 496/496/496 500/500/500
f 500/500/500 496/496/496 501/501/501
f 497/497/497 495/495/495 502/502/502
f 502/502/502 495/495/495 500/500/500
f 497/497/497 503/503/503 494/494/494
f 494/494/494 503/503/503 498/498/498
f 497/497/497 502/502/502 503/503/503
f 498/498/498 504/504/504 499/499/499
f 503/503/503 504/504/504 498/498/498
f 504/504/504 505/505/505 499/499/499
f 500/500/500 501/501/501 506/506/506
f 506/506/506 501/501/501 507/507/507
f 502/502/502 500/500/500 508/508/508
f 508/508/508 500/500/500 506/506/506
f 502/502/502 509/509/509 503/503/503
f 503/503/503 509/509/509 504/504/504
f 502/502/502 508/508/508 509/509/509
f 504/504/504 510/510/510 505/505/505
f 509/509/509 510/510/510 504/504/504
f 510/510/510 511/511/511 505/505/505
f 506/506/506 507/507/507 512/512/512
f 512/512/512 507/507/507 513/513/513
f 508/508/508 506/506/506 514/514/514
f 514/514/514 506/506/506 512/512/512
f 508/508/508 515/515/515 509/509/509
f 509/509/509 515/515/515 510/510/510
f 508/508/508 514/514/514 515/515/515
f 510/510/510 516/516/516 511/511/511
f 515/515/515 516/516/516 510/510/510
f 516/516/516 517/517/517 511/511/511
f 512/512/512 513/513/513 518/518/518
f 518/518/518 513/513/513 519/519/519
f 518/518/518 519/519/519 520/520/520
f 514/514/514 512/512/512 521/521/521
f 521/521/521 512/512/512 518/518/518
f 514/514/514 522/522/522 515/515/515
f 515/515/515 522/522/522 516/516/516
f 514/514/514 521/521/521 522/522/522
f 516/516/516 523/523/523 517/517/517
f 522/522/522 523/523/523 516/516/516
f 523/523/523 524/524/524 517/517/517
f 523/523/523 525/525/525 524/524/524
f 526/526/526 518/518/518 520/520/520
f 521/521/521 518/518/518 526/526/526
f 526/526/526 520/520/520 527/527/527
f 526/526/526 527/527/527 528/528/528
f 522/522/522 529/529/529 523/523/523
f 529/529/529 525/525/525 523/523/523
f 521/521/521 529/529/529 522/522/522
f 521/521/521 526/526/526 529/529/529
f 529/529/529 528/528/528 525/525/525
f 526/526/526 528/528/528 529/529/529
