# Unturned item rip -> Godot (Z negated, winding reversed, RH Y-up)
v -0.219422 0.069456 -0.063317
v -0.219422 0.069456 0.062044
v -0.213202 0.242775 0.070964
v -0.213202 0.242775 -0.070965
v -0.213202 0.242775 -0.070965
v -0.213202 0.242775 0.070964
v -0.049317 0.242775 0.070964
v -0.049317 0.242775 -0.070965
v -0.021574 0.069456 -0.063317
v -0.020022 0.069456 0.062044
v -0.021574 -0.170221 0.055034
v -0.021574 -0.170221 -0.053712
v -0.179761 -0.170221 0.055034
v -0.123848 -0.259205 0.051717
v -0.034271 -0.259205 0.051717
v -0.021574 -0.170221 0.055034
v -0.219422 0.069456 0.062044
v -0.020022 0.069456 0.062044
v -0.049317 0.242775 0.070964
v -0.213202 0.242775 0.070964
v -0.021574 0.069456 -0.063317
v -0.219422 0.069456 -0.063317
v -0.213202 0.242775 -0.070965
v -0.049317 0.242775 -0.070965
v -0.179761 -0.170221 -0.053712
v -0.179761 -0.170221 0.055034
v -0.219422 0.069456 0.062044
v -0.219422 0.069456 -0.063317
v -0.049317 0.242775 -0.070965
v -0.049317 0.242775 0.070964
v -0.020022 0.069456 0.062044
v -0.021574 0.069456 -0.063317
v -0.179761 -0.170221 0.055034
v -0.021574 -0.170221 0.055034
v -0.020022 0.069456 0.062044
v -0.219422 0.069456 0.062044
v -0.021574 -0.170221 -0.053712
v -0.179761 -0.170221 -0.053712
v -0.219422 0.069456 -0.063317
v -0.021574 0.069456 -0.063317
v 0.219422 0.069456 -0.063317
v 0.213202 0.242775 -0.070965
v 0.213202 0.242775 0.070964
v 0.219422 0.069456 0.062044
v 0.213202 0.242775 -0.070965
v 0.049317 0.242775 -0.070965
v 0.049317 0.242775 0.070964
v 0.213202 0.242775 0.070964
v 0.021574 0.069456 -0.063317
v 0.021574 -0.170221 -0.053712
v 0.021574 -0.170221 0.055034
v 0.020022 0.069456 0.062044
v 0.021574 -0.170221 0.055034
v 0.034271 -0.259205 0.051717
v 0.123848 -0.259205 0.051717
v 0.179761 -0.170221 0.055034
v 0.219422 0.069456 0.062044
v 0.213202 0.242775 0.070964
v 0.049317 0.242775 0.070964
v 0.020022 0.069456 0.062044
v 0.021574 0.069456 -0.063317
v 0.049317 0.242775 -0.070965
v 0.213202 0.242775 -0.070965
v 0.219422 0.069456 -0.063317
v 0.179761 -0.170221 -0.053712
v 0.219422 0.069456 -0.063317
v 0.219422 0.069456 0.062044
v 0.179761 -0.170221 0.055034
v 0.049317 0.242775 -0.070965
v 0.021574 0.069456 -0.063317
v 0.020022 0.069456 0.062044
v 0.049317 0.242775 0.070964
v 0.179761 -0.170221 0.055034
v 0.219422 0.069456 0.062044
v 0.020022 0.069456 0.062044
v 0.021574 -0.170221 0.055034
v 0.021574 -0.170221 -0.053712
v 0.021574 0.069456 -0.063317
v 0.219422 0.069456 -0.063317
v 0.179761 -0.170221 -0.053712
v 0.034271 -0.259205 -0.051717
v 0.123848 -0.259205 -0.051717
v 0.123848 -0.259205 0.051717
v 0.034271 -0.259205 0.051717
v 0.179761 -0.170221 -0.053712
v 0.123848 -0.259205 -0.051717
v 0.034271 -0.259205 -0.051717
v 0.021574 -0.170221 -0.053712
v 0.021574 -0.170221 -0.053712
v 0.034271 -0.259205 -0.051717
v 0.034271 -0.259205 0.051717
v 0.021574 -0.170221 0.055034
v 0.179761 -0.170221 0.055034
v 0.123848 -0.259205 0.051717
v 0.123848 -0.259205 -0.051717
v 0.179761 -0.170221 -0.053712
v -0.034271 -0.259205 -0.051717
v -0.034271 -0.259205 0.051717
v -0.123848 -0.259205 0.051717
v -0.123848 -0.259205 -0.051717
v -0.021574 -0.170221 -0.053712
v -0.034271 -0.259205 -0.051717
v -0.123848 -0.259205 -0.051717
v -0.179761 -0.170221 -0.053712
v -0.021574 -0.170221 0.055034
v -0.034271 -0.259205 0.051717
v -0.034271 -0.259205 -0.051717
v -0.021574 -0.170221 -0.053712
v -0.179761 -0.170221 -0.053712
v -0.123848 -0.259205 -0.051717
v -0.123848 -0.259205 0.051717
v -0.179761 -0.170221 0.055034
v 0.020022 -0.170221 0.055034
v 0.084472 -0.170221 0.071091
v 0.098042 0.069456 0.078101
v 0.098042 0.069456 0.078101
v 0.020022 0.069456 0.062044
v 0.000000 0.019006 -0.073380
v 0.000000 0.019006 -0.039844
v 0.093241 0.019006 -0.032389
v 0.093241 0.019006 -0.065925
v 0.000000 -0.022030 -0.073380
v 0.000000 -0.022030 -0.039844
v -0.093241 -0.022030 -0.032389
v -0.093241 -0.022030 -0.065925
v 0.000000 -0.022030 -0.039844
v 0.093241 -0.022030 -0.032389
v 0.093241 0.019006 -0.032389
v 0.000000 0.019006 -0.039844
v 0.000000 -0.022030 -0.073380
v -0.093241 -0.022030 -0.065925
v -0.093241 0.019006 -0.065925
v 0.000000 0.019006 -0.073380
v -0.093241 0.019006 -0.065925
v -0.093241 0.019006 -0.032389
v 0.000000 0.019006 -0.039844
v 0.000000 0.019006 -0.073380
v 0.093241 -0.022030 -0.065925
v 0.093241 -0.022030 -0.032389
v 0.000000 -0.022030 -0.039844
v 0.000000 -0.022030 -0.073380
v -0.093241 -0.022030 -0.032389
v 0.000000 -0.022030 -0.039844
v 0.000000 0.019006 -0.039844
v -0.093241 0.019006 -0.032389
v 0.093241 -0.022030 -0.065925
v 0.000000 -0.022030 -0.073380
v 0.000000 0.019006 -0.073380
v 0.093241 0.019006 -0.065925
v 0.021574 -0.170221 -0.053712
v 0.020022 -0.170221 0.055034
v 0.020022 0.069456 0.062044
v 0.021574 0.069456 -0.063317
v 0.104521 0.069456 -0.075208
v 0.098042 0.069456 0.078101
v 0.219422 0.069456 0.062044
v 0.219422 0.069456 -0.063317
v 0.219422 0.069456 -0.063317
v 0.219422 0.069456 0.062044
v 0.179761 -0.170221 0.055034
v 0.179761 -0.170221 -0.053712
v 0.090950 -0.170221 -0.065603
v 0.084472 -0.170221 0.071091
v 0.020022 -0.170221 0.055034
v 0.021574 -0.170221 -0.053712
v 0.084472 -0.170221 0.071091
v 0.179761 -0.170221 0.055034
v 0.219422 0.069456 0.062044
v 0.098042 0.069456 0.078101
v 0.090950 -0.170221 -0.065603
v 0.021574 -0.170221 -0.053712
v 0.021574 0.069456 -0.063317
v 0.104521 0.069456 -0.075208
v -0.021574 -0.170221 -0.053712
v -0.021574 0.069456 -0.063317
v -0.020022 0.069456 0.062044
v -0.020022 -0.170221 0.055034
v -0.104503 0.069456 -0.075208
v -0.219422 0.069456 -0.063317
v -0.219422 0.069456 0.062044
v -0.098022 0.069456 0.078101
v -0.219422 0.069456 -0.063317
v -0.179761 -0.170221 -0.053712
v -0.179761 -0.170221 0.055034
v -0.219422 0.069456 0.062044
v -0.090935 -0.170221 -0.065603
v -0.021574 -0.170221 -0.053712
v -0.020022 -0.170221 0.055034
v -0.084455 -0.170221 0.071091
v -0.084455 -0.170221 0.071091
v -0.098022 0.069456 0.078101
v -0.219422 0.069456 0.062044
v -0.179761 -0.170221 0.055034
v -0.090935 -0.170221 -0.065603
v -0.104503 0.069456 -0.075208
v -0.021574 0.069456 -0.063317
v -0.021574 -0.170221 -0.053712
v -0.021574 0.069456 -0.063317
v -0.104503 0.069456 -0.075208
v -0.098022 0.069456 0.078101
v -0.020022 0.069456 0.062044
v -0.179761 -0.170221 -0.053712
v -0.090935 -0.170221 -0.065603
v -0.084455 -0.170221 0.071091
v -0.179761 -0.170221 0.055034
v -0.020022 -0.170221 0.055034
v -0.020022 0.069456 0.062044
v -0.098022 0.069456 0.078101
v -0.084455 -0.170221 0.071091
v -0.179761 -0.170221 -0.053712
v -0.219422 0.069456 -0.063317
v -0.104503 0.069456 -0.075208
v -0.090935 -0.170221 -0.065603
v 0.021574 0.069456 -0.063317
v 0.020022 0.069456 0.062044
v 0.098042 0.069456 0.078101
v 0.104521 0.069456 -0.075208
v 0.179761 -0.170221 -0.053712
v 0.179761 -0.170221 0.055034
v 0.084472 -0.170221 0.071091
v 0.090950 -0.170221 -0.065603
v 0.179761 -0.170221 -0.053712
v 0.090950 -0.170221 -0.065603
v 0.104521 0.069456 -0.075208
v 0.219422 0.069456 -0.063317
v 0.196387 0.021076 -0.000000
v 0.163823 0.021076 -0.056402
v 0.172231 0.242774 -0.070965
v 0.213202 0.242775 -0.000000
v 0.163823 0.021076 -0.056402
v 0.098696 0.021076 -0.056402
v 0.090288 0.242774 -0.070965
v 0.172231 0.242774 -0.070965
v 0.098696 0.021076 -0.056402
v 0.066132 0.021076 -0.000000
v 0.049317 0.242774 -0.000000
v 0.090288 0.242774 -0.070965
v 0.066132 0.021076 -0.000000
v 0.098696 0.021076 0.056402
v 0.090288 0.242775 0.070964
v 0.049317 0.242774 -0.000000
v 0.213202 0.242775 -0.000000
v 0.196814 0.242774 -0.000000
v 0.164036 0.242774 0.056772
v 0.172231 0.242775 0.070964
v 0.163823 0.021076 0.056402
v 0.196387 0.021076 -0.000000
v 0.213202 0.242775 -0.000000
v 0.172231 0.242775 0.070964
v 0.098696 0.021076 0.056402
v 0.163823 0.021076 0.056402
v 0.172231 0.242775 0.070964
v 0.090288 0.242775 0.070964
v -0.079059 -0.131266 -0.051717
v -0.079059 -0.259205 -0.051717
v -0.123848 -0.259205 -0.025859
v -0.123848 -0.131266 -0.025859
v -0.123848 -0.131266 -0.025859
v -0.123848 -0.259205 -0.025859
v -0.123848 -0.259205 0.025859
v -0.123848 -0.131266 0.025859
v -0.123848 -0.131266 0.025859
v -0.123848 -0.259205 0.025859
v -0.079059 -0.259205 0.051717
v -0.079059 -0.131266 0.051717
v -0.079059 -0.131266 0.051717
v -0.079059 -0.259205 0.051717
v -0.034271 -0.259205 0.025859
v -0.034271 -0.131266 0.025859
v -0.034271 -0.259205 -0.025859
v -0.046811 -0.259205 -0.018618
v -0.079059 -0.259205 -0.037236
v -0.079059 -0.259205 -0.051717
v -0.034271 -0.131266 -0.025859
v -0.034271 -0.259205 -0.025859
v -0.079059 -0.259205 -0.051717
v -0.079059 -0.131266 -0.051717
v -0.034271 -0.131266 0.025859
v -0.034271 -0.259205 0.025859
v -0.034271 -0.259205 -0.025859
v -0.034271 -0.131266 -0.025859
v 0.079059 -0.131266 -0.051717
v 0.123848 -0.131266 -0.025859
v 0.123848 -0.259205 -0.025859
v 0.079059 -0.259205 -0.051717
v 0.123848 -0.131266 -0.025859
v 0.123848 -0.131266 0.025859
v 0.123848 -0.259205 0.025859
v 0.123848 -0.259205 -0.025859
v 0.123848 -0.131266 0.025859
v 0.079059 -0.131266 0.051717
v 0.079059 -0.259205 0.051717
v 0.123848 -0.259205 0.025859
v 0.079059 -0.131266 0.051717
v 0.034271 -0.131266 0.025859
v 0.034271 -0.259205 0.025859
v 0.079059 -0.259205 0.051717
v 0.079059 -0.259205 -0.051717
v 0.079059 -0.259205 -0.037236
v 0.046811 -0.259205 -0.018618
v 0.034271 -0.259205 -0.025859
v 0.034271 -0.131266 -0.025859
v 0.079059 -0.131266 -0.051717
v 0.079059 -0.259205 -0.051717
v 0.034271 -0.259205 -0.025859
v 0.034271 -0.131266 0.025859
v 0.034271 -0.131266 -0.025859
v 0.034271 -0.259205 -0.025859
v 0.034271 -0.259205 0.025859
v -0.196387 0.021076 -0.000000
v -0.213202 0.242775 -0.000000
v -0.172231 0.242774 -0.070965
v -0.163823 0.021076 -0.056402
v -0.163823 0.021076 -0.056402
v -0.172231 0.242774 -0.070965
v -0.090288 0.242774 -0.070965
v -0.098696 0.021076 -0.056402
v -0.098696 0.021076 -0.056402
v -0.090288 0.242774 -0.070965
v -0.049317 0.242774 -0.000000
v -0.066132 0.021076 -0.000000
v -0.066132 0.021076 -0.000000
v -0.049317 0.242774 -0.000000
v -0.090288 0.242775 0.070964
v -0.098696 0.021076 0.056402
v -0.172231 0.242775 0.070964
v -0.164036 0.242774 0.056772
v -0.196814 0.242774 -0.000000
v -0.213202 0.242775 -0.000000
v -0.163823 0.021076 0.056402
v -0.172231 0.242775 0.070964
v -0.213202 0.242775 -0.000000
v -0.196387 0.021076 -0.000000
v -0.098696 0.021076 0.056402
v -0.090288 0.242775 0.070964
v -0.172231 0.242775 0.070964
v -0.163823 0.021076 0.056402
v 0.000000 -0.070438 -0.073380
v 0.000000 -0.070438 -0.039844
v 0.093241 -0.070438 -0.032389
v 0.093241 -0.070438 -0.065925
v 0.000000 -0.111474 -0.073380
v 0.000000 -0.111474 -0.039844
v -0.093241 -0.111474 -0.032389
v -0.093241 -0.111474 -0.065925
v 0.000000 -0.111474 -0.039844
v 0.093241 -0.111474 -0.032389
v 0.093241 -0.070438 -0.032389
v 0.000000 -0.070438 -0.039844
v 0.000000 -0.111474 -0.073380
v -0.093241 -0.111474 -0.065925
v -0.093241 -0.070438 -0.065925
v 0.000000 -0.070438 -0.073380
v -0.093241 -0.070438 -0.065925
v -0.093241 -0.070438 -0.032389
v 0.000000 -0.070438 -0.039844
v 0.000000 -0.070438 -0.073380
v 0.093241 -0.111474 -0.065925
v 0.093241 -0.111474 -0.032389
v 0.000000 -0.111474 -0.039844
v 0.000000 -0.111474 -0.073380
v -0.093241 -0.111474 -0.032389
v 0.000000 -0.111474 -0.039844
v 0.000000 -0.070438 -0.039844
v -0.093241 -0.070438 -0.032389
v 0.093241 -0.111474 -0.065925
v 0.000000 -0.111474 -0.073380
v 0.000000 -0.070438 -0.073380
v 0.093241 -0.070438 -0.065925
v -0.098482 0.242774 0.056772
v -0.098482 0.229590 0.056772
v -0.164036 0.229590 0.056772
v -0.164036 0.242774 0.056772
v 0.172231 0.242775 0.070964
v 0.164036 0.242774 0.056772
v 0.098482 0.242774 0.056772
v 0.090288 0.242775 0.070964
v 0.090288 0.242775 0.070964
v 0.098482 0.242774 0.056772
v 0.065705 0.242774 -0.000000
v 0.049317 0.242774 -0.000000
v 0.049317 0.242774 -0.000000
v 0.065705 0.242774 -0.000000
v 0.098482 0.242774 -0.056772
v 0.090288 0.242774 -0.070965
v 0.090288 0.242774 -0.070965
v 0.098482 0.242774 -0.056772
v 0.164036 0.242774 -0.056772
v 0.172231 0.242774 -0.070965
v 0.172231 0.242774 -0.070965
v 0.164036 0.242774 -0.056772
v 0.196814 0.242774 -0.000000
v 0.213202 0.242775 -0.000000
v -0.164036 0.242774 0.056772
v -0.164036 0.229590 0.056772
v -0.196814 0.229590 -0.000000
v -0.196814 0.242774 -0.000000
v -0.090288 0.242775 0.070964
v -0.098482 0.242774 0.056772
v -0.164036 0.242774 0.056772
v -0.172231 0.242775 0.070964
v -0.049317 0.242774 -0.000000
v -0.065705 0.242774 -0.000000
v -0.098482 0.242774 0.056772
v -0.090288 0.242775 0.070964
v -0.090288 0.242774 -0.070965
v -0.098482 0.242774 -0.056772
v -0.065705 0.242774 -0.000000
v -0.049317 0.242774 -0.000000
v -0.172231 0.242774 -0.070965
v -0.164036 0.242774 -0.056772
v -0.098482 0.242774 -0.056772
v -0.090288 0.242774 -0.070965
v -0.213202 0.242775 -0.000000
v -0.196814 0.242774 -0.000000
v -0.164036 0.242774 -0.056772
v -0.172231 0.242774 -0.070965
v 0.046811 -0.259205 -0.018618
v 0.046811 -0.249033 -0.018618
v 0.046811 -0.249033 0.018618
v 0.046811 -0.259205 0.018618
v -0.034271 -0.259205 0.025859
v -0.046811 -0.259205 0.018618
v -0.046811 -0.259205 -0.018618
v -0.034271 -0.259205 -0.025859
v -0.079059 -0.259205 0.051717
v -0.079059 -0.259205 0.037237
v -0.046811 -0.259205 0.018618
v -0.034271 -0.259205 0.025859
v -0.123848 -0.259205 0.025859
v -0.111307 -0.259205 0.018618
v -0.079059 -0.259205 0.037237
v -0.079059 -0.259205 0.051717
v -0.123848 -0.259205 -0.025859
v -0.111307 -0.259205 -0.018618
v -0.111307 -0.259205 0.018618
v -0.123848 -0.259205 0.025859
v -0.079059 -0.259205 -0.051717
v -0.079059 -0.259205 -0.037236
v -0.111307 -0.259205 -0.018618
v -0.123848 -0.259205 -0.025859
v 0.079059 -0.259205 -0.037236
v 0.079059 -0.249033 -0.037236
v 0.046811 -0.249033 -0.018618
v 0.046811 -0.259205 -0.018618
v 0.034271 -0.259205 -0.025859
v 0.046811 -0.259205 -0.018618
v 0.046811 -0.259205 0.018618
v 0.034271 -0.259205 0.025859
v 0.034271 -0.259205 0.025859
v 0.046811 -0.259205 0.018618
v 0.079059 -0.259205 0.037237
v 0.079059 -0.259205 0.051717
v 0.079059 -0.259205 0.051717
v 0.079059 -0.259205 0.037237
v 0.111307 -0.259205 0.018618
v 0.123848 -0.259205 0.025859
v 0.123848 -0.259205 0.025859
v 0.111307 -0.259205 0.018618
v 0.111307 -0.259205 -0.018618
v 0.123848 -0.259205 -0.025859
v 0.123848 -0.259205 -0.025859
v 0.111307 -0.259205 -0.018618
v 0.079059 -0.259205 -0.037236
v 0.079059 -0.259205 -0.051717
v -0.046811 -0.249033 0.018618
v -0.079059 -0.249033 0.037237
v -0.111307 -0.249033 0.018618
v -0.046811 -0.249033 -0.018618
v -0.111307 -0.249033 -0.018618
v -0.079059 -0.249033 -0.037236
v 0.111307 -0.249033 0.018618
v 0.079059 -0.249033 0.037237
v 0.046811 -0.249033 0.018618
v 0.111307 -0.249033 -0.018618
v 0.046811 -0.249033 -0.018618
v 0.079059 -0.249033 -0.037236
v 0.046811 -0.259205 0.018618
v 0.046811 -0.249033 0.018618
v 0.079059 -0.249033 0.037237
v 0.079059 -0.259205 0.037237
v 0.079059 -0.259205 0.037237
v 0.079059 -0.249033 0.037237
v 0.111307 -0.249033 0.018618
v 0.111307 -0.259205 0.018618
v 0.111307 -0.259205 0.018618
v 0.111307 -0.249033 0.018618
v 0.111307 -0.249033 -0.018618
v 0.111307 -0.259205 -0.018618
v 0.111307 -0.259205 -0.018618
v 0.111307 -0.249033 -0.018618
v 0.079059 -0.249033 -0.037236
v 0.079059 -0.259205 -0.037236
v -0.046811 -0.259205 -0.018618
v -0.046811 -0.249033 -0.018618
v -0.079059 -0.249033 -0.037236
v -0.079059 -0.259205 -0.037236
v -0.046811 -0.259205 0.018618
v -0.046811 -0.249033 0.018618
v -0.046811 -0.249033 -0.018618
v -0.046811 -0.259205 -0.018618
v -0.079059 -0.259205 0.037237
v -0.079059 -0.249033 0.037237
v -0.046811 -0.249033 0.018618
v -0.046811 -0.259205 0.018618
v -0.111307 -0.259205 0.018618
v -0.111307 -0.249033 0.018618
v -0.079059 -0.249033 0.037237
v -0.079059 -0.259205 0.037237
v -0.111307 -0.259205 -0.018618
v -0.111307 -0.249033 -0.018618
v -0.111307 -0.249033 0.018618
v -0.111307 -0.259205 0.018618
v -0.079059 -0.259205 -0.037236
v -0.079059 -0.249033 -0.037236
v -0.111307 -0.249033 -0.018618
v -0.111307 -0.259205 -0.018618
v 0.065705 0.229590 -0.000000
v 0.098482 0.229590 0.056772
v 0.164036 0.229590 0.056772
v 0.196814 0.229590 -0.000000
v 0.098482 0.229590 -0.056772
v 0.164036 0.229590 -0.056772
v -0.196814 0.229590 -0.000000
v -0.164036 0.229590 0.056772
v -0.098482 0.229590 0.056772
v -0.065705 0.229590 -0.000000
v -0.164036 0.229590 -0.056772
v -0.098482 0.229590 -0.056772
v -0.065705 0.242774 -0.000000
v -0.065705 0.229590 -0.000000
v -0.098482 0.229590 0.056772
v -0.098482 0.242774 0.056772
v -0.098482 0.242774 -0.056772
v -0.098482 0.229590 -0.056772
v -0.065705 0.229590 -0.000000
v -0.065705 0.242774 -0.000000
v -0.164036 0.242774 -0.056772
v -0.164036 0.229590 -0.056772
v -0.098482 0.229590 -0.056772
v -0.098482 0.242774 -0.056772
v -0.196814 0.242774 -0.000000
v -0.196814 0.229590 -0.000000
v -0.164036 0.229590 -0.056772
v -0.164036 0.242774 -0.056772
v 0.196814 0.242774 -0.000000
v 0.196814 0.229590 -0.000000
v 0.164036 0.229590 0.056772
v 0.164036 0.242774 0.056772
v 0.164036 0.242774 0.056772
v 0.164036 0.229590 0.056772
v 0.098482 0.229590 0.056772
v 0.098482 0.242774 0.056772
v 0.098482 0.242774 0.056772
v 0.098482 0.229590 0.056772
v 0.065705 0.229590 -0.000000
v 0.065705 0.242774 -0.000000
v 0.065705 0.242774 -0.000000
v 0.065705 0.229590 -0.000000
v 0.098482 0.229590 -0.056772
v 0.098482 0.242774 -0.056772
v 0.098482 0.242774 -0.056772
v 0.098482 0.229590 -0.056772
v 0.164036 0.229590 -0.056772
v 0.164036 0.242774 -0.056772
v 0.164036 0.242774 -0.056772
v 0.164036 0.229590 -0.056772
v 0.196814 0.229590 -0.000000
v 0.196814 0.242774 -0.000000
vt 0.179747999 0.226971999
vt 0.179747999 0.330305994
vt 0.283082992 0.330305994
vt 0.283082992 0.226971999
vt 0.646081984 0.200407997
vt 0.646081984 0.303743005
vt 0.749415994 0.303743005
vt 0.749415994 0.200407997
vt 0.126622006 0.784801006
vt 0.126622006 0.888136029
vt 0.229956001 0.888136029
vt 0.229956001 0.784801006
vt 0.179747999 0.226971999
vt 0.179747999 0.330305994
vt 0.283082992 0.330305994
vt 0.283082992 0.226971999
vt 0.179747999 0.226971999
vt 0.179747999 0.330305994
vt 0.283082992 0.330305994
vt 0.283082992 0.226971999
vt 0.179747999 0.226971999
vt 0.179747999 0.330305994
vt 0.283082992 0.330305994
vt 0.283082992 0.226971999
vt 0.126622006 0.784801006
vt 0.126622006 0.888136029
vt 0.229956001 0.888136029
vt 0.229956001 0.784801006
vt 0.179747999 0.226971999
vt 0.179747999 0.330305994
vt 0.283082992 0.330305994
vt 0.283082992 0.226971999
vt 0.126622006 0.784801006
vt 0.126622006 0.888136029
vt 0.229956001 0.888136029
vt 0.229956001 0.784801006
vt 0.126622006 0.784801006
vt 0.126622006 0.888136029
vt 0.229956001 0.888136029
vt 0.229956001 0.784801006
vt 0.179747999 0.226971999
vt 0.179747999 0.330305994
vt 0.283082992 0.330305994
vt 0.283082992 0.226971999
vt 0.646081984 0.200407997
vt 0.646081984 0.303743005
vt 0.749415994 0.303743005
vt 0.749415994 0.200407997
vt 0.126622006 0.784801006
vt 0.126622006 0.888136029
vt 0.229956001 0.888136029
vt 0.229956001 0.784801006
vt 0.179747999 0.226971999
vt 0.179747999 0.330305994
vt 0.283082992 0.330305994
vt 0.283082992 0.226971999
vt 0.179747999 0.226971999
vt 0.179747999 0.330305994
vt 0.283082992 0.330305994
vt 0.283082992 0.226971999
vt 0.179747999 0.226971999
vt 0.179747999 0.330305994
vt 0.283082992 0.330305994
vt 0.283082992 0.226971999
vt 0.126622006 0.784801006
vt 0.126622006 0.888136029
vt 0.229956001 0.888136029
vt 0.229956001 0.784801006
vt 0.179747999 0.226971999
vt 0.179747999 0.330305994
vt 0.283082992 0.330305994
vt 0.283082992 0.226971999
vt 0.126622006 0.784801006
vt 0.126622006 0.888136029
vt 0.229956001 0.888136029
vt 0.229956001 0.784801006
vt 0.126622006 0.784801006
vt 0.126622006 0.888136029
vt 0.229956001 0.888136029
vt 0.229956001 0.784801006
vt 0.646081984 0.200407997
vt 0.646081984 0.303743005
vt 0.749415994 0.303743005
vt 0.749415994 0.200407997
vt 0.179747999 0.226971999
vt 0.179747999 0.330305994
vt 0.283082992 0.330305994
vt 0.283082992 0.226971999
vt 0.179747999 0.226971999
vt 0.179747999 0.330305994
vt 0.283082992 0.330305994
vt 0.283082992 0.226971999
vt 0.179747999 0.226971999
vt 0.179747999 0.330305994
vt 0.283082992 0.330305994
vt 0.283082992 0.226971999
vt 0.646081984 0.200407997
vt 0.646081984 0.303743005
vt 0.749415994 0.303743005
vt 0.749415994 0.200407997
vt 0.179747999 0.226971999
vt 0.179747999 0.330305994
vt 0.283082992 0.330305994
vt 0.283082992 0.226971999
vt 0.179747999 0.226971999
vt 0.179747999 0.330305994
vt 0.283082992 0.330305994
vt 0.283082992 0.226971999
vt 0.179747999 0.226971999
vt 0.179747999 0.330305994
vt 0.283082992 0.330305994
vt 0.283082992 0.226971999
vt 0.127719 0.616955996
vt 0.127719 0.757054985
vt 0.267818004 0.757054985
vt 0.267818004 0.757054985
vt 0.267818004 0.616955996
vt 0.577287972 0.694402993
vt 0.577287972 0.834501982
vt 0.717387974 0.834501982
vt 0.717387974 0.694402993
vt 0.577287972 0.694402993
vt 0.577287972 0.834501982
vt 0.717387974 0.834501982
vt 0.717387974 0.694402993
vt 0.577287972 0.694402993
vt 0.577287972 0.834501982
vt 0.717387974 0.834501982
vt 0.717387974 0.694402993
vt 0.577287972 0.694402993
vt 0.577287972 0.834501982
vt 0.717387974 0.834501982
vt 0.717387974 0.694402993
vt 0.577287972 0.694402993
vt 0.577287972 0.834501982
vt 0.717387974 0.834501982
vt 0.717387974 0.694402993
vt 0.577287972 0.694402993
vt 0.577287972 0.834501982
vt 0.717387974 0.834501982
vt 0.717387974 0.694402993
vt 0.577287972 0.694402993
vt 0.577287972 0.834501982
vt 0.717387974 0.834501982
vt 0.717387974 0.694402993
vt 0.577287972 0.694402993
vt 0.577287972 0.834501982
vt 0.717387974 0.834501982
vt 0.717387974 0.694402993
vt 0.127719 0.616955996
vt 0.127719 0.757054985
vt 0.267818004 0.757054985
vt 0.267818004 0.616955996
vt 0.127719 0.616955996
vt 0.127719 0.757054985
vt 0.267818004 0.757054985
vt 0.267818004 0.616955996
vt 0.127719 0.616955996
vt 0.127719 0.757054985
vt 0.267818004 0.757054985
vt 0.267818004 0.616955996
vt 0.127719 0.616955996
vt 0.127719 0.757054985
vt 0.267818004 0.757054985
vt 0.267818004 0.616955996
vt 0.127719 0.616955996
vt 0.127719 0.757054985
vt 0.267818004 0.757054985
vt 0.267818004 0.616955996
vt 0.127719 0.616955996
vt 0.127719 0.757054985
vt 0.267818004 0.757054985
vt 0.267818004 0.616955996
vt 0.127719 0.616955996
vt 0.127719 0.757054985
vt 0.267818004 0.757054985
vt 0.267818004 0.616955996
vt 0.127719 0.616955996
vt 0.127719 0.757054985
vt 0.267818004 0.757054985
vt 0.267818004 0.616955996
vt 0.127719 0.616955996
vt 0.127719 0.757054985
vt 0.267818004 0.757054985
vt 0.267818004 0.616955996
vt 0.127719 0.616955996
vt 0.127719 0.757054985
vt 0.267818004 0.757054985
vt 0.267818004 0.616955996
vt 0.127719 0.616955996
vt 0.127719 0.757054985
vt 0.267818004 0.757054985
vt 0.267818004 0.616955996
vt 0.127719 0.616955996
vt 0.127719 0.757054985
vt 0.267818004 0.757054985
vt 0.267818004 0.616955996
vt 0.127719 0.616955996
vt 0.127719 0.757054985
vt 0.267818004 0.757054985
vt 0.267818004 0.616955996
vt 0.127719 0.616955996
vt 0.127719 0.757054985
vt 0.267818004 0.757054985
vt 0.267818004 0.616955996
vt 0.127719 0.616955996
vt 0.127719 0.757054985
vt 0.267818004 0.757054985
vt 0.267818004 0.616955996
vt 0.127719 0.616955996
vt 0.127719 0.757054985
vt 0.267818004 0.757054985
vt 0.267818004 0.616955996
vt 0.127719 0.616955996
vt 0.127719 0.757054985
vt 0.267818004 0.757054985
vt 0.267818004 0.616955996
vt 0.127719 0.616955996
vt 0.127719 0.757054985
vt 0.267818004 0.757054985
vt 0.267818004 0.616955996
vt 0.127719 0.616955996
vt 0.127719 0.757054985
vt 0.267818004 0.757054985
vt 0.267818004 0.616955996
vt 0.184386998 0.186276004
vt 0.184386998 0.326375991
vt 0.324487001 0.326375991
vt 0.324487001 0.186276004
vt 0.184386998 0.186276004
vt 0.184386998 0.326375991
vt 0.324487001 0.326375991
vt 0.324487001 0.186276004
vt 0.184386998 0.186276004
vt 0.184386998 0.326375991
vt 0.324487001 0.326375991
vt 0.324487001 0.186276004
vt 0.184386998 0.186276004
vt 0.184386998 0.326375991
vt 0.324487001 0.326375991
vt 0.324487001 0.186276004
vt 0.184386998 0.186276004
vt 0.184386998 0.326375991
vt 0.324487001 0.326375991
vt 0.324487001 0.186276004
vt 0.184386998 0.186276004
vt 0.184386998 0.326375991
vt 0.324487001 0.326375991
vt 0.324487001 0.186276004
vt 0.184386998 0.186276004
vt 0.184386998 0.326375991
vt 0.324487001 0.326375991
vt 0.324487001 0.186276004
vt 0.184386998 0.186276004
vt 0.184386998 0.326375991
vt 0.324487001 0.326375991
vt 0.324487001 0.186276004
vt 0.184386998 0.186276004
vt 0.184386998 0.326375991
vt 0.324487001 0.326375991
vt 0.324487001 0.186276004
vt 0.184386998 0.186276004
vt 0.184386998 0.326375991
vt 0.324487001 0.326375991
vt 0.324487001 0.186276004
vt 0.184386998 0.186276004
vt 0.184386998 0.326375991
vt 0.324487001 0.326375991
vt 0.324487001 0.186276004
vt 0.184386998 0.186276004
vt 0.184386998 0.326375991
vt 0.324487001 0.326375991
vt 0.324487001 0.186276004
vt 0.184386998 0.186276004
vt 0.184386998 0.326375991
vt 0.324487001 0.326375991
vt 0.324487001 0.186276004
vt 0.184386998 0.186276004
vt 0.184386998 0.326375991
vt 0.324487001 0.326375991
vt 0.324487001 0.186276004
vt 0.184386998 0.186276004
vt 0.184386998 0.326375991
vt 0.324487001 0.326375991
vt 0.324487001 0.186276004
vt 0.184386998 0.186276004
vt 0.184386998 0.326375991
vt 0.324487001 0.326375991
vt 0.324487001 0.186276004
vt 0.184386998 0.186276004
vt 0.184386998 0.326375991
vt 0.324487001 0.326375991
vt 0.324487001 0.186276004
vt 0.184386998 0.186276004
vt 0.184386998 0.326375991
vt 0.324487001 0.326375991
vt 0.324487001 0.186276004
vt 0.184386998 0.186276004
vt 0.184386998 0.326375991
vt 0.324487001 0.326375991
vt 0.324487001 0.186276004
vt 0.184386998 0.186276004
vt 0.184386998 0.326375991
vt 0.324487001 0.326375991
vt 0.324487001 0.186276004
vt 0.184386998 0.186276004
vt 0.184386998 0.326375991
vt 0.324487001 0.326375991
vt 0.324487001 0.186276004
vt 0.184386998 0.186276004
vt 0.184386998 0.326375991
vt 0.324487001 0.326375991
vt 0.324487001 0.186276004
vt 0.184386998 0.186276004
vt 0.184386998 0.326375991
vt 0.324487001 0.326375991
vt 0.324487001 0.186276004
vt 0.184386998 0.186276004
vt 0.184386998 0.326375991
vt 0.324487001 0.326375991
vt 0.324487001 0.186276004
vt 0.184386998 0.186276004
vt 0.184386998 0.326375991
vt 0.324487001 0.326375991
vt 0.324487001 0.186276004
vt 0.184386998 0.186276004
vt 0.184386998 0.326375991
vt 0.324487001 0.326375991
vt 0.324487001 0.186276004
vt 0.184386998 0.186276004
vt 0.184386998 0.326375991
vt 0.324487001 0.326375991
vt 0.324487001 0.186276004
vt 0.184386998 0.186276004
vt 0.184386998 0.326375991
vt 0.324487001 0.326375991
vt 0.324487001 0.186276004
vt 0.577287972 0.694402993
vt 0.577287972 0.834501982
vt 0.717387974 0.834501982
vt 0.717387974 0.694402993
vt 0.577287972 0.694402993
vt 0.577287972 0.834501982
vt 0.717387974 0.834501982
vt 0.717387974 0.694402993
vt 0.577287972 0.694402993
vt 0.577287972 0.834501982
vt 0.717387974 0.834501982
vt 0.717387974 0.694402993
vt 0.577287972 0.694402993
vt 0.577287972 0.834501982
vt 0.717387974 0.834501982
vt 0.717387974 0.694402993
vt 0.577287972 0.694402993
vt 0.577287972 0.834501982
vt 0.717387974 0.834501982
vt 0.717387974 0.694402993
vt 0.577287972 0.694402993
vt 0.577287972 0.834501982
vt 0.717387974 0.834501982
vt 0.717387974 0.694402993
vt 0.577287972 0.694402993
vt 0.577287972 0.834501982
vt 0.717387974 0.834501982
vt 0.717387974 0.694402993
vt 0.577287972 0.694402993
vt 0.577287972 0.834501982
vt 0.717387974 0.834501982
vt 0.717387974 0.694402993
vt 0.184386998 0.186276004
vt 0.184386998 0.326375991
vt 0.324487001 0.326375991
vt 0.324487001 0.186276004
vt 0.184386998 0.186276004
vt 0.184386998 0.326375991
vt 0.324487001 0.326375991
vt 0.324487001 0.186276004
vt 0.184386998 0.186276004
vt 0.184386998 0.326375991
vt 0.324487001 0.326375991
vt 0.324487001 0.186276004
vt 0.184386998 0.186276004
vt 0.184386998 0.326375991
vt 0.324487001 0.326375991
vt 0.324487001 0.186276004
vt 0.184386998 0.186276004
vt 0.184386998 0.326375991
vt 0.324487001 0.326375991
vt 0.324487001 0.186276004
vt 0.184386998 0.186276004
vt 0.184386998 0.326375991
vt 0.324487001 0.326375991
vt 0.324487001 0.186276004
vt 0.184386998 0.186276004
vt 0.184386998 0.326375991
vt 0.324487001 0.326375991
vt 0.324487001 0.186276004
vt 0.184386998 0.186276004
vt 0.184386998 0.326375991
vt 0.324487001 0.326375991
vt 0.324487001 0.186276004
vt 0.184386998 0.186276004
vt 0.184386998 0.326375991
vt 0.324487001 0.326375991
vt 0.324487001 0.186276004
vt 0.184386998 0.186276004
vt 0.184386998 0.326375991
vt 0.324487001 0.326375991
vt 0.324487001 0.186276004
vt 0.184386998 0.186276004
vt 0.184386998 0.326375991
vt 0.324487001 0.326375991
vt 0.324487001 0.186276004
vt 0.184386998 0.186276004
vt 0.184386998 0.326375991
vt 0.324487001 0.326375991
vt 0.324487001 0.186276004
vt 0.184386998 0.186276004
vt 0.184386998 0.326375991
vt 0.324487001 0.326375991
vt 0.324487001 0.186276004
vt 0.184386998 0.186276004
vt 0.184386998 0.326375991
vt 0.324487001 0.326375991
vt 0.324487001 0.186276004
vt 0.184386998 0.186276004
vt 0.184386998 0.326375991
vt 0.324487001 0.326375991
vt 0.324487001 0.186276004
vt 0.184386998 0.186276004
vt 0.184386998 0.326375991
vt 0.324487001 0.326375991
vt 0.324487001 0.186276004
vt 0.184386998 0.186276004
vt 0.184386998 0.326375991
vt 0.324487001 0.326375991
vt 0.324487001 0.186276004
vt 0.184386998 0.186276004
vt 0.184386998 0.326375991
vt 0.324487001 0.326375991
vt 0.324487001 0.186276004
vt 0.184386998 0.186276004
vt 0.184386998 0.326375991
vt 0.324487001 0.326375991
vt 0.324487001 0.186276004
vt 0.184386998 0.186276004
vt 0.184386998 0.326375991
vt 0.324487001 0.326375991
vt 0.324487001 0.186276004
vt 0.184386998 0.186276004
vt 0.184386998 0.326375991
vt 0.324487001 0.326375991
vt 0.324487001 0.186276004
vt 0.184386998 0.186276004
vt 0.184386998 0.326375991
vt 0.324487001 0.326375991
vt 0.324487001 0.186276004
vt 0.184386998 0.186276004
vt 0.184386998 0.326375991
vt 0.324487001 0.326375991
vt 0.324487001 0.186276004
vt 0.184386998 0.186276004
vt 0.184386998 0.326375991
vt 0.324487001 0.326375991
vt 0.324487001 0.186276004
vt 0.717229009 0.182497993
vt 0.77789402 0.217522994
vt 0.77789402 0.28757301
vt 0.656563997 0.217522994
vt 0.717229009 0.32259801
vt 0.656563997 0.28757301
vt 0.656563997 0.28757301
vt 0.656563997 0.217522994
vt 0.717229009 0.182497993
vt 0.717229009 0.32259801
vt 0.77789402 0.217522994
vt 0.77789402 0.28757301
vt 0.184386998 0.186276004
vt 0.184386998 0.326375991
vt 0.324487001 0.326375991
vt 0.324487001 0.186276004
vt 0.184386998 0.186276004
vt 0.184386998 0.326375991
vt 0.324487001 0.326375991
vt 0.324487001 0.186276004
vt 0.184386998 0.186276004
vt 0.184386998 0.326375991
vt 0.324487001 0.326375991
vt 0.324487001 0.186276004
vt 0.184386998 0.186276004
vt 0.184386998 0.326375991
vt 0.324487001 0.326375991
vt 0.324487001 0.186276004
vt 0.184386998 0.186276004
vt 0.184386998 0.326375991
vt 0.324487001 0.326375991
vt 0.324487001 0.186276004
vt 0.184386998 0.186276004
vt 0.184386998 0.326375991
vt 0.324487001 0.326375991
vt 0.324487001 0.186276004
vt 0.184386998 0.186276004
vt 0.184386998 0.326375991
vt 0.324487001 0.326375991
vt 0.324487001 0.186276004
vt 0.184386998 0.186276004
vt 0.184386998 0.326375991
vt 0.324487001 0.326375991
vt 0.324487001 0.186276004
vt 0.184386998 0.186276004
vt 0.184386998 0.326375991
vt 0.324487001 0.326375991
vt 0.324487001 0.186276004
vt 0.184386998 0.186276004
vt 0.184386998 0.326375991
vt 0.324487001 0.326375991
vt 0.324487001 0.186276004
vt 0.656563997 0.217522994
vt 0.717229009 0.182497993
vt 0.77789402 0.217522994
vt 0.77789402 0.28757301
vt 0.656563997 0.28757301
vt 0.717229009 0.32259801
vt 0.656563997 0.28757301
vt 0.656563997 0.217522994
vt 0.717229009 0.182497993
vt 0.77789402 0.217522994
vt 0.717229009 0.32259801
vt 0.77789402 0.28757301
vt 0.184386998 0.186276004
vt 0.184386998 0.326375991
vt 0.324487001 0.326375991
vt 0.324487001 0.186276004
vt 0.184386998 0.186276004
vt 0.184386998 0.326375991
vt 0.324487001 0.326375991
vt 0.324487001 0.186276004
vt 0.184386998 0.186276004
vt 0.184386998 0.326375991
vt 0.324487001 0.326375991
vt 0.324487001 0.186276004
vt 0.184386998 0.186276004
vt 0.184386998 0.326375991
vt 0.324487001 0.326375991
vt 0.324487001 0.186276004
vt 0.184386998 0.186276004
vt 0.184386998 0.326375991
vt 0.324487001 0.326375991
vt 0.324487001 0.186276004
vt 0.184386998 0.186276004
vt 0.184386998 0.326375991
vt 0.324487001 0.326375991
vt 0.324487001 0.186276004
vt 0.184386998 0.186276004
vt 0.184386998 0.326375991
vt 0.324487001 0.326375991
vt 0.324487001 0.186276004
vt 0.184386998 0.186276004
vt 0.184386998 0.326375991
vt 0.324487001 0.326375991
vt 0.324487001 0.186276004
vt 0.184386998 0.186276004
vt 0.184386998 0.326375991
vt 0.324487001 0.326375991
vt 0.324487001 0.186276004
vt 0.184386998 0.186276004
vt 0.184386998 0.326375991
vt 0.324487001 0.326375991
vt 0.324487001 0.186276004
vn -0.997949 -0.064015 0.000000
vn -0.997949 -0.064015 0.000000
vn -0.999357 0.035864 -0.000000
vn -0.999357 0.035864 -0.000000
vn 0.000000 1.000000 -0.000000
vn 0.000000 1.000000 -0.000000
vn 0.000000 1.000000 -0.000000
vn 0.000000 1.000000 -0.000000
vn 0.996789 0.079830 -0.006201
vn 0.996789 0.079830 -0.006201
vn 0.997367 -0.072440 -0.003323
vn 0.997367 -0.072440 -0.003323
vn 0.000000 -0.033243 0.999447
vn 0.000000 -0.037251 0.999306
vn 0.000000 -0.037251 0.999306
vn 0.000000 -0.033243 0.999447
vn 0.000000 -0.040319 0.999187
vn 0.000000 -0.040319 0.999187
vn 0.000000 -0.051398 0.998678
vn 0.000000 -0.051398 0.998678
vn 0.000000 -0.042063 -0.999115
vn 0.000000 -0.042063 -0.999115
vn 0.000000 -0.044084 -0.999028
vn 0.000000 -0.044084 -0.999028
vn -0.935014 -0.354610 0.000000
vn -0.935014 -0.354610 0.000000
vn -0.997949 -0.064015 0.000000
vn -0.997949 -0.064015 0.000000
vn 0.986712 0.162381 -0.005729
vn 0.986712 0.162381 -0.005729
vn 0.996789 0.079830 -0.006201
vn 0.996789 0.079830 -0.006201
vn 0.000000 -0.033243 0.999447
vn 0.000000 -0.033243 0.999447
vn 0.000000 -0.040319 0.999187
vn 0.000000 -0.040319 0.999187
vn 0.000000 -0.031230 -0.999512
vn 0.000000 -0.031230 -0.999512
vn 0.000000 -0.042063 -0.999115
vn 0.000000 -0.042063 -0.999115
vn 0.997949 -0.064015 0.000000
vn 0.999357 0.035864 -0.000000
vn 0.999357 0.035864 -0.000000
vn 0.997949 -0.064015 0.000000
vn 0.000000 1.000000 -0.000000
vn 0.000000 1.000000 -0.000000
vn 0.000000 1.000000 -0.000000
vn 0.000000 1.000000 -0.000000
vn -0.996789 0.079830 -0.006201
vn -0.997367 -0.072440 -0.003323
vn -0.997367 -0.072440 -0.003323
vn -0.996789 0.079830 -0.006201
vn 0.000000 -0.033243 0.999447
vn 0.000000 -0.037251 0.999306
vn 0.000000 -0.037251 0.999306
vn 0.000000 -0.033243 0.999447
vn 0.000000 -0.040319 0.999187
vn 0.000000 -0.051398 0.998678
vn 0.000000 -0.051398 0.998678
vn 0.000000 -0.040319 0.999187
vn 0.000000 -0.042063 -0.999115
vn 0.000000 -0.044084 -0.999028
vn 0.000000 -0.044084 -0.999028
vn 0.000000 -0.042063 -0.999115
vn 0.935014 -0.354610 0.000000
vn 0.997949 -0.064015 0.000000
vn 0.997949 -0.064015 0.000000
vn 0.935014 -0.354610 0.000000
vn -0.986712 0.162381 -0.005729
vn -0.996789 0.079830 -0.006201
vn -0.996789 0.079830 -0.006201
vn -0.986712 0.162381 -0.005729
vn 0.000000 -0.033243 0.999447
vn 0.000000 -0.040319 0.999187
vn 0.000000 -0.040319 0.999187
vn 0.000000 -0.033243 0.999447
vn 0.000000 -0.031230 -0.999512
vn 0.000000 -0.042063 -0.999115
vn 0.000000 -0.042063 -0.999115
vn 0.000000 -0.031230 -0.999512
vn 0.000000 -1.000000 0.000000
vn 0.000000 -1.000000 0.000000
vn 0.000000 -1.000000 0.000000
vn 0.000000 -1.000000 0.000000
vn 0.000000 -0.031230 -0.999512
vn 0.000000 -0.022414 -0.999749
vn 0.000000 -0.022414 -0.999749
vn 0.000000 -0.031230 -0.999512
vn -0.997367 -0.072440 -0.003323
vn -0.989973 -0.141258 0.000000
vn -0.989973 -0.141258 0.000000
vn -0.997367 -0.072440 -0.003323
vn 0.935014 -0.354610 0.000000
vn 0.846721 -0.532036 0.000000
vn 0.846721 -0.532036 0.000000
vn 0.935014 -0.354610 0.000000
vn 0.000000 -1.000000 0.000000
vn 0.000000 -1.000000 0.000000
vn 0.000000 -1.000000 0.000000
vn 0.000000 -1.000000 0.000000
vn 0.000000 -0.031230 -0.999512
vn 0.000000 -0.022414 -0.999749
vn 0.000000 -0.022414 -0.999749
vn 0.000000 -0.031230 -0.999512
vn 0.997367 -0.072440 -0.003323
vn 0.989973 -0.141258 0.000000
vn 0.989973 -0.141258 0.000000
vn 0.997367 -0.072440 -0.003323
vn -0.935014 -0.354610 0.000000
vn -0.846721 -0.532036 0.000000
vn -0.846721 -0.532036 0.000000
vn -0.935014 -0.354610 0.000000
vn -0.219837 -0.022301 0.975282
vn -0.037320 -0.034318 0.998714
vn -0.037320 -0.034318 0.998714
vn -0.037320 -0.034318 0.998714
vn -0.219837 -0.022301 0.975282
vn 0.000000 1.000000 -0.000000
vn 0.000000 1.000000 -0.000000
vn 0.000000 1.000000 -0.000000
vn 0.000000 1.000000 -0.000000
vn 0.000000 -1.000000 0.000000
vn 0.000000 -1.000000 0.000000
vn 0.000000 -1.000000 0.000000
vn 0.000000 -1.000000 0.000000
vn 0.000000 0.000000 1.000000
vn -0.079700 0.000000 0.996819
vn -0.079700 0.000000 0.996819
vn 0.000000 0.000000 1.000000
vn 0.000000 -0.000000 -1.000000
vn -0.079700 -0.000000 -0.996819
vn -0.079700 -0.000000 -0.996819
vn 0.000000 -0.000000 -1.000000
vn 0.000000 1.000000 -0.000000
vn 0.000000 1.000000 -0.000000
vn 0.000000 1.000000 -0.000000
vn 0.000000 1.000000 -0.000000
vn 0.000000 -1.000000 0.000000
vn 0.000000 -1.000000 0.000000
vn 0.000000 -1.000000 0.000000
vn 0.000000 -1.000000 0.000000
vn 0.079700 0.000000 0.996819
vn 0.000000 0.000000 1.000000
vn 0.000000 0.000000 1.000000
vn 0.079700 0.000000 0.996819
vn 0.079700 -0.000000 -0.996819
vn 0.000000 -0.000000 -1.000000
vn 0.000000 -0.000000 -1.000000
vn 0.079700 -0.000000 -0.996819
vn -0.999912 -0.000000 -0.013258
vn -0.999912 -0.000000 -0.013258
vn -0.999912 -0.000000 -0.013258
vn -0.999912 -0.000000 -0.013258
vn 0.000000 1.000000 -0.000000
vn 0.000000 1.000000 -0.000000
vn 0.000000 1.000000 -0.000000
vn 0.000000 1.000000 -0.000000
vn 0.986584 -0.163257 0.000000
vn 0.986584 -0.163257 0.000000
vn 0.986584 -0.163257 0.000000
vn 0.986584 -0.163257 0.000000
vn 0.000000 -1.000000 0.000000
vn 0.000000 -1.000000 0.000000
vn 0.000000 -1.000000 0.000000
vn 0.000000 -1.000000 0.000000
vn -0.037320 -0.034318 0.998714
vn 0.146466 -0.045167 0.988184
vn 0.146466 -0.045167 0.988184
vn -0.037320 -0.034318 0.998714
vn -0.019363 -0.044314 -0.998830
vn -0.154164 -0.035206 -0.987418
vn -0.154164 -0.035206 -0.987418
vn -0.019363 -0.044314 -0.998830
vn 0.999912 -0.000000 -0.013258
vn 0.999912 -0.000000 -0.013258
vn 0.999912 -0.000000 -0.013258
vn 0.999912 -0.000000 -0.013258
vn 0.000000 1.000000 -0.000000
vn 0.000000 1.000000 -0.000000
vn 0.000000 1.000000 -0.000000
vn 0.000000 1.000000 -0.000000
vn -0.986584 -0.163257 0.000000
vn -0.986584 -0.163257 0.000000
vn -0.986584 -0.163257 0.000000
vn -0.986584 -0.163257 0.000000
vn 0.000000 -1.000000 0.000000
vn 0.000000 -1.000000 0.000000
vn 0.000000 -1.000000 0.000000
vn 0.000000 -1.000000 0.000000
vn 0.037361 -0.034316 0.998712
vn 0.037361 -0.034316 0.998712
vn -0.146441 -0.045163 0.988188
vn -0.146441 -0.045163 0.988188
vn 0.019388 -0.044313 -0.998830
vn 0.019388 -0.044313 -0.998830
vn 0.154197 -0.035206 -0.987413
vn 0.154197 -0.035206 -0.987413
vn 0.000000 1.000000 -0.000000
vn 0.000000 1.000000 -0.000000
vn 0.000000 1.000000 -0.000000
vn 0.000000 1.000000 -0.000000
vn 0.000000 -1.000000 0.000000
vn 0.000000 -1.000000 0.000000
vn 0.000000 -1.000000 0.000000
vn 0.000000 -1.000000 0.000000
vn 0.219892 -0.022301 0.975269
vn 0.219892 -0.022301 0.975269
vn 0.037361 -0.034316 0.998712
vn 0.037361 -0.034316 0.998712
vn -0.115777 -0.052606 -0.991881
vn -0.115777 -0.052606 -0.991881
vn 0.019388 -0.044313 -0.998830
vn 0.019388 -0.044313 -0.998830
vn 0.000000 1.000000 -0.000000
vn 0.000000 1.000000 -0.000000
vn 0.000000 1.000000 -0.000000
vn 0.000000 1.000000 -0.000000
vn 0.000000 -1.000000 0.000000
vn 0.000000 -1.000000 0.000000
vn 0.000000 -1.000000 0.000000
vn 0.000000 -1.000000 0.000000
vn 0.115795 -0.052608 -0.991879
vn -0.019363 -0.044314 -0.998830
vn -0.019363 -0.044314 -0.998830
vn 0.115795 -0.052608 -0.991879
vn 0.864164 -0.065545 -0.498922
vn 0.864164 -0.065545 -0.498922
vn 0.864164 -0.065545 -0.498922
vn 0.864164 -0.065545 -0.498922
vn 0.000000 -0.065547 -0.997849
vn 0.000000 -0.065547 -0.997849
vn 0.000000 -0.065547 -0.997849
vn 0.000000 -0.065547 -0.997849
vn -0.864164 -0.065546 -0.498923
vn -0.864164 -0.065546 -0.498923
vn -0.864164 -0.065546 -0.498923
vn -0.864164 -0.065546 -0.498923
vn -0.864162 -0.065544 0.498926
vn -0.864162 -0.065544 0.498926
vn -0.864162 -0.065544 0.498926
vn -0.864162 -0.065544 0.498926
vn 0.000000 1.000000 -0.000000
vn 0.000000 1.000000 -0.000000
vn 0.000000 1.000000 -0.000000
vn 0.000000 1.000000 -0.000000
vn 0.864163 -0.065544 0.498926
vn 0.864163 -0.065544 0.498926
vn 0.864163 -0.065544 0.498926
vn 0.864163 -0.065544 0.498926
vn 0.000000 -0.065542 0.997850
vn 0.000000 -0.065542 0.997850
vn 0.000000 -0.065542 0.997850
vn 0.000000 -0.065542 0.997850
vn -0.499986 -0.000000 -0.866033
vn -0.499986 -0.000000 -0.866033
vn -0.499986 -0.000000 -0.866033
vn -0.499986 -0.000000 -0.866033
vn -1.000000 0.000000 -0.000000
vn -1.000000 0.000000 -0.000000
vn -1.000000 0.000000 -0.000000
vn -1.000000 0.000000 -0.000000
vn -0.499986 0.000000 0.866033
vn -0.499986 0.000000 0.866033
vn -0.499986 0.000000 0.866033
vn -0.499986 0.000000 0.866033
vn 0.499995 0.000000 0.866028
vn 0.499995 0.000000 0.866028
vn 0.499995 0.000000 0.866028
vn 0.499995 0.000000 0.866028
vn 0.000000 -1.000000 0.000000
vn 0.000000 -1.000000 0.000000
vn 0.000000 -1.000000 0.000000
vn 0.000000 -1.000000 0.000000
vn 0.499995 -0.000000 -0.866028
vn 0.499995 -0.000000 -0.866028
vn 0.499995 -0.000000 -0.866028
vn 0.499995 -0.000000 -0.866028
vn 1.000000 0.000000 -0.000000
vn 1.000000 0.000000 -0.000000
vn 1.000000 0.000000 -0.000000
vn 1.000000 0.000000 -0.000000
vn 0.499986 -0.000000 -0.866033
vn 0.499986 -0.000000 -0.866033
vn 0.499986 -0.000000 -0.866033
vn 0.499986 -0.000000 -0.866033
vn 1.000000 0.000000 -0.000000
vn 1.000000 0.000000 -0.000000
vn 1.000000 0.000000 -0.000000
vn 1.000000 0.000000 -0.000000
vn 0.499986 0.000000 0.866033
vn 0.499986 0.000000 0.866033
vn 0.499986 0.000000 0.866033
vn 0.499986 0.000000 0.866033
vn -0.499995 0.000000 0.866028
vn -0.499995 0.000000 0.866028
vn -0.499995 0.000000 0.866028
vn -0.499995 0.000000 0.866028
vn 0.000000 -1.000000 0.000000
vn 0.000000 -1.000000 0.000000
vn 0.000000 -1.000000 0.000000
vn 0.000000 -1.000000 0.000000
vn -0.499995 -0.000000 -0.866028
vn -0.499995 -0.000000 -0.866028
vn -0.499995 -0.000000 -0.866028
vn -0.499995 -0.000000 -0.866028
vn -1.000000 0.000000 -0.000000
vn -1.000000 0.000000 -0.000000
vn -1.000000 0.000000 -0.000000
vn -1.000000 0.000000 -0.000000
vn -0.864164 -0.065545 -0.498922
vn -0.864164 -0.065545 -0.498922
vn -0.864164 -0.065545 -0.498922
vn -0.864164 -0.065545 -0.498922
vn 0.000000 -0.065547 -0.997849
vn 0.000000 -0.065547 -0.997849
vn 0.000000 -0.065547 -0.997849
vn 0.000000 -0.065547 -0.997849
vn 0.864164 -0.065546 -0.498923
vn 0.864164 -0.065546 -0.498923
vn 0.864164 -0.065546 -0.498923
vn 0.864164 -0.065546 -0.498923
vn 0.864162 -0.065544 0.498926
vn 0.864162 -0.065544 0.498926
vn 0.864162 -0.065544 0.498926
vn 0.864162 -0.065544 0.498926
vn 0.000000 1.000000 -0.000000
vn 0.000000 1.000000 -0.000000
vn 0.000000 1.000000 -0.000000
vn 0.000000 1.000000 -0.000000
vn -0.864163 -0.065544 0.498926
vn -0.864163 -0.065544 0.498926
vn -0.864163 -0.065544 0.498926
vn -0.864163 -0.065544 0.498926
vn 0.000000 -0.065542 0.997850
vn 0.000000 -0.065542 0.997850
vn 0.000000 -0.065542 0.997850
vn 0.000000 -0.065542 0.997850
vn 0.000000 1.000000 -0.000000
vn 0.000000 1.000000 -0.000000
vn 0.000000 1.000000 -0.000000
vn 0.000000 1.000000 -0.000000
vn 0.000000 -1.000000 0.000000
vn 0.000000 -1.000000 0.000000
vn 0.000000 -1.000000 0.000000
vn 0.000000 -1.000000 0.000000
vn 0.000000 0.000000 1.000000
vn -0.079700 0.000000 0.996819
vn -0.079700 0.000000 0.996819
vn 0.000000 0.000000 1.000000
vn 0.000000 -0.000000 -1.000000
vn -0.079700 -0.000000 -0.996819
vn -0.079700 -0.000000 -0.996819
vn 0.000000 -0.000000 -1.000000
vn 0.000000 1.000000 -0.000000
vn 0.000000 1.000000 -0.000000
vn 0.000000 1.000000 -0.000000
vn 0.000000 1.000000 -0.000000
vn 0.000000 -1.000000 0.000000
vn 0.000000 -1.000000 0.000000
vn 0.000000 -1.000000 0.000000
vn 0.000000 -1.000000 0.000000
vn 0.079700 0.000000 0.996819
vn 0.000000 0.000000 1.000000
vn 0.000000 0.000000 1.000000
vn 0.079700 0.000000 0.996819
vn 0.079700 -0.000000 -0.996819
vn 0.000000 -0.000000 -1.000000
vn 0.000000 -0.000000 -1.000000
vn 0.079700 -0.000000 -0.996819
vn 0.000000 -0.000000 -1.000000
vn 0.000000 -0.000000 -1.000000
vn 0.000000 -0.000000 -1.000000
vn 0.000000 -0.000000 -1.000000
vn 0.000000 1.000000 -0.000000
vn 0.000000 1.000000 -0.000000
vn 0.000000 1.000000 -0.000000
vn 0.000000 1.000000 -0.000000
vn 0.000000 1.000000 -0.000000
vn 0.000000 1.000000 -0.000000
vn 0.000000 1.000000 -0.000000
vn 0.000000 1.000000 -0.000000
vn 0.000000 1.000000 -0.000000
vn 0.000000 1.000000 -0.000000
vn 0.000000 1.000000 -0.000000
vn 0.000000 1.000000 -0.000000
vn 0.000000 1.000000 -0.000000
vn 0.000000 1.000000 -0.000000
vn 0.000000 1.000000 -0.000000
vn 0.000000 1.000000 -0.000000
vn 0.000000 1.000000 -0.000000
vn 0.000000 1.000000 -0.000000
vn 0.000000 1.000000 -0.000000
vn 0.000000 1.000000 -0.000000
vn 0.866021 -0.000000 -0.500008
vn 0.866021 -0.000000 -0.500008
vn 0.866021 -0.000000 -0.500008
vn 0.866021 -0.000000 -0.500008
vn 0.000000 1.000000 -0.000000
vn 0.000000 1.000000 -0.000000
vn 0.000000 1.000000 -0.000000
vn 0.000000 1.000000 -0.000000
vn 0.000000 1.000000 -0.000000
vn 0.000000 1.000000 -0.000000
vn 0.000000 1.000000 -0.000000
vn 0.000000 1.000000 -0.000000
vn 0.000000 1.000000 -0.000000
vn 0.000000 1.000000 -0.000000
vn 0.000000 1.000000 -0.000000
vn 0.000000 1.000000 -0.000000
vn 0.000000 1.000000 -0.000000
vn 0.000000 1.000000 -0.000000
vn 0.000000 1.000000 -0.000000
vn 0.000000 1.000000 -0.000000
vn 0.000000 1.000000 -0.000000
vn 0.000000 1.000000 -0.000000
vn 0.000000 1.000000 -0.000000
vn 0.000000 1.000000 -0.000000
vn 1.000000 0.000000 -0.000000
vn 1.000000 0.000000 -0.000000
vn 1.000000 0.000000 -0.000000
vn 1.000000 0.000000 -0.000000
vn 0.000000 -1.000000 0.000000
vn 0.000000 -1.000000 0.000000
vn 0.000000 -1.000000 0.000000
vn 0.000000 -1.000000 0.000000
vn 0.000000 -1.000000 0.000000
vn 0.000000 -1.000000 0.000000
vn 0.000000 -1.000000 0.000000
vn 0.000000 -1.000000 0.000000
vn 0.000000 -1.000000 0.000000
vn 0.000000 -1.000000 0.000000
vn 0.000000 -1.000000 0.000000
vn 0.000000 -1.000000 0.000000
vn 0.000000 -1.000000 0.000000
vn 0.000000 -1.000000 0.000000
vn 0.000000 -1.000000 0.000000
vn 0.000000 -1.000000 0.000000
vn 0.000000 -1.000000 0.000000
vn 0.000000 -1.000000 0.000000
vn 0.000000 -1.000000 0.000000
vn 0.000000 -1.000000 0.000000
vn 0.499992 0.000000 0.866030
vn 0.499992 0.000000 0.866030
vn 0.499992 0.000000 0.866030
vn 0.499992 0.000000 0.866030
vn 0.000000 -1.000000 0.000000
vn 0.000000 -1.000000 0.000000
vn 0.000000 -1.000000 0.000000
vn 0.000000 -1.000000 0.000000
vn 0.000000 -1.000000 0.000000
vn 0.000000 -1.000000 0.000000
vn 0.000000 -1.000000 0.000000
vn 0.000000 -1.000000 0.000000
vn 0.000000 -1.000000 0.000000
vn 0.000000 -1.000000 0.000000
vn 0.000000 -1.000000 0.000000
vn 0.000000 -1.000000 0.000000
vn 0.000000 -1.000000 0.000000
vn 0.000000 -1.000000 0.000000
vn 0.000000 -1.000000 0.000000
vn 0.000000 -1.000000 0.000000
vn 0.000000 -1.000000 0.000000
vn 0.000000 -1.000000 0.000000
vn 0.000000 -1.000000 0.000000
vn 0.000000 -1.000000 0.000000
vn 0.000000 -1.000000 0.000000
vn 0.000000 -1.000000 0.000000
vn 0.000000 -1.000000 0.000000
vn 0.000000 -1.000000 0.000000
vn 0.000000 -1.000000 0.000000
vn 0.000000 -1.000000 0.000000
vn 0.000000 -1.000000 0.000000
vn 0.000000 -1.000000 0.000000
vn 0.000000 -1.000000 0.000000
vn 0.000000 -1.000000 0.000000
vn 0.000000 -1.000000 0.000000
vn 0.000000 -1.000000 0.000000
vn 0.500012 -0.000000 -0.866018
vn 0.500012 -0.000000 -0.866018
vn 0.500012 -0.000000 -0.866018
vn 0.500012 -0.000000 -0.866018
vn -0.500012 -0.000000 -0.866018
vn -0.500012 -0.000000 -0.866018
vn -0.500012 -0.000000 -0.866018
vn -0.500012 -0.000000 -0.866018
vn -1.000000 0.000000 -0.000000
vn -1.000000 0.000000 -0.000000
vn -1.000000 0.000000 -0.000000
vn -1.000000 0.000000 -0.000000
vn -0.499992 0.000000 0.866030
vn -0.499992 0.000000 0.866030
vn -0.499992 0.000000 0.866030
vn -0.499992 0.000000 0.866030
vn -0.499992 0.000000 0.866030
vn -0.499992 0.000000 0.866030
vn -0.499992 0.000000 0.866030
vn -0.499992 0.000000 0.866030
vn -1.000000 0.000000 -0.000000
vn -1.000000 0.000000 -0.000000
vn -1.000000 0.000000 -0.000000
vn -1.000000 0.000000 -0.000000
vn -0.500012 -0.000000 -0.866018
vn -0.500012 -0.000000 -0.866018
vn -0.500012 -0.000000 -0.866018
vn -0.500012 -0.000000 -0.866018
vn 0.500012 -0.000000 -0.866018
vn 0.500012 -0.000000 -0.866018
vn 0.500012 -0.000000 -0.866018
vn 0.500012 -0.000000 -0.866018
vn 1.000000 0.000000 -0.000000
vn 1.000000 0.000000 -0.000000
vn 1.000000 0.000000 -0.000000
vn 1.000000 0.000000 -0.000000
vn 0.499992 0.000000 0.866030
vn 0.499992 0.000000 0.866030
vn 0.499992 0.000000 0.866030
vn 0.499992 0.000000 0.866030
vn 0.000000 1.000000 -0.000000
vn 0.000000 1.000000 -0.000000
vn 0.000000 1.000000 -0.000000
vn 0.000000 1.000000 -0.000000
vn 0.000000 1.000000 -0.000000
vn 0.000000 1.000000 -0.000000
vn 0.000000 1.000000 -0.000000
vn 0.000000 1.000000 -0.000000
vn 0.000000 1.000000 -0.000000
vn 0.000000 1.000000 -0.000000
vn 0.000000 1.000000 -0.000000
vn 0.000000 1.000000 -0.000000
vn -0.866028 -0.000000 -0.499996
vn -0.866028 -0.000000 -0.499996
vn -0.866028 -0.000000 -0.499996
vn -0.866028 -0.000000 -0.499996
vn -0.866028 0.000000 0.499996
vn -0.866028 0.000000 0.499996
vn -0.866028 0.000000 0.499996
vn -0.866028 0.000000 0.499996
vn 0.000000 0.000000 1.000000
vn 0.000000 0.000000 1.000000
vn 0.000000 0.000000 1.000000
vn 0.000000 0.000000 1.000000
vn 0.866021 0.000000 0.500008
vn 0.866021 0.000000 0.500008
vn 0.866021 0.000000 0.500008
vn 0.866021 0.000000 0.500008
vn -0.866021 -0.000000 -0.500008
vn -0.866021 -0.000000 -0.500008
vn -0.866021 -0.000000 -0.500008
vn -0.866021 -0.000000 -0.500008
vn 0.000000 -0.000000 -1.000000
vn 0.000000 -0.000000 -1.000000
vn 0.000000 -0.000000 -1.000000
vn 0.000000 -0.000000 -1.000000
vn 0.866028 -0.000000 -0.499996
vn 0.866028 -0.000000 -0.499996
vn 0.866028 -0.000000 -0.499996
vn 0.866028 -0.000000 -0.499996
vn 0.866028 0.000000 0.499996
vn 0.866028 0.000000 0.499996
vn 0.866028 0.000000 0.499996
vn 0.866028 0.000000 0.499996
vn 0.000000 0.000000 1.000000
vn 0.000000 0.000000 1.000000
vn 0.000000 0.000000 1.000000
vn 0.000000 0.000000 1.000000
vn -0.866021 0.000000 0.500008
vn -0.866021 0.000000 0.500008
vn -0.866021 0.000000 0.500008
vn -0.866021 0.000000 0.500008
f 1/1/1 2/2/2 3/3/3
f 1/1/1 3/3/3 4/4/4
f 5/5/5 6/6/6 7/7/7
f 5/5/5 7/7/7 8/8/8
f 9/9/9 10/10/10 11/11/11
f 9/9/9 11/11/11 12/12/12
f 13/13/13 14/14/14 15/15/15
f 13/13/13 15/15/15 16/16/16
f 17/17/17 18/18/18 19/19/19
f 17/17/17 19/19/19 20/20/20
f 21/21/21 22/22/22 23/23/23
f 21/21/21 23/23/23 24/24/24
f 25/25/25 26/26/26 27/27/27
f 25/25/25 27/27/27 28/28/28
f 29/29/29 30/30/30 31/31/31
f 29/29/29 31/31/31 32/32/32
f 33/33/33 34/34/34 35/35/35
f 33/33/33 35/35/35 36/36/36
f 37/37/37 38/38/38 39/39/39
f 37/37/37 39/39/39 40/40/40
f 41/41/41 42/42/42 43/43/43
f 41/41/41 43/43/43 44/44/44
f 45/45/45 46/46/46 47/47/47
f 45/45/45 47/47/47 48/48/48
f 49/49/49 50/50/50 51/51/51
f 49/49/49 51/51/51 52/52/52
f 53/53/53 54/54/54 55/55/55
f 53/53/53 55/55/55 56/56/56
f 57/57/57 58/58/58 59/59/59
f 57/57/57 59/59/59 60/60/60
f 61/61/61 62/62/62 63/63/63
f 61/61/61 63/63/63 64/64/64
f 65/65/65 66/66/66 67/67/67
f 65/65/65 67/67/67 68/68/68
f 69/69/69 70/70/70 71/71/71
f 69/69/69 71/71/71 72/72/72
f 73/73/73 74/74/74 75/75/75
f 73/73/73 75/75/75 76/76/76
f 77/77/77 78/78/78 79/79/79
f 77/77/77 79/79/79 80/80/80
f 81/81/81 82/82/82 83/83/83
f 81/81/81 83/83/83 84/84/84
f 85/85/85 86/86/86 87/87/87
f 85/85/85 87/87/87 88/88/88
f 89/89/89 90/90/90 91/91/91
f 89/89/89 91/91/91 92/92/92
f 93/93/93 94/94/94 95/95/95
f 93/93/93 95/95/95 96/96/96
f 97/97/97 98/98/98 99/99/99
f 97/97/97 99/99/99 100/100/100
f 101/101/101 102/102/102 103/103/103
f 101/101/101 103/103/103 104/104/104
f 105/105/105 106/106/106 107/107/107
f 105/105/105 107/107/107 108/108/108
f 109/109/109 110/110/110 111/111/111
f 109/109/109 111/111/111 112/112/112
f 113/113/113 114/114/114 115/115/115
f 113/113/113 116/116/116 117/117/117
f 118/118/118 119/119/119 120/120/120
f 118/118/118 120/120/120 121/121/121
f 122/122/122 123/123/123 124/124/124
f 122/122/122 124/124/124 125/125/125
f 126/126/126 127/127/127 128/128/128
f 126/126/126 128/128/128 129/129/129
f 130/130/130 131/131/131 132/132/132
f 130/130/130 132/132/132 133/133/133
f 134/134/134 135/135/135 136/136/136
f 134/134/134 136/136/136 137/137/137
f 138/138/138 139/139/139 140/140/140
f 138/138/138 140/140/140 141/141/141
f 142/142/142 143/143/143 144/144/144
f 142/142/142 144/144/144 145/145/145
f 146/146/146 147/147/147 148/148/148
f 146/146/146 148/148/148 149/149/149
f 150/150/150 151/151/151 152/152/152
f 150/150/150 152/152/152 153/153/153
f 154/154/154 155/155/155 156/156/156
f 154/154/154 156/156/156 157/157/157
f 158/158/158 159/159/159 160/160/160
f 158/158/158 160/160/160 161/161/161
f 162/162/162 163/163/163 164/164/164
f 162/162/162 164/164/164 165/165/165
f 166/166/166 167/167/167 168/168/168
f 166/166/166 168/168/168 169/169/169
f 170/170/170 171/171/171 172/172/172
f 170/170/170 172/172/172 173/173/173
f 174/174/174 175/175/175 176/176/176
f 174/174/174 176/176/176 177/177/177
f 178/178/178 179/179/179 180/180/180
f 178/178/178 180/180/180 181/181/181
f 182/182/182 183/183/183 184/184/184
f 182/182/182 184/184/184 185/185/185
f 186/186/186 187/187/187 188/188/188
f 186/186/186 188/188/188 189/189/189
f 190/190/190 191/191/191 192/192/192
f 190/190/190 192/192/192 193/193/193
f 194/194/194 195/195/195 196/196/196
f 194/194/194 196/196/196 197/197/197
f 198/198/198 199/199/199 200/200/200
f 198/198/198 200/200/200 201/201/201
f 202/202/202 203/203/203 204/204/204
f 202/202/202 204/204/204 205/205/205
f 206/206/206 207/207/207 208/208/208
f 206/206/206 208/208/208 209/209/209
f 210/210/210 211/211/211 212/212/212
f 210/210/210 212/212/212 213/213/213
f 214/214/214 215/215/215 216/216/216
f 214/214/214 216/216/216 217/217/217
f 218/218/218 219/219/219 220/220/220
f 218/218/218 220/220/220 221/221/221
f 222/222/222 223/223/223 224/224/224
f 222/222/222 224/224/224 225/225/225
f 226/226/226 227/227/227 228/228/228
f 226/226/226 228/228/228 229/229/229
f 230/230/230 231/231/231 232/232/232
f 230/230/230 232/232/232 233/233/233
f 234/234/234 235/235/235 236/236/236
f 234/234/234 236/236/236 237/237/237
f 238/238/238 239/239/239 240/240/240
f 238/238/238 240/240/240 241/241/241
f 242/242/242 243/243/243 244/244/244
f 242/242/242 244/244/244 245/245/245
f 246/246/246 247/247/247 248/248/248
f 246/246/246 248/248/248 249/249/249
f 250/250/250 251/251/251 252/252/252
f 250/250/250 252/252/252 253/253/253
f 254/254/254 255/255/255 256/256/256
f 254/254/254 256/256/256 257/257/257
f 258/258/258 259/259/259 260/260/260
f 258/258/258 260/260/260 261/261/261
f 262/262/262 263/263/263 264/264/264
f 262/262/262 264/264/264 265/265/265
f 266/266/266 267/267/267 268/268/268
f 266/266/266 268/268/268 269/269/269
f 270/270/270 271/271/271 272/272/272
f 270/270/270 272/272/272 273/273/273
f 274/274/274 275/275/275 276/276/276
f 274/274/274 276/276/276 277/277/277
f 278/278/278 279/279/279 280/280/280
f 278/278/278 280/280/280 281/281/281
f 282/282/282 283/283/283 284/284/284
f 282/282/282 284/284/284 285/285/285
f 286/286/286 287/287/287 288/288/288
f 286/286/286 288/288/288 289/289/289
f 290/290/290 291/291/291 292/292/292
f 290/290/290 292/292/292 293/293/293
f 294/294/294 295/295/295 296/296/296
f 294/294/294 296/296/296 297/297/297
f 298/298/298 299/299/299 300/300/300
f 298/298/298 300/300/300 301/301/301
f 302/302/302 303/303/303 304/304/304
f 302/302/302 304/304/304 305/305/305
f 306/306/306 307/307/307 308/308/308
f 306/306/306 308/308/308 309/309/309
f 310/310/310 311/311/311 312/312/312
f 310/310/310 312/312/312 313/313/313
f 314/314/314 315/315/315 316/316/316
f 314/314/314 316/316/316 317/317/317
f 318/318/318 319/319/319 320/320/320
f 318/318/318 320/320/320 321/321/321
f 322/322/322 323/323/323 324/324/324
f 322/322/322 324/324/324 325/325/325
f 326/326/326 327/327/327 328/328/328
f 326/326/326 328/328/328 329/329/329
f 330/330/330 331/331/331 332/332/332
f 330/330/330 332/332/332 333/333/333
f 334/334/334 335/335/335 336/336/336
f 334/334/334 336/336/336 337/337/337
f 338/338/338 339/339/339 340/340/340
f 338/338/338 340/340/340 341/341/341
f 342/342/342 343/343/343 344/344/344
f 342/342/342 344/344/344 345/345/345
f 346/346/346 347/347/347 348/348/348
f 346/346/346 348/348/348 349/349/349
f 350/350/350 351/351/351 352/352/352
f 350/350/350 352/352/352 353/353/353
f 354/354/354 355/355/355 356/356/356
f 354/354/354 356/356/356 357/357/357
f 358/358/358 359/359/359 360/360/360
f 358/358/358 360/360/360 361/361/361
f 362/362/362 363/363/363 364/364/364
f 362/362/362 364/364/364 365/365/365
f 366/366/366 367/367/367 368/368/368
f 366/366/366 368/368/368 369/369/369
f 370/370/370 371/371/371 372/372/372
f 370/370/370 372/372/372 373/373/373
f 374/374/374 375/375/375 376/376/376
f 374/374/374 376/376/376 377/377/377
f 378/378/378 379/379/379 380/380/380
f 378/378/378 380/380/380 381/381/381
f 382/382/382 383/383/383 384/384/384
f 382/382/382 384/384/384 385/385/385
f 386/386/386 387/387/387 388/388/388
f 386/386/386 388/388/388 389/389/389
f 390/390/390 391/391/391 392/392/392
f 390/390/390 392/392/392 393/393/393
f 394/394/394 395/395/395 396/396/396
f 394/394/394 396/396/396 397/397/397
f 398/398/398 399/399/399 400/400/400
f 398/398/398 400/400/400 401/401/401
f 402/402/402 403/403/403 404/404/404
f 402/402/402 404/404/404 405/405/405
f 406/406/406 407/407/407 408/408/408
f 406/406/406 408/408/408 409/409/409
f 410/410/410 411/411/411 412/412/412
f 410/410/410 412/412/412 413/413/413
f 414/414/414 415/415/415 416/416/416
f 414/414/414 416/416/416 417/417/417
f 418/418/418 419/419/419 420/420/420
f 418/418/418 420/420/420 421/421/421
f 422/422/422 423/423/423 424/424/424
f 422/422/422 424/424/424 425/425/425
f 426/426/426 427/427/427 428/428/428
f 426/426/426 428/428/428 429/429/429
f 430/430/430 431/431/431 432/432/432
f 430/430/430 432/432/432 433/433/433
f 434/434/434 435/435/435 436/436/436
f 434/434/434 436/436/436 437/437/437
f 438/438/438 439/439/439 440/440/440
f 438/438/438 440/440/440 441/441/441
f 442/442/442 443/443/443 444/444/444
f 442/442/442 444/444/444 445/445/445
f 446/446/446 447/447/447 448/448/448
f 446/446/446 448/448/448 449/449/449
f 450/450/450 451/451/451 452/452/452
f 450/450/450 452/452/452 453/453/453
f 454/454/454 455/455/455 456/456/456
f 454/454/454 456/456/456 457/457/457
f 458/458/458 459/459/459 460/460/460
f 458/458/458 460/460/460 461/461/461
f 462/462/462 463/463/463 464/464/464
f 462/462/462 464/464/464 465/465/465
f 466/466/466 467/467/467 468/468/468
f 468/468/468 469/469/469 466/466/466
f 468/468/468 470/470/470 469/469/469
f 470/470/470 471/471/471 469/469/469
f 472/472/472 473/473/473 474/474/474
f 474/474/474 475/475/475 472/472/472
f 474/474/474 476/476/476 475/475/475
f 476/476/476 477/477/477 475/475/475
f 478/478/478 479/479/479 480/480/480
f 478/478/478 480/480/480 481/481/481
f 482/482/482 483/483/483 484/484/484
f 482/482/482 484/484/484 485/485/485
f 486/486/486 487/487/487 488/488/488
f 486/486/486 488/488/488 489/489/489
f 490/490/490 491/491/491 492/492/492
f 490/490/490 492/492/492 493/493/493
f 494/494/494 495/495/495 496/496/496
f 494/494/494 496/496/496 497/497/497
f 498/498/498 499/499/499 500/500/500
f 498/498/498 500/500/500 501/501/501
f 502/502/502 503/503/503 504/504/504
f 502/502/502 504/504/504 505/505/505
f 506/506/506 507/507/507 508/508/508
f 506/506/506 508/508/508 509/509/509
f 510/510/510 511/511/511 512/512/512
f 510/510/510 512/512/512 513/513/513
f 514/514/514 515/515/515 516/516/516
f 514/514/514 516/516/516 517/517/517
f 518/518/518 519/519/519 520/520/520
f 520/520/520 521/521/521 518/518/518
f 521/521/521 522/522/522 518/518/518
f 521/521/521 523/523/523 522/522/522
f 524/524/524 525/525/525 526/526/526
f 526/526/526 527/527/527 524/524/524
f 527/527/527 528/528/528 524/524/524
f 527/527/527 529/529/529 528/528/528
f 530/530/530 531/531/531 532/532/532
f 530/530/530 532/532/532 533/533/533
f 534/534/534 535/535/535 536/536/536
f 534/534/534 536/536/536 537/537/537
f 538/538/538 539/539/539 540/540/540
f 538/538/538 540/540/540 541/541/541
f 542/542/542 543/543/543 544/544/544
f 542/542/542 544/544/544 545/545/545
f 546/546/546 547/547/547 548/548/548
f 546/546/546 548/548/548 549/549/549
f 550/550/550 551/551/551 552/552/552
f 550/550/550 552/552/552 553/553/553
f 554/554/554 555/555/555 556/556/556
f 554/554/554 556/556/556 557/557/557
f 558/558/558 559/559/559 560/560/560
f 558/558/558 560/560/560 561/561/561
f 562/562/562 563/563/563 564/564/564
f 562/562/562 564/564/564 565/565/565
f 566/566/566 567/567/567 568/568/568
f 566/566/566 568/568/568 569/569/569
