# Unturned item rip -> Godot (Z negated, winding reversed, RH Y-up)
v -0.056895 -0.217637 -0.140118
v -0.056895 -0.217637 -0.114449
v 0.056895 -0.217637 -0.114449
v 0.056895 -0.217637 -0.140118
v 0.056895 -0.257346 -0.140118
v 0.056895 -0.257346 -0.114449
v -0.056895 -0.257346 -0.114449
v -0.056895 -0.257346 -0.140118
v -0.056895 -0.217637 -0.114449
v -0.072526 -0.230189 -0.114449
v -0.072526 -0.244794 -0.114449
v -0.056895 -0.257346 -0.114449
v 0.056895 -0.257346 -0.114449
v 0.056895 -0.217637 -0.114449
v 0.072526 -0.230189 -0.114449
v 0.072526 -0.244794 -0.114449
v 0.072526 -0.230189 -0.114449
v 0.072526 -0.230189 -0.140118
v 0.056895 -0.217637 -0.140118
v 0.056895 -0.217637 -0.114449
v -0.056895 -0.217637 -0.140118
v -0.072526 -0.230189 -0.140118
v -0.072526 -0.230189 -0.114449
v -0.056895 -0.217637 -0.114449
v -0.072526 -0.244794 -0.114449
v -0.072526 -0.244794 -0.140118
v -0.056895 -0.257346 -0.140118
v -0.056895 -0.257346 -0.114449
v 0.062357 -0.098822 -0.090329
v 0.111995 -0.217295 -0.090329
v 0.094876 -0.224467 -0.101045
v 0.045238 -0.105994 -0.101045
v 0.062357 -0.098822 -0.090329
v 0.062357 -0.098822 -0.068897
v 0.111995 -0.217295 -0.068897
v 0.111995 -0.217295 -0.090329
v 0.062357 -0.098822 -0.068897
v 0.045238 -0.105994 -0.058181
v 0.094876 -0.224467 -0.058181
v 0.111995 -0.217295 -0.068897
v 0.045238 -0.105994 -0.058181
v 0.028119 -0.113167 -0.068897
v 0.077757 -0.231640 -0.068897
v 0.094876 -0.224467 -0.058181
v 0.028119 -0.113167 -0.090329
v 0.045238 -0.105994 -0.101045
v 0.094876 -0.224467 -0.101045
v 0.077757 -0.231640 -0.090329
v 0.028119 -0.113167 -0.090329
v 0.077757 -0.231640 -0.090329
v 0.077757 -0.231640 -0.068897
v 0.028119 -0.113167 -0.068897
v 0.077757 -0.231640 -0.068897
v 0.077757 -0.231640 -0.090329
v 0.094876 -0.224467 -0.101045
v 0.111995 -0.217295 -0.090329
v 0.111995 -0.217295 -0.068897
v 0.094876 -0.224467 -0.058181
v 0.020474 0.510321 -0.032835
v 0.027567 0.131324 -0.015710
v 0.066555 0.131324 -0.054698
v 0.049430 0.510321 -0.061791
v 0.049430 0.510321 -0.102741
v 0.066555 0.131324 -0.109835
v 0.020474 0.510321 -0.131697
v 0.027567 0.131324 -0.148822
v -0.020476 0.510321 -0.131697
v -0.027569 0.131324 -0.148822
v -0.049432 0.510321 -0.102741
v -0.066557 0.131324 -0.109835
v -0.049432 0.510321 -0.061791
v -0.066557 0.131324 -0.054698
v -0.020476 0.510321 -0.032835
v -0.027569 0.131324 -0.015710
v 0.020474 0.510321 -0.032835
v 0.027567 0.131324 -0.015710
v -0.027569 0.131324 -0.148822
v 0.027567 0.131324 -0.148822
v 0.066555 0.131324 -0.109835
v -0.027569 0.131324 -0.015710
v -0.066557 0.131324 -0.054698
v -0.066557 0.131324 -0.109835
v 0.027567 0.131324 -0.015710
v 0.066555 0.131324 -0.054698
v 0.049430 0.510321 -0.061791
v -0.020476 0.510321 -0.032835
v 0.020474 0.510321 -0.032835
v -0.049432 0.510321 -0.061791
v 0.020474 0.510321 -0.131697
v 0.049430 0.510321 -0.102741
v -0.020476 0.510321 -0.131697
v -0.049432 0.510321 -0.102741
v 0.019915 0.730737 -0.061400
v -0.000001 0.730737 -0.053150
v -0.000001 0.506061 -0.053150
v 0.019915 0.506061 -0.061400
v 0.028165 0.730737 -0.081316
v 0.028165 0.506061 -0.081316
v 0.019915 0.730737 -0.101232
v 0.019915 0.506061 -0.101232
v -0.000001 0.730737 -0.109482
v -0.000001 0.506061 -0.109482
v -0.019917 0.730737 -0.101232
v -0.019917 0.506061 -0.101232
v -0.028167 0.730737 -0.081316
v -0.028167 0.506061 -0.081316
v -0.019917 0.730737 -0.061400
v -0.019917 0.506061 -0.061400
v -0.000001 0.730737 -0.053150
v -0.000001 0.506061 -0.053150
v 0.019915 0.730737 -0.101232
v -0.000001 0.730737 -0.109482
v -0.019917 0.730737 -0.101232
v 0.019915 0.730737 -0.061400
v 0.028165 0.730737 -0.081316
v -0.019917 0.730737 -0.061400
v -0.028167 0.730737 -0.081316
v -0.000001 0.730737 -0.053150
v 0.064561 0.106422 -0.106517
v 0.037736 0.106422 -0.030984
v 0.064561 0.106422 -0.054787
v 0.037736 0.106422 -0.130320
v 0.037736 -0.242933 -0.130320
v 0.064561 -0.242933 -0.054787
v 0.037736 -0.242933 -0.030984
v 0.064561 -0.242933 -0.106517
v 0.064561 -0.242933 -0.106517
v 0.037736 -0.242933 -0.130320
v 0.037736 0.106422 -0.130320
v 0.064561 0.106422 -0.106517
v 0.052269 0.118455 -0.136801
v 0.052269 0.118455 0.018544
v 0.052269 -0.136570 0.029938
v 0.052268 -0.251489 -0.136801
v 0.052268 -0.251489 0.029939
v 0.052269 -0.175763 0.192869
v 0.052268 -0.288191 0.169073
v -0.052270 0.118455 0.018544
v -0.052270 0.118455 -0.136801
v -0.052270 -0.251489 -0.136801
v -0.052270 -0.136570 0.029938
v -0.052270 -0.251489 0.029939
v -0.052270 -0.175763 0.192869
v -0.052270 -0.288191 0.169073
v 0.052268 -0.251489 0.029939
v 0.052268 -0.288191 0.169073
v -0.052270 -0.288191 0.169073
v -0.052270 -0.251489 0.029939
v -0.052270 -0.136570 0.029938
v -0.052270 -0.175763 0.192869
v 0.052269 -0.175763 0.192869
v 0.052269 -0.136570 0.029938
v 0.052269 0.118455 -0.136801
v 0.052268 -0.251489 -0.136801
v -0.052270 -0.251489 -0.136801
v -0.052270 0.118455 -0.136801
v -0.025690 -0.251489 -0.052112
v -0.025690 -0.273632 -0.052112
v 0.025688 -0.273632 -0.052112
v 0.025688 -0.251489 -0.052112
v 0.052269 0.118455 0.018544
v -0.052270 0.118455 0.018544
v -0.052270 -0.136570 0.029938
v 0.052269 -0.136570 0.029938
v -0.025690 -0.273632 -0.107925
v -0.025690 -0.273632 -0.052112
v -0.025690 -0.251489 -0.052112
v -0.025690 -0.251489 -0.107925
v 0.025688 -0.273632 -0.052112
v 0.025688 -0.273632 -0.107925
v 0.025688 -0.251489 -0.107925
v 0.025688 -0.251489 -0.052112
v -0.028613 -0.607856 0.115270
v 0.028609 -0.607856 0.115270
v 0.028609 -0.574582 0.115270
v -0.028613 -0.574582 0.115270
v 0.028609 -0.460870 0.005559
v -0.028613 -0.460870 0.005559
v 0.028609 -0.309497 -0.059871
v -0.028613 -0.309497 -0.059871
v 0.025688 0.118455 -0.052112
v 0.025688 0.139619 -0.052112
v -0.025690 0.139619 -0.052112
v -0.025690 0.118455 -0.052112
v 0.028609 -0.607857 -0.059871
v 0.028609 -0.607856 0.115270
v -0.028613 -0.607856 0.115270
v -0.028613 -0.607856 -0.059871
v -0.025690 0.118455 -0.107925
v -0.025690 0.139619 -0.107925
v 0.025688 0.139619 -0.107925
v 0.025688 0.118455 -0.107925
v -0.025690 0.118455 -0.052112
v -0.025690 0.139619 -0.052112
v -0.025690 0.139619 -0.107925
v -0.025690 0.118455 -0.107925
v 0.025688 0.139619 -0.107925
v 0.025688 0.139619 -0.052112
v 0.025688 0.118455 -0.052112
v 0.025688 0.118455 -0.107925
v -0.064563 0.106422 -0.106517
v -0.064563 -0.242933 -0.106517
v -0.064563 -0.242933 -0.054787
v -0.064563 0.106422 -0.054787
v -0.037737 0.106422 -0.130320
v -0.064563 0.106422 -0.054787
v -0.037737 0.106422 -0.030984
v -0.064563 0.106422 -0.106517
v -0.037737 -0.242933 -0.030984
v -0.037737 0.106422 -0.030984
v -0.064563 0.106422 -0.054787
v -0.064563 -0.242933 -0.054787
v -0.064563 -0.242933 -0.054787
v -0.037737 -0.242933 -0.130320
v -0.037737 -0.242933 -0.030984
v -0.064563 -0.242933 -0.106517
v -0.064563 -0.242933 -0.106517
v -0.064563 0.106422 -0.106517
v -0.037737 0.106422 -0.130320
v -0.037737 -0.242933 -0.130320
v 0.046523 -0.264945 -0.062996
v 0.019270 -0.264945 -0.035743
v 0.019270 -0.616280 -0.035743
v 0.046523 -0.616280 -0.062996
v 0.046523 -0.264945 -0.101537
v 0.046523 -0.616280 -0.101537
v 0.019270 -0.264945 -0.128790
v 0.019270 -0.616280 -0.128790
v -0.019272 -0.264945 -0.128790
v -0.019272 -0.616280 -0.128790
v -0.046525 -0.264945 -0.101537
v -0.046525 -0.616280 -0.101537
v -0.046525 -0.264945 -0.062996
v -0.046525 -0.616280 -0.062996
v -0.019272 -0.264945 -0.035743
v -0.019272 -0.616280 -0.035743
v 0.019270 -0.264945 -0.035743
v 0.019270 -0.616280 -0.035743
v 0.019270 -0.616280 -0.035743
v 0.046523 -0.616280 -0.101537
v 0.046523 -0.616280 -0.062996
v -0.046525 -0.616280 -0.062996
v -0.019272 -0.616280 -0.035743
v 0.019270 -0.616280 -0.128790
v -0.046525 -0.616280 -0.101537
v -0.019272 -0.616280 -0.128790
v -0.019272 -0.264945 -0.035743
v -0.046525 -0.264945 -0.101537
v -0.046525 -0.264945 -0.062996
v -0.019272 -0.264945 -0.128790
v 0.019270 -0.264945 -0.128790
v 0.046523 -0.264945 -0.062996
v 0.046523 -0.264945 -0.101537
v 0.019270 -0.264945 -0.035743
v 0.064561 -0.040358 -0.101419
v 0.056583 -0.040358 -0.101419
v 0.056583 -0.040358 -0.059885
v 0.064561 -0.040358 -0.059885
v 0.064561 0.094907 -0.101419
v 0.056583 0.094907 -0.101419
v 0.056583 -0.040358 -0.101419
v 0.064561 -0.040358 -0.101419
v 0.056583 0.094907 -0.059885
v 0.056583 0.094907 -0.101419
v 0.064561 0.094907 -0.101419
v 0.064561 0.094907 -0.059885
v -0.028613 -0.607856 0.115270
v -0.028613 -0.574582 0.115270
v -0.028613 -0.460870 0.005559
v -0.028613 -0.607856 -0.059871
v -0.028613 -0.309497 -0.059871
v -0.072526 -0.244794 -0.140118
v -0.072526 -0.244794 -0.114449
v -0.072526 -0.230189 -0.114449
v -0.072526 -0.230189 -0.140118
v 0.056895 -0.217637 -0.140118
v 0.072526 -0.230189 -0.140118
v 0.072526 -0.244794 -0.140118
v 0.056895 -0.257346 -0.140118
v -0.056895 -0.257346 -0.140118
v -0.056895 -0.217637 -0.140118
v -0.072526 -0.230189 -0.140118
v -0.072526 -0.244794 -0.140118
v 0.072526 -0.230189 -0.140118
v 0.072526 -0.230189 -0.114449
v 0.072526 -0.244794 -0.114449
v 0.072526 -0.244794 -0.140118
v 0.037736 -0.242933 -0.030984
v 0.064561 -0.242933 -0.054787
v 0.064561 0.106422 -0.054787
v 0.037736 0.106422 -0.030984
v 0.028609 -0.574582 0.115270
v 0.028609 -0.607856 0.115270
v 0.028609 -0.607857 -0.059871
v 0.028609 -0.460870 0.005559
v 0.028609 -0.309497 -0.059871
v -0.052270 -0.175763 0.192869
v -0.052270 -0.288191 0.169073
v 0.052268 -0.288191 0.169073
v 0.052269 -0.175763 0.192869
v 0.025688 -0.251489 -0.107925
v 0.025688 -0.273632 -0.107925
v -0.025690 -0.273632 -0.107925
v -0.025690 -0.251489 -0.107925
v 0.064561 -0.040358 -0.059885
v 0.056583 -0.040358 -0.059885
v 0.056583 0.094907 -0.059885
v 0.064561 0.094907 -0.059885
v 0.056583 0.094907 -0.101419
v 0.056583 0.094907 -0.059885
v 0.056583 -0.040358 -0.059885
v 0.056583 -0.040358 -0.101419
v 0.056895 -0.257346 -0.140118
v 0.072526 -0.244794 -0.140118
v 0.072526 -0.244794 -0.114449
v 0.056895 -0.257346 -0.114449
v 0.064561 0.094907 -0.059885
v 0.064561 0.106422 -0.054787
v 0.064561 -0.040358 -0.059885
v 0.064561 0.094907 -0.101419
v 0.064561 -0.242933 -0.054787
v 0.064561 0.106422 -0.106517
v 0.064561 -0.242933 -0.106517
v 0.064561 -0.040358 -0.101419
v -0.025690 0.118455 -0.052112
v -0.052270 0.118455 0.018544
v 0.052269 0.118455 0.018544
v -0.052270 0.118455 -0.136801
v 0.025688 0.118455 -0.052112
v -0.025690 0.118455 -0.107925
v 0.052269 0.118455 -0.136801
v 0.025688 0.118455 -0.107925
v 0.025688 -0.251489 -0.052112
v 0.052268 -0.251489 0.029939
v -0.052270 -0.251489 0.029939
v 0.052268 -0.251489 -0.136801
v -0.025690 -0.251489 -0.052112
v 0.025688 -0.251489 -0.107925
v -0.052270 -0.251489 -0.136801
v -0.025690 -0.251489 -0.107925
v 0.020474 0.510321 -0.032835
v 0.027567 0.131324 -0.015710
v 0.066555 0.131324 -0.054698
v 0.049430 0.510321 -0.061791
v 0.049430 0.510321 -0.102741
v 0.066555 0.131324 -0.109835
v 0.020474 0.510321 -0.131697
v 0.027567 0.131324 -0.148822
v -0.020476 0.510321 -0.131697
v -0.027569 0.131324 -0.148822
v -0.049432 0.510321 -0.102741
v -0.066557 0.131324 -0.109835
v -0.049432 0.510321 -0.061791
v -0.066557 0.131324 -0.054698
v -0.020476 0.510321 -0.032835
v -0.027569 0.131324 -0.015710
v 0.020474 0.510321 -0.032835
v 0.027567 0.131324 -0.015710
v -0.027569 0.131324 -0.148822
v 0.027567 0.131324 -0.148822
v 0.066555 0.131324 -0.109835
v -0.027569 0.131324 -0.015710
v -0.066557 0.131324 -0.054698
v -0.066557 0.131324 -0.109835
v 0.027567 0.131324 -0.015710
v 0.066555 0.131324 -0.054698
v 0.049430 0.510321 -0.061791
v -0.020476 0.510321 -0.032835
v 0.020474 0.510321 -0.032835
v -0.049432 0.510321 -0.061791
v 0.020474 0.510321 -0.131697
v 0.049430 0.510321 -0.102741
v -0.020476 0.510321 -0.131697
v -0.049432 0.510321 -0.102741
v 0.019915 0.730737 -0.061400
v -0.000001 0.730737 -0.053150
v -0.000001 0.506061 -0.053150
v 0.019915 0.506061 -0.061400
v 0.028165 0.730737 -0.081316
v 0.028165 0.506061 -0.081316
v 0.019915 0.730737 -0.101232
v 0.019915 0.506061 -0.101232
v -0.000001 0.730737 -0.109482
v -0.000001 0.506061 -0.109482
v -0.019917 0.730737 -0.101232
v -0.019917 0.506061 -0.101232
v -0.028167 0.730737 -0.081316
v -0.028167 0.506061 -0.081316
v -0.019917 0.730737 -0.061400
v -0.019917 0.506061 -0.061400
v -0.000001 0.730737 -0.053150
v -0.000001 0.506061 -0.053150
v 0.019915 0.730737 -0.101232
v -0.000001 0.730737 -0.109482
v -0.019917 0.730737 -0.101232
v 0.019915 0.730737 -0.061400
v 0.028165 0.730737 -0.081316
v -0.019917 0.730737 -0.061400
v -0.028167 0.730737 -0.081316
v -0.000001 0.730737 -0.053150
v 0.064561 0.106422 -0.106517
v 0.037736 0.106422 -0.030984
v 0.064561 0.106422 -0.054787
v 0.037736 0.106422 -0.130320
v 0.037736 -0.242933 -0.130320
v 0.064561 -0.242933 -0.054787
v 0.037736 -0.242933 -0.030984
v 0.064561 -0.242933 -0.106517
v 0.064561 -0.242933 -0.106517
v 0.037736 -0.242933 -0.130320
v 0.037736 0.106422 -0.130320
v 0.064561 0.106422 -0.106517
v 0.052269 0.118455 -0.136801
v 0.052269 0.118455 0.018544
v 0.052269 -0.136570 0.029938
v 0.052268 -0.251489 -0.136801
v 0.052268 -0.251489 0.029939
v 0.052269 -0.175763 0.192869
v 0.052268 -0.288191 0.169073
v -0.052270 0.118455 0.018544
v -0.052270 0.118455 -0.136801
v -0.052270 -0.251489 -0.136801
v -0.052270 -0.136570 0.029938
v -0.052270 -0.251489 0.029939
v -0.052270 -0.175763 0.192869
v -0.052270 -0.288191 0.169073
v 0.052268 -0.251489 0.029939
v 0.052268 -0.288191 0.169073
v -0.052270 -0.288191 0.169073
v -0.052270 -0.251489 0.029939
v -0.052270 -0.136570 0.029938
v -0.052270 -0.175763 0.192869
v 0.052269 -0.175763 0.192869
v 0.052269 -0.136570 0.029938
v 0.052269 0.118455 -0.136801
v 0.052268 -0.251489 -0.136801
v -0.052270 -0.251489 -0.136801
v -0.052270 0.118455 -0.136801
v 0.052269 0.118455 0.018544
v -0.052270 0.118455 0.018544
v -0.052270 -0.136570 0.029938
v 0.052269 -0.136570 0.029938
v -0.028613 -0.607856 0.115270
v 0.028609 -0.607856 0.115270
v 0.028609 -0.574582 0.115270
v -0.028613 -0.574582 0.115270
v 0.028609 -0.460870 0.005559
v -0.028613 -0.460870 0.005559
v 0.028609 -0.309497 -0.059871
v -0.028613 -0.309497 -0.059871
v 0.028609 -0.607857 -0.059871
v 0.028609 -0.607856 0.115270
v -0.028613 -0.607856 0.115270
v -0.028613 -0.607856 -0.059871
v -0.064563 0.106422 -0.106517
v -0.064563 -0.242933 -0.106517
v -0.064563 -0.242933 -0.054787
v -0.064563 0.106422 -0.054787
v -0.037737 0.106422 -0.130320
v -0.064563 0.106422 -0.054787
v -0.037737 0.106422 -0.030984
v -0.064563 0.106422 -0.106517
v -0.037737 -0.242933 -0.030984
v -0.037737 0.106422 -0.030984
v -0.064563 0.106422 -0.054787
v -0.064563 -0.242933 -0.054787
v -0.064563 -0.242933 -0.054787
v -0.037737 -0.242933 -0.130320
v -0.037737 -0.242933 -0.030984
v -0.064563 -0.242933 -0.106517
v -0.064563 -0.242933 -0.106517
v -0.064563 0.106422 -0.106517
v -0.037737 0.106422 -0.130320
v -0.037737 -0.242933 -0.130320
v 0.046523 -0.264945 -0.062996
v 0.019270 -0.264945 -0.035743
v 0.019270 -0.616280 -0.035743
v 0.046523 -0.616280 -0.062996
v 0.046523 -0.264945 -0.101537
v 0.046523 -0.616280 -0.101537
v 0.019270 -0.264945 -0.128790
v 0.019270 -0.616280 -0.128790
v -0.019272 -0.264945 -0.128790
v -0.019272 -0.616280 -0.128790
v -0.046525 -0.264945 -0.101537
v -0.046525 -0.616280 -0.101537
v -0.046525 -0.264945 -0.062996
v -0.046525 -0.616280 -0.062996
v -0.019272 -0.264945 -0.035743
v -0.019272 -0.616280 -0.035743
v 0.019270 -0.264945 -0.035743
v 0.019270 -0.616280 -0.035743
v 0.019270 -0.616280 -0.035743
v 0.046523 -0.616280 -0.101537
v 0.046523 -0.616280 -0.062996
v -0.046525 -0.616280 -0.062996
v -0.019272 -0.616280 -0.035743
v 0.019270 -0.616280 -0.128790
v -0.046525 -0.616280 -0.101537
v -0.019272 -0.616280 -0.128790
v -0.019272 -0.264945 -0.035743
v -0.046525 -0.264945 -0.101537
v -0.046525 -0.264945 -0.062996
v -0.019272 -0.264945 -0.128790
v 0.019270 -0.264945 -0.128790
v 0.046523 -0.264945 -0.062996
v 0.046523 -0.264945 -0.101537
v 0.019270 -0.264945 -0.035743
v -0.028613 -0.607856 0.115270
v -0.028613 -0.574582 0.115270
v -0.028613 -0.460870 0.005559
v -0.028613 -0.607856 -0.059871
v -0.028613 -0.309497 -0.059871
v 0.037736 -0.242933 -0.030984
v 0.064561 -0.242933 -0.054787
v 0.064561 0.106422 -0.054787
v 0.037736 0.106422 -0.030984
v 0.028609 -0.574582 0.115270
v 0.028609 -0.607856 0.115270
v 0.028609 -0.607857 -0.059871
v 0.028609 -0.460870 0.005559
v 0.028609 -0.309497 -0.059871
v -0.052270 -0.175763 0.192869
v -0.052270 -0.288191 0.169073
v 0.052268 -0.288191 0.169073
v 0.052269 -0.175763 0.192869
v 0.064561 0.094907 -0.101419
v 0.064561 0.094907 -0.059885
v 0.064561 -0.040358 -0.059885
v 0.064561 -0.040358 -0.101419
v 0.064561 0.094907 -0.059885
v 0.064561 0.106422 -0.054787
v 0.064561 -0.040358 -0.059885
v 0.064561 0.094907 -0.101419
v 0.064561 -0.242933 -0.054787
v 0.064561 0.106422 -0.106517
v 0.064561 -0.242933 -0.106517
v 0.064561 -0.040358 -0.101419
v -0.025690 0.118455 -0.052112
v -0.052270 0.118455 0.018544
v 0.052269 0.118455 0.018544
v -0.052270 0.118455 -0.136801
v 0.025688 0.118455 -0.052112
v -0.025690 0.118455 -0.107925
v 0.052269 0.118455 -0.136801
v 0.025688 0.118455 -0.107925
v 0.025688 -0.251489 -0.052112
v 0.052268 -0.251489 0.029939
v -0.052270 -0.251489 0.029939
v 0.052268 -0.251489 -0.136801
v -0.025690 -0.251489 -0.052112
v 0.025688 -0.251489 -0.107925
v -0.052270 -0.251489 -0.136801
v -0.025690 -0.251489 -0.107925
vt 0.199440002 0.944791973
vt 0.199440002 0.965384007
vt 0.290722996 0.965384007
vt 0.290722996 0.944791973
vt 0.101751 0.965384007
vt 0.101751 0.944791973
vt 0.0104679996 0.944791973
vt 0.0104679996 0.965384007
vt 0.449672997 0.933650017
vt 0.437133014 0.943719029
vt 0.437133014 0.955434978
vt 0.449672997 0.965505004
vt 0.54095602 0.965505004
vt 0.54095602 0.933650017
vt 0.55349499 0.943719029
vt 0.55349499 0.955434978
vt 0.162422001 0.944791973
vt 0.162422001 0.965384007
vt 0.178504005 0.965384007
vt 0.178504005 0.944791973
vt 0.950891972 0.880356014
vt 0.934809029 0.880356014
vt 0.934809029 0.900949001
vt 0.950891972 0.900949001
vt 0.923093021 0.900947988
vt 0.923093021 0.880356014
vt 0.907010972 0.880356014
vt 0.907010972 0.900947988
vt 0.403257996 0.494623005
vt 0.300213993 0.494623005
vt 0.300213993 0.511815012
vt 0.403257996 0.511815012
vt 0.403257996 0.494623005
vt 0.403257996 0.477429986
vt 0.300213993 0.477429986
vt 0.300213993 0.494623005
vt 0.403257996 0.477429986
vt 0.403257996 0.460236996
vt 0.300213993 0.460236996
vt 0.300213993 0.477429986
vt 0.403257996 0.56339401
vt 0.403257996 0.546200991
vt 0.300213993 0.546200991
vt 0.300213993 0.56339401
vt 0.403257996 0.529007971
vt 0.403257996 0.511815012
vt 0.300213993 0.511815012
vt 0.300213993 0.529007971
vt 0.403257996 0.529007971
vt 0.300213993 0.529007971
vt 0.300213993 0.546200991
vt 0.403257996 0.546200991
vt 0.751497984 0.91682601
vt 0.751497984 0.934019029
vt 0.766386986 0.942614973
vt 0.781277001 0.934019029
vt 0.781277001 0.91682601
vt 0.766386986 0.908230007
vt 0.368734986 0.367018998
vt 0.671432972 0.367018014
vt 0.671432972 0.323164999
vt 0.368734986 0.323166013
vt 0.368734986 0.279127985
vt 0.671432972 0.279127985
vt 0.368734986 0.234966993
vt 0.671432972 0.234965995
vt 0.368734986 0.190743998
vt 0.671432972 0.190742999
vt 0.368734986 0.146521002
vt 0.671432972 0.146520004
vt 0.368734986 0.102360003
vt 0.671432972 0.102358997
vt 0.368734986 0.0583220012
vt 0.671432972 0.0583209991
vt 0.368734986 0.0144689996
vt 0.671432972 0.0144680003
vt 0.346257001 0.770164013
vt 0.377532989 0.738888025
vt 0.377532989 0.694657028
vt 0.270749986 0.694657028
vt 0.270749986 0.738888025
vt 0.302026004 0.770164013
vt 0.302026004 0.66338098
vt 0.346257001 0.66338098
vt 0.932347 0.407184005
vt 0.909117997 0.463263005
vt 0.932347 0.440034002
vt 0.876268029 0.463263005
vt 0.876268029 0.383955002
vt 0.909117997 0.383955002
vt 0.853039026 0.407184005
vt 0.853039026 0.440034002
vt 0.872995973 0.137165993
vt 0.872995973 0.119873002
vt 0.692759991 0.119874999
vt 0.692761004 0.137168005
vt 0.872995973 0.154459998
vt 0.692761004 0.154460996
vt 0.872995973 0.171753004
vt 0.692761004 0.171754003
vt 0.872995973 0.189045995
vt 0.692761004 0.189048007
vt 0.872995973 0.20634
vt 0.692761004 0.206340998
vt 0.872995973 0.223633006
vt 0.692761004 0.223634005
vt 0.872995973 0.240926996
vt 0.692761004 0.240926996
vt 0.872995973 0.258219987
vt 0.692761004 0.258219987
vt 0.935681999 0.13312
vt 0.923453987 0.120890997
vt 0.90616101 0.120890997
vt 0.923453987 0.162641004
vt 0.935681999 0.150413007
vt 0.893932998 0.150413007
vt 0.893932998 0.13312
vt 0.90616101 0.162641004
vt 0.953283012 0.444541007
vt 0.974824011 0.383955002
vt 0.953297973 0.403041989
vt 0.974795997 0.463643014
vt 0.759736001 0.887292981
vt 0.781277001 0.826708019
vt 0.759764016 0.807605028
vt 0.781261981 0.868206024
vt 0.437133998 0.883940995
vt 0.437133014 0.912711024
vt 0.717387021 0.912712991
vt 0.717387021 0.883943021
vt 0.336436003 0.279291004
vt 0.336436003 0.154671997
vt 0.131852999 0.145530999
vt 0.0396649987 0.279289991
vt 0.0396649987 0.145530999
vt 0.100412004 0.014827
vt 0.0102209998 0.0339160003
vt 0.336560994 0.425650001
vt 0.336436003 0.301030993
vt 0.0396649987 0.301328987
vt 0.131988004 0.434996009
vt 0.0397990011 0.435088992
vt 0.100677997 0.565732002
vt 0.0104679996 0.546733022
vt 0.827152014 0.72716099
vt 0.827152014 0.611338973
vt 0.743008018 0.611338973
vt 0.743008018 0.72716099
vt 0.743007004 0.383955002
vt 0.743008018 0.518840015
vt 0.827152014 0.518840015
vt 0.827152014 0.383953989
vt 0.989531994 0.279157013
vt 0.692759991 0.279157013
vt 0.692761004 0.363018006
vt 0.989531994 0.363018006
vt 0.96727401 0.628302991
vt 0.949509978 0.628302991
vt 0.949509978 0.669517994
vt 0.96727401 0.669517994
vt 0.897547007 0.098935999
vt 0.897547007 0.015075
vt 0.692761004 0.015075
vt 0.692759991 0.098935999
vt 0.949509978 0.583530009
vt 0.949509978 0.628302991
vt 0.96727401 0.628302991
vt 0.96727401 0.583530009
vt 0.949509978 0.49754101
vt 0.949509978 0.542313993
vt 0.96727401 0.542313993
vt 0.967272997 0.49754101
vt 0.134185001 0.58622998
vt 0.134185001 0.632133007
vt 0.160878003 0.632133007
vt 0.160878003 0.58622998
vt 0.287633985 0.632133007
vt 0.287633985 0.58622998
vt 0.419923991 0.632133007
vt 0.419923991 0.586229026
vt 0.39921999 0.835358977
vt 0.416197002 0.835358977
vt 0.416197002 0.794143975
vt 0.399219006 0.794143975
vt 0.377532989 0.931599975
vt 0.377532989 0.791100979
vt 0.331629008 0.791100979
vt 0.331629008 0.931599975
vt 0.399219006 0.749369979
vt 0.416197002 0.749369979
vt 0.416197002 0.708154976
vt 0.399219006 0.708154976
vt 0.399219006 0.794143975
vt 0.416197002 0.794143975
vt 0.416197002 0.749369979
vt 0.399219006 0.749369979
vt 0.416197002 0.708154976
vt 0.416197002 0.66338098
vt 0.399219006 0.66338098
vt 0.399219006 0.708154976
vt 0.290722996 0.853586972
vt 0.0104679996 0.853586972
vt 0.0104679996 0.895084977
vt 0.290722996 0.895084977
vt 0.960959971 0.098935999
vt 0.98250097 0.0383509994
vt 0.960987985 0.0192479994
vt 0.982487023 0.0798489973
vt 0.0104679996 0.923855007
vt 0.290722996 0.923855007
vt 0.290722996 0.895084977
vt 0.0104679996 0.895084977
vt 0.91849798 0.0383360013
vt 0.939997017 0.098935999
vt 0.940024018 0.0192479994
vt 0.918483019 0.0798339993
vt 0.0104679996 0.853586972
vt 0.290722996 0.853586972
vt 0.290722996 0.824817002
vt 0.0104679996 0.824817002
vt 0.718976974 0.414873004
vt 0.718976974 0.383955002
vt 0.437133998 0.383955002
vt 0.437133998 0.414873004
vt 0.718976974 0.445791006
vt 0.437133998 0.445791006
vt 0.718976974 0.476709008
vt 0.437133014 0.476709008
vt 0.718976974 0.50762701
vt 0.437133014 0.50762701
vt 0.718976974 0.538545012
vt 0.437133014 0.538546026
vt 0.718976974 0.569464028
vt 0.437133014 0.569464028
vt 0.718976974 0.600381017
vt 0.437133014 0.60038197
vt 0.718976974 0.631299973
vt 0.437133014 0.631299973
vt 0.928874016 0.776329994
vt 0.981653988 0.798192978
vt 0.959792018 0.776329994
vt 0.907010972 0.82911098
vt 0.907010972 0.798192978
vt 0.981653988 0.82911098
vt 0.928873003 0.85097301
vt 0.959792018 0.85097301
vt 0.946712971 0.258219987
vt 0.893932998 0.236358002
vt 0.915795028 0.258219987
vt 0.893932998 0.20544
vt 0.915795028 0.183577001
vt 0.968576014 0.20544
vt 0.946712971 0.183577001
vt 0.968576014 0.236358002
vt 0.802213013 0.961603999
vt 0.808614016 0.961603999
vt 0.808614016 0.928286016
vt 0.802213013 0.928286016
vt 0.917123973 0.968005002
vt 0.917123973 0.961603999
vt 0.808614016 0.961603999
vt 0.808614016 0.968005002
vt 0.917123973 0.928286016
vt 0.917123973 0.961603999
vt 0.923524976 0.961603999
vt 0.923524976 0.928286016
vt 0.0104679996 0.803879976
vt 0.0371610001 0.803879976
vt 0.128381997 0.715870023
vt 0.0104679996 0.66338098
vt 0.249813005 0.66338098
vt 0.923093021 0.880356014
vt 0.923093021 0.900947988
vt 0.934809029 0.900949001
vt 0.934809029 0.880356014
vt 0.704840004 0.965535998
vt 0.717383027 0.955470979
vt 0.717387021 0.943754971
vt 0.704850972 0.933681011
vt 0.613568008 0.933650017
vt 0.613556981 0.965505004
vt 0.601020992 0.955430984
vt 0.601024985 0.943714976
vt 0.162422001 0.965384007
vt 0.162422001 0.944791973
vt 0.150704995 0.944791973
vt 0.150704995 0.965384007
vt 0.437133014 0.813674986
vt 0.437133998 0.842445016
vt 0.717387021 0.842441976
vt 0.717387021 0.813672006
vt 0.463826001 0.652236998
vt 0.437133014 0.652236998
vt 0.437133014 0.792735994
vt 0.555046976 0.740247011
vt 0.676478982 0.792735994
vt 0.743008018 0.518840015
vt 0.743008018 0.611338973
vt 0.827152014 0.611338973
vt 0.827152014 0.518840015
vt 0.96727401 0.542313993
vt 0.949509978 0.542313993
vt 0.949509978 0.583530009
vt 0.96727401 0.583530009
vt 0.808614016 0.921885014
vt 0.808614016 0.928286016
vt 0.917123973 0.928286016
vt 0.917123973 0.921885014
vt 0.917123973 0.961603999
vt 0.917123973 0.928286016
vt 0.808614016 0.928286016
vt 0.808614016 0.961603999
vt 0.134623006 0.965384007
vt 0.150704995 0.965384007
vt 0.150704995 0.944791973
vt 0.134623006 0.944791973
vt 0.708149016 0.846531987
vt 0.717387021 0.842441976
vt 0.599628985 0.846533
vt 0.708149016 0.87985301
vt 0.437133998 0.842445016
vt 0.717387021 0.883943021
vt 0.437133998 0.883940995
vt 0.599628985 0.879851997
vt 0.864750981 0.833010972
vt 0.88607502 0.776329994
vt 0.802213013 0.776329994
vt 0.88607502 0.900949001
vt 0.823535979 0.833010972
vt 0.864751995 0.877784014
vt 0.802213013 0.900949001
vt 0.823535979 0.877784014
vt 0.904033005 0.563362002
vt 0.925355971 0.49754101
vt 0.841494024 0.49754101
vt 0.925355971 0.631299973
vt 0.862818003 0.563362002
vt 0.904033005 0.608135998
vt 0.841494024 0.631299973
vt 0.862818003 0.608135998
vt 0.368734986 0.367018998
vt 0.671432972 0.367018014
vt 0.671432972 0.323164999
vt 0.368734986 0.323166013
vt 0.368734986 0.279127985
vt 0.671432972 0.279127985
vt 0.368734986 0.234966993
vt 0.671432972 0.234965995
vt 0.368734986 0.190743998
vt 0.671432972 0.190742999
vt 0.368734986 0.146521002
vt 0.671432972 0.146520004
vt 0.368734986 0.102360003
vt 0.671432972 0.102358997
vt 0.368734986 0.0583220012
vt 0.671432972 0.0583209991
vt 0.368734986 0.0144689996
vt 0.671432972 0.0144680003
vt 0.346257001 0.770164013
vt 0.377532989 0.738888025
vt 0.377532989 0.694657028
vt 0.270749986 0.694657028
vt 0.270749986 0.738888025
vt 0.302026004 0.770164013
vt 0.302026004 0.66338098
vt 0.346257001 0.66338098
vt 0.932347 0.407184005
vt 0.909117997 0.463263005
vt 0.932347 0.440034002
vt 0.876268029 0.463263005
vt 0.876268029 0.383955002
vt 0.909117997 0.383955002
vt 0.853039026 0.407184005
vt 0.853039026 0.440034002
vt 0.872995973 0.137165993
vt 0.872995973 0.119873002
vt 0.692759991 0.119874999
vt 0.692761004 0.137168005
vt 0.872995973 0.154459998
vt 0.692761004 0.154460996
vt 0.872995973 0.171753004
vt 0.692761004 0.171754003
vt 0.872995973 0.189045995
vt 0.692761004 0.189048007
vt 0.872995973 0.20634
vt 0.692761004 0.206340998
vt 0.872995973 0.223633006
vt 0.692761004 0.223634005
vt 0.872995973 0.240926996
vt 0.692761004 0.240926996
vt 0.872995973 0.258219987
vt 0.692761004 0.258219987
vt 0.935681999 0.13312
vt 0.923453987 0.120890997
vt 0.90616101 0.120890997
vt 0.923453987 0.162641004
vt 0.935681999 0.150413007
vt 0.893932998 0.150413007
vt 0.893932998 0.13312
vt 0.90616101 0.162641004
vt 0.953283012 0.444541007
vt 0.974824011 0.383955002
vt 0.953297973 0.403041989
vt 0.974795997 0.463643014
vt 0.759736001 0.887292981
vt 0.781277001 0.826708019
vt 0.759764016 0.807605028
vt 0.781261981 0.868206024
vt 0.437133998 0.883940995
vt 0.437133014 0.912711024
vt 0.717387021 0.912712991
vt 0.717387021 0.883943021
vt 0.336436003 0.279291004
vt 0.336436003 0.154671997
vt 0.131852999 0.145530999
vt 0.0396649987 0.279289991
vt 0.0396649987 0.145530999
vt 0.100412004 0.014827
vt 0.0102209998 0.0339160003
vt 0.336560994 0.425650001
vt 0.336436003 0.301030993
vt 0.0396649987 0.301328987
vt 0.131988004 0.434996009
vt 0.0397990011 0.435088992
vt 0.100677997 0.565732002
vt 0.0104679996 0.546733022
vt 0.827152014 0.72716099
vt 0.827152014 0.611338973
vt 0.743008018 0.611338973
vt 0.743008018 0.72716099
vt 0.743007004 0.383955002
vt 0.743008018 0.518840015
vt 0.827152014 0.518840015
vt 0.827152014 0.383953989
vt 0.989531994 0.279157013
vt 0.692759991 0.279157013
vt 0.692761004 0.363018006
vt 0.989531994 0.363018006
vt 0.897547007 0.098935999
vt 0.897547007 0.015075
vt 0.692761004 0.015075
vt 0.692759991 0.098935999
vt 0.134185001 0.58622998
vt 0.134185001 0.632133007
vt 0.160878003 0.632133007
vt 0.160878003 0.58622998
vt 0.287633985 0.632133007
vt 0.287633985 0.58622998
vt 0.419923991 0.632133007
vt 0.419923991 0.586229026
vt 0.377532989 0.931599975
vt 0.377532989 0.791100979
vt 0.331629008 0.791100979
vt 0.331629008 0.931599975
vt 0.290722996 0.853586972
vt 0.0104679996 0.853586972
vt 0.0104679996 0.895084977
vt 0.290722996 0.895084977
vt 0.960959971 0.098935999
vt 0.98250097 0.0383509994
vt 0.960987985 0.0192479994
vt 0.982487023 0.0798489973
vt 0.0104679996 0.923855007
vt 0.290722996 0.923855007
vt 0.290722996 0.895084977
vt 0.0104679996 0.895084977
vt 0.91849798 0.0383360013
vt 0.939997017 0.098935999
vt 0.940024018 0.0192479994
vt 0.918483019 0.0798339993
vt 0.0104679996 0.853586972
vt 0.290722996 0.853586972
vt 0.290722996 0.824817002
vt 0.0104679996 0.824817002
vt 0.718976974 0.414873004
vt 0.718976974 0.383955002
vt 0.437133998 0.383955002
vt 0.437133998 0.414873004
vt 0.718976974 0.445791006
vt 0.437133998 0.445791006
vt 0.718976974 0.476709008
vt 0.437133014 0.476709008
vt 0.718976974 0.50762701
vt 0.437133014 0.50762701
vt 0.718976974 0.538545012
vt 0.437133014 0.538546026
vt 0.718976974 0.569464028
vt 0.437133014 0.569464028
vt 0.718976974 0.600381017
vt 0.437133014 0.60038197
vt 0.718976974 0.631299973
vt 0.437133014 0.631299973
vt 0.928874016 0.776329994
vt 0.981653988 0.798192978
vt 0.959792018 0.776329994
vt 0.907010972 0.82911098
vt 0.907010972 0.798192978
vt 0.981653988 0.82911098
vt 0.928873003 0.85097301
vt 0.959792018 0.85097301
vt 0.946712971 0.258219987
vt 0.893932998 0.236358002
vt 0.915795028 0.258219987
vt 0.893932998 0.20544
vt 0.915795028 0.183577001
vt 0.968576014 0.20544
vt 0.946712971 0.183577001
vt 0.968576014 0.236358002
vt 0.0104679996 0.803879976
vt 0.0371610001 0.803879976
vt 0.128381997 0.715870023
vt 0.0104679996 0.66338098
vt 0.249813005 0.66338098
vt 0.437133014 0.813674986
vt 0.437133998 0.842445016
vt 0.717387021 0.842441976
vt 0.717387021 0.813672006
vt 0.463826001 0.652236998
vt 0.437133014 0.652236998
vt 0.437133014 0.792735994
vt 0.555046976 0.740247011
vt 0.676478982 0.792735994
vt 0.743008018 0.518840015
vt 0.743008018 0.611338973
vt 0.827152014 0.611338973
vt 0.827152014 0.518840015
vt 0.917123973 0.961603999
vt 0.917123973 0.928286016
vt 0.808614016 0.928286016
vt 0.808614016 0.961603999
vt 0.708149016 0.846531987
vt 0.717387021 0.842441976
vt 0.599628985 0.846533
vt 0.708149016 0.87985301
vt 0.437133998 0.842445016
vt 0.717387021 0.883943021
vt 0.437133998 0.883940995
vt 0.599628985 0.879851997
vt 0.864750981 0.833010972
vt 0.88607502 0.776329994
vt 0.802213013 0.776329994
vt 0.88607502 0.900949001
vt 0.823535979 0.833010972
vt 0.864751995 0.877784014
vt 0.802213013 0.900949001
vt 0.823535979 0.877784014
vt 0.904033005 0.563362002
vt 0.925355971 0.49754101
vt 0.841494024 0.49754101
vt 0.925355971 0.631299973
vt 0.862818003 0.563362002
vt 0.904033005 0.608135998
vt 0.841494024 0.631299973
vt 0.862818003 0.608135998
vn -0.331874 0.943324 -0.000000
vn -0.331874 0.943324 -0.000000
vn 0.331874 0.943324 -0.000000
vn 0.331874 0.943324 -0.000000
vn 0.331874 -0.943324 0.000000
vn 0.331874 -0.943324 0.000000
vn -0.331874 -0.943324 0.000000
vn -0.331874 -0.943324 0.000000
vn 0.000000 0.000000 1.000000
vn 0.000000 0.000000 1.000000
vn 0.000000 0.000000 1.000000
vn 0.000000 0.000000 1.000000
vn 0.000000 0.000000 1.000000
vn 0.000000 0.000000 1.000000
vn 0.000000 0.000000 1.000000
vn 0.000000 0.000000 1.000000
vn 0.626129 0.779719 -0.000000
vn 0.626129 0.779719 -0.000000
vn 0.331874 0.943324 -0.000000
vn 0.331874 0.943324 -0.000000
vn -0.331874 0.943324 -0.000000
vn -0.626129 0.779719 -0.000000
vn -0.626129 0.779719 -0.000000
vn -0.331874 0.943324 -0.000000
vn -0.626130 -0.779719 0.000000
vn -0.626130 -0.779719 0.000000
vn -0.331874 -0.943324 0.000000
vn -0.331874 -0.943324 0.000000
vn 0.461159 0.193217 -0.866025
vn 0.461159 0.193217 -0.866025
vn 0.461159 0.193217 -0.866025
vn 0.461159 0.193217 -0.866025
vn 0.922317 0.386434 -0.000000
vn 0.922317 0.386434 -0.000000
vn 0.922317 0.386434 -0.000000
vn 0.922317 0.386434 -0.000000
vn 0.461159 0.193217 0.866025
vn 0.461159 0.193217 0.866025
vn 0.461159 0.193217 0.866025
vn 0.461159 0.193217 0.866025
vn -0.461152 -0.193214 0.866030
vn -0.461152 -0.193214 0.866030
vn -0.461152 -0.193214 0.866030
vn -0.461152 -0.193214 0.866030
vn -0.461151 -0.193214 -0.866030
vn -0.461151 -0.193214 -0.866030
vn -0.461151 -0.193214 -0.866030
vn -0.461151 -0.193214 -0.866030
vn -0.922317 -0.386434 0.000000
vn -0.922317 -0.386434 0.000000
vn -0.922317 -0.386434 0.000000
vn -0.922317 -0.386434 0.000000
vn 0.386432 -0.922318 0.000000
vn 0.386432 -0.922318 0.000000
vn 0.386432 -0.922318 0.000000
vn 0.386432 -0.922318 0.000000
vn 0.386432 -0.922318 0.000000
vn 0.386432 -0.922318 0.000000
vn 0.382227 0.048849 0.922777
vn 0.382227 0.048849 0.922777
vn 0.922777 0.048849 0.382227
vn 0.922777 0.048849 0.382227
vn 0.922775 0.048850 -0.382230
vn 0.922775 0.048850 -0.382230
vn 0.382223 0.048850 -0.922778
vn 0.382223 0.048850 -0.922778
vn -0.382223 0.048850 -0.922778
vn -0.382223 0.048850 -0.922778
vn -0.922775 0.048850 -0.382230
vn -0.922775 0.048850 -0.382230
vn -0.922777 0.048849 0.382227
vn -0.922777 0.048849 0.382227
vn -0.382227 0.048849 0.922777
vn -0.382227 0.048849 0.922777
vn 0.382227 0.048849 0.922777
vn 0.382227 0.048849 0.922777
vn 0.000000 -1.000000 0.000000
vn 0.000000 -1.000000 0.000000
vn 0.000000 -1.000000 0.000000
vn 0.000000 -1.000000 0.000000
vn 0.000000 -1.000000 0.000000
vn 0.000000 -1.000000 0.000000
vn 0.000000 -1.000000 0.000000
vn 0.000000 -1.000000 0.000000
vn 0.000000 1.000000 -0.000000
vn 0.000000 1.000000 -0.000000
vn 0.000000 1.000000 -0.000000
vn 0.000000 1.000000 -0.000000
vn 0.000000 1.000000 -0.000000
vn 0.000000 1.000000 -0.000000
vn 0.000000 1.000000 -0.000000
vn 0.000000 1.000000 -0.000000
vn 0.707107 0.000000 0.707107
vn 0.000000 0.000000 1.000000
vn 0.000000 0.000000 1.000000
vn 0.707107 0.000000 0.707107
vn 1.000000 0.000000 -0.000000
vn 1.000000 0.000000 -0.000000
vn 0.707107 -0.000000 -0.707107
vn 0.707107 -0.000000 -0.707107
vn 0.000000 -0.000000 -1.000000
vn 0.000000 -0.000000 -1.000000
vn -0.707107 -0.000000 -0.707107
vn -0.707107 -0.000000 -0.707107
vn -1.000000 0.000000 -0.000000
vn -1.000000 0.000000 -0.000000
vn -0.707107 0.000000 0.707107
vn -0.707107 0.000000 0.707107
vn 0.000000 0.000000 1.000000
vn 0.000000 0.000000 1.000000
vn 0.000000 1.000000 -0.000000
vn 0.000000 1.000000 -0.000000
vn 0.000000 1.000000 -0.000000
vn 0.000000 1.000000 -0.000000
vn 0.000000 1.000000 -0.000000
vn 0.000000 1.000000 -0.000000
vn 0.000000 1.000000 -0.000000
vn 0.000000 1.000000 -0.000000
vn 0.000000 1.000000 -0.000000
vn 0.000000 1.000000 -0.000000
vn 0.000000 1.000000 -0.000000
vn 0.000000 1.000000 -0.000000
vn 0.000000 -1.000000 0.000000
vn 0.000000 -1.000000 0.000000
vn 0.000000 -1.000000 0.000000
vn 0.000000 -1.000000 0.000000
vn 0.663718 -0.000000 -0.747983
vn 0.663718 -0.000000 -0.747983
vn 0.663718 -0.000000 -0.747983
vn 0.663718 -0.000000 -0.747983
vn 1.000000 0.000000 -0.000000
vn 1.000000 0.000000 -0.000000
vn 1.000000 0.000000 -0.000000
vn 1.000000 0.000000 -0.000000
vn 1.000000 0.000000 -0.000000
vn 1.000000 0.000000 -0.000000
vn 1.000000 0.000000 -0.000000
vn -1.000000 0.000000 -0.000000
vn -1.000000 0.000000 -0.000000
vn -1.000000 0.000000 -0.000000
vn -1.000000 0.000000 -0.000000
vn -1.000000 0.000000 -0.000000
vn -1.000000 0.000000 -0.000000
vn -1.000000 0.000000 -0.000000
vn 0.000000 -0.996325 -0.085653
vn 0.000000 -0.966924 -0.255064
vn 0.000000 -0.966924 -0.255064
vn 0.000000 -0.996325 -0.085653
vn 0.000000 0.972266 0.233878
vn 0.000000 0.972266 0.233878
vn 0.000000 0.972266 0.233878
vn 0.000000 0.972266 0.233878
vn 0.000000 -0.000000 -1.000000
vn 0.000000 -0.000000 -1.000000
vn 0.000000 -0.000000 -1.000000
vn 0.000000 -0.000000 -1.000000
vn 0.000000 0.000000 1.000000
vn 0.000000 0.000000 1.000000
vn 0.000000 0.000000 1.000000
vn 0.000000 0.000000 1.000000
vn 0.000000 0.044633 0.999003
vn 0.000000 0.044633 0.999003
vn 0.000000 0.044633 0.999003
vn 0.000000 0.044633 0.999003
vn -1.000000 0.000000 -0.000000
vn -1.000000 0.000000 -0.000000
vn -1.000000 0.000000 -0.000000
vn -1.000000 0.000000 -0.000000
vn 1.000000 0.000000 -0.000000
vn 1.000000 0.000000 -0.000000
vn 1.000000 0.000000 -0.000000
vn 1.000000 0.000000 -0.000000
vn 0.000000 0.000000 1.000000
vn 0.000000 0.000000 1.000000
vn 0.000000 0.374397 0.927269
vn 0.000000 0.374397 0.927269
vn 0.000000 0.554483 0.832195
vn 0.000000 0.554483 0.832195
vn 0.000000 0.396765 0.917920
vn 0.000000 0.396765 0.917920
vn 0.000000 0.000000 1.000000
vn 0.000000 0.000000 1.000000
vn 0.000000 0.000000 1.000000
vn 0.000000 0.000000 1.000000
vn 0.000000 -1.000000 0.000000
vn 0.000000 -1.000000 0.000000
vn 0.000000 -1.000000 0.000000
vn 0.000000 -1.000000 0.000000
vn 0.000000 -0.000000 -1.000000
vn 0.000000 -0.000000 -1.000000
vn 0.000000 -0.000000 -1.000000
vn 0.000000 -0.000000 -1.000000
vn -1.000000 0.000000 -0.000000
vn -1.000000 0.000000 -0.000000
vn -1.000000 0.000000 -0.000000
vn -1.000000 0.000000 -0.000000
vn 1.000000 0.000000 -0.000000
vn 1.000000 0.000000 -0.000000
vn 1.000000 0.000000 -0.000000
vn 1.000000 0.000000 -0.000000
vn -1.000000 0.000000 -0.000000
vn -1.000000 0.000000 -0.000000
vn -1.000000 0.000000 -0.000000
vn -1.000000 0.000000 -0.000000
vn 0.000000 1.000000 -0.000000
vn 0.000000 1.000000 -0.000000
vn 0.000000 1.000000 -0.000000
vn 0.000000 1.000000 -0.000000
vn -0.663704 0.000000 0.747995
vn -0.663704 0.000000 0.747995
vn -0.663704 0.000000 0.747995
vn -0.663704 0.000000 0.747995
vn 0.000000 -1.000000 0.000000
vn 0.000000 -1.000000 0.000000
vn 0.000000 -1.000000 0.000000
vn 0.000000 -1.000000 0.000000
vn -0.663704 -0.000000 -0.747995
vn -0.663704 -0.000000 -0.747995
vn -0.663704 -0.000000 -0.747995
vn -0.663704 -0.000000 -0.747995
vn 0.923880 0.000000 0.382683
vn 0.382683 0.000000 0.923880
vn 0.382683 0.000000 0.923880
vn 0.923880 0.000000 0.382683
vn 0.923880 -0.000000 -0.382683
vn 0.923880 -0.000000 -0.382683
vn 0.382684 -0.000000 -0.923879
vn 0.382684 -0.000000 -0.923879
vn -0.382684 -0.000000 -0.923879
vn -0.382684 -0.000000 -0.923879
vn -0.923880 -0.000000 -0.382683
vn -0.923880 -0.000000 -0.382683
vn -0.923880 0.000000 0.382683
vn -0.923880 0.000000 0.382683
vn -0.382683 0.000000 0.923880
vn -0.382683 0.000000 0.923880
vn 0.382683 0.000000 0.923880
vn 0.382683 0.000000 0.923880
vn 0.000000 -1.000000 0.000000
vn 0.000000 -1.000000 0.000000
vn 0.000000 -1.000000 0.000000
vn 0.000000 -1.000000 0.000000
vn 0.000000 -1.000000 0.000000
vn 0.000000 -1.000000 0.000000
vn 0.000000 -1.000000 0.000000
vn 0.000000 -1.000000 0.000000
vn 0.000000 1.000000 -0.000000
vn 0.000000 1.000000 -0.000000
vn 0.000000 1.000000 -0.000000
vn 0.000000 1.000000 -0.000000
vn 0.000000 1.000000 -0.000000
vn 0.000000 1.000000 -0.000000
vn 0.000000 1.000000 -0.000000
vn 0.000000 1.000000 -0.000000
vn 0.000000 1.000000 -0.000000
vn 0.000000 1.000000 -0.000000
vn 0.000000 1.000000 -0.000000
vn 0.000000 1.000000 -0.000000
vn 0.000000 0.000000 1.000000
vn 0.000000 0.000000 1.000000
vn 0.000000 0.000000 1.000000
vn 0.000000 0.000000 1.000000
vn 0.000000 -1.000000 0.000000
vn 0.000000 -1.000000 0.000000
vn 0.000000 -1.000000 0.000000
vn 0.000000 -1.000000 0.000000
vn -1.000000 0.000000 -0.000000
vn -1.000000 0.000000 -0.000000
vn -1.000000 0.000000 -0.000000
vn -1.000000 0.000000 -0.000000
vn -1.000000 0.000000 -0.000000
vn -1.000000 0.000000 -0.000000
vn -1.000000 0.000000 -0.000000
vn -1.000000 0.000000 -0.000000
vn -1.000000 0.000000 -0.000000
vn 0.000000 -0.000000 -1.000000
vn 0.000000 -0.000000 -1.000000
vn 0.000000 -0.000000 -1.000000
vn 0.000000 -0.000000 -1.000000
vn 0.000000 -0.000000 -1.000000
vn 0.000000 -0.000000 -1.000000
vn 0.000000 -0.000000 -1.000000
vn 0.000000 -0.000000 -1.000000
vn 1.000000 0.000000 -0.000000
vn 1.000000 0.000000 -0.000000
vn 1.000000 0.000000 -0.000000
vn 1.000000 0.000000 -0.000000
vn 0.663718 0.000000 0.747983
vn 0.663718 0.000000 0.747983
vn 0.663718 0.000000 0.747983
vn 0.663718 0.000000 0.747983
vn 1.000000 0.000000 -0.000000
vn 1.000000 0.000000 -0.000000
vn 1.000000 0.000000 -0.000000
vn 1.000000 0.000000 -0.000000
vn 1.000000 0.000000 -0.000000
vn 0.000000 -0.207068 0.978327
vn 0.000000 -0.207068 0.978327
vn 0.000000 -0.207068 0.978327
vn 0.000000 -0.207068 0.978327
vn 0.000000 -0.000000 -1.000000
vn 0.000000 -0.000000 -1.000000
vn 0.000000 -0.000000 -1.000000
vn 0.000000 -0.000000 -1.000000
vn 0.000000 -0.000000 -1.000000
vn 0.000000 -0.000000 -1.000000
vn 0.000000 -0.000000 -1.000000
vn 0.000000 -0.000000 -1.000000
vn 1.000000 0.000000 -0.000000
vn 1.000000 0.000000 -0.000000
vn 1.000000 0.000000 -0.000000
vn 1.000000 0.000000 -0.000000
vn 0.331874 -0.943324 0.000000
vn 0.626130 -0.779719 0.000000
vn 0.626130 -0.779719 0.000000
vn 0.331874 -0.943324 0.000000
vn 1.000000 0.000000 -0.000000
vn 1.000000 0.000000 -0.000000
vn 1.000000 0.000000 -0.000000
vn 1.000000 0.000000 -0.000000
vn 1.000000 0.000000 -0.000000
vn 1.000000 0.000000 -0.000000
vn 1.000000 0.000000 -0.000000
vn 1.000000 0.000000 -0.000000
vn 0.000000 1.000000 -0.000000
vn 0.000000 1.000000 -0.000000
vn 0.000000 1.000000 -0.000000
vn 0.000000 1.000000 -0.000000
vn 0.000000 1.000000 -0.000000
vn 0.000000 1.000000 -0.000000
vn 0.000000 1.000000 -0.000000
vn 0.000000 1.000000 -0.000000
vn 0.000000 -1.000000 0.000000
vn 0.000000 -0.996325 -0.085653
vn 0.000000 -0.996325 -0.085653
vn 0.000000 -1.000000 0.000000
vn 0.000000 -1.000000 0.000000
vn 0.000000 -1.000000 0.000000
vn 0.000000 -1.000000 0.000000
vn 0.000000 -1.000000 0.000000
vn 0.382227 0.048849 0.922777
vn 0.382227 0.048849 0.922777
vn 0.922777 0.048849 0.382227
vn 0.922777 0.048849 0.382227
vn 0.922775 0.048850 -0.382230
vn 0.922775 0.048850 -0.382230
vn 0.382223 0.048850 -0.922778
vn 0.382223 0.048850 -0.922778
vn -0.382223 0.048850 -0.922778
vn -0.382223 0.048850 -0.922778
vn -0.922775 0.048850 -0.382230
vn -0.922775 0.048850 -0.382230
vn -0.922777 0.048849 0.382227
vn -0.922777 0.048849 0.382227
vn -0.382227 0.048849 0.922777
vn -0.382227 0.048849 0.922777
vn 0.382227 0.048849 0.922777
vn 0.382227 0.048849 0.922777
vn 0.000000 -1.000000 0.000000
vn 0.000000 -1.000000 0.000000
vn 0.000000 -1.000000 0.000000
vn 0.000000 -1.000000 0.000000
vn 0.000000 -1.000000 0.000000
vn 0.000000 -1.000000 0.000000
vn 0.000000 -1.000000 0.000000
vn 0.000000 -1.000000 0.000000
vn 0.000000 1.000000 -0.000000
vn 0.000000 1.000000 -0.000000
vn 0.000000 1.000000 -0.000000
vn 0.000000 1.000000 -0.000000
vn 0.000000 1.000000 -0.000000
vn 0.000000 1.000000 -0.000000
vn 0.000000 1.000000 -0.000000
vn 0.000000 1.000000 -0.000000
vn 0.707107 0.000000 0.707107
vn 0.000000 0.000000 1.000000
vn 0.000000 0.000000 1.000000
vn 0.707107 0.000000 0.707107
vn 1.000000 0.000000 -0.000000
vn 1.000000 0.000000 -0.000000
vn 0.707107 -0.000000 -0.707107
vn 0.707107 -0.000000 -0.707107
vn 0.000000 -0.000000 -1.000000
vn 0.000000 -0.000000 -1.000000
vn -0.707107 -0.000000 -0.707107
vn -0.707107 -0.000000 -0.707107
vn -1.000000 0.000000 -0.000000
vn -1.000000 0.000000 -0.000000
vn -0.707107 0.000000 0.707107
vn -0.707107 0.000000 0.707107
vn 0.000000 0.000000 1.000000
vn 0.000000 0.000000 1.000000
vn 0.000000 1.000000 -0.000000
vn 0.000000 1.000000 -0.000000
vn 0.000000 1.000000 -0.000000
vn 0.000000 1.000000 -0.000000
vn 0.000000 1.000000 -0.000000
vn 0.000000 1.000000 -0.000000
vn 0.000000 1.000000 -0.000000
vn 0.000000 1.000000 -0.000000
vn 0.000000 1.000000 -0.000000
vn 0.000000 1.000000 -0.000000
vn 0.000000 1.000000 -0.000000
vn 0.000000 1.000000 -0.000000
vn 0.000000 -1.000000 0.000000
vn 0.000000 -1.000000 0.000000
vn 0.000000 -1.000000 0.000000
vn 0.000000 -1.000000 0.000000
vn 0.663718 -0.000000 -0.747983
vn 0.663718 -0.000000 -0.747983
vn 0.663718 -0.000000 -0.747983
vn 0.663718 -0.000000 -0.747983
vn 1.000000 0.000000 -0.000000
vn 1.000000 0.000000 -0.000000
vn 1.000000 0.000000 -0.000000
vn 1.000000 0.000000 -0.000000
vn 1.000000 0.000000 -0.000000
vn 1.000000 0.000000 -0.000000
vn 1.000000 0.000000 -0.000000
vn -1.000000 0.000000 -0.000000
vn -1.000000 0.000000 -0.000000
vn -1.000000 0.000000 -0.000000
vn -1.000000 0.000000 -0.000000
vn -1.000000 0.000000 -0.000000
vn -1.000000 0.000000 -0.000000
vn -1.000000 0.000000 -0.000000
vn 0.000000 -0.996325 -0.085653
vn 0.000000 -0.966924 -0.255064
vn 0.000000 -0.966924 -0.255064
vn 0.000000 -0.996325 -0.085653
vn 0.000000 0.972266 0.233878
vn 0.000000 0.972266 0.233878
vn 0.000000 0.972266 0.233878
vn 0.000000 0.972266 0.233878
vn 0.000000 -0.000000 -1.000000
vn 0.000000 -0.000000 -1.000000
vn 0.000000 -0.000000 -1.000000
vn 0.000000 -0.000000 -1.000000
vn 0.000000 0.044633 0.999003
vn 0.000000 0.044633 0.999003
vn 0.000000 0.044633 0.999003
vn 0.000000 0.044633 0.999003
vn 0.000000 0.000000 1.000000
vn 0.000000 0.000000 1.000000
vn 0.000000 0.374397 0.927269
vn 0.000000 0.374397 0.927269
vn 0.000000 0.554483 0.832195
vn 0.000000 0.554483 0.832195
vn 0.000000 0.396765 0.917920
vn 0.000000 0.396765 0.917920
vn 0.000000 -1.000000 0.000000
vn 0.000000 -1.000000 0.000000
vn 0.000000 -1.000000 0.000000
vn 0.000000 -1.000000 0.000000
vn -1.000000 0.000000 -0.000000
vn -1.000000 0.000000 -0.000000
vn -1.000000 0.000000 -0.000000
vn -1.000000 0.000000 -0.000000
vn 0.000000 1.000000 -0.000000
vn 0.000000 1.000000 -0.000000
vn 0.000000 1.000000 -0.000000
vn 0.000000 1.000000 -0.000000
vn -0.663704 0.000000 0.747995
vn -0.663704 0.000000 0.747995
vn -0.663704 0.000000 0.747995
vn -0.663704 0.000000 0.747995
vn 0.000000 -1.000000 0.000000
vn 0.000000 -1.000000 0.000000
vn 0.000000 -1.000000 0.000000
vn 0.000000 -1.000000 0.000000
vn -0.663704 -0.000000 -0.747995
vn -0.663704 -0.000000 -0.747995
vn -0.663704 -0.000000 -0.747995
vn -0.663704 -0.000000 -0.747995
vn 0.923880 0.000000 0.382683
vn 0.382683 0.000000 0.923880
vn 0.382683 0.000000 0.923880
vn 0.923880 0.000000 0.382683
vn 0.923880 -0.000000 -0.382683
vn 0.923880 -0.000000 -0.382683
vn 0.382684 -0.000000 -0.923879
vn 0.382684 -0.000000 -0.923879
vn -0.382684 -0.000000 -0.923879
vn -0.382684 -0.000000 -0.923879
vn -0.923880 -0.000000 -0.382683
vn -0.923880 -0.000000 -0.382683
vn -0.923880 0.000000 0.382683
vn -0.923880 0.000000 0.382683
vn -0.382683 0.000000 0.923880
vn -0.382683 0.000000 0.923880
vn 0.382683 0.000000 0.923880
vn 0.382683 0.000000 0.923880
vn 0.000000 -1.000000 0.000000
vn 0.000000 -1.000000 0.000000
vn 0.000000 -1.000000 0.000000
vn 0.000000 -1.000000 0.000000
vn 0.000000 -1.000000 0.000000
vn 0.000000 -1.000000 0.000000
vn 0.000000 -1.000000 0.000000
vn 0.000000 -1.000000 0.000000
vn 0.000000 1.000000 -0.000000
vn 0.000000 1.000000 -0.000000
vn 0.000000 1.000000 -0.000000
vn 0.000000 1.000000 -0.000000
vn 0.000000 1.000000 -0.000000
vn 0.000000 1.000000 -0.000000
vn 0.000000 1.000000 -0.000000
vn 0.000000 1.000000 -0.000000
vn -1.000000 0.000000 -0.000000
vn -1.000000 0.000000 -0.000000
vn -1.000000 0.000000 -0.000000
vn -1.000000 0.000000 -0.000000
vn -1.000000 0.000000 -0.000000
vn 0.663718 0.000000 0.747983
vn 0.663718 0.000000 0.747983
vn 0.663718 0.000000 0.747983
vn 0.663718 0.000000 0.747983
vn 1.000000 0.000000 -0.000000
vn 1.000000 0.000000 -0.000000
vn 1.000000 0.000000 -0.000000
vn 1.000000 0.000000 -0.000000
vn 1.000000 0.000000 -0.000000
vn 0.000000 -0.207068 0.978327
vn 0.000000 -0.207068 0.978327
vn 0.000000 -0.207068 0.978327
vn 0.000000 -0.207068 0.978327
vn 1.000000 0.000000 -0.000000
vn 1.000000 0.000000 -0.000000
vn 1.000000 0.000000 -0.000000
vn 1.000000 0.000000 -0.000000
vn 1.000000 0.000000 -0.000000
vn 1.000000 0.000000 -0.000000
vn 1.000000 0.000000 -0.000000
vn 1.000000 0.000000 -0.000000
vn 1.000000 0.000000 -0.000000
vn 1.000000 0.000000 -0.000000
vn 1.000000 0.000000 -0.000000
vn 1.000000 0.000000 -0.000000
vn 0.000000 1.000000 -0.000000
vn 0.000000 1.000000 -0.000000
vn 0.000000 1.000000 -0.000000
vn 0.000000 1.000000 -0.000000
vn 0.000000 1.000000 -0.000000
vn 0.000000 1.000000 -0.000000
vn 0.000000 1.000000 -0.000000
vn 0.000000 1.000000 -0.000000
vn 0.000000 -1.000000 0.000000
vn 0.000000 -0.996325 -0.085653
vn 0.000000 -0.996325 -0.085653
vn 0.000000 -1.000000 0.000000
vn 0.000000 -1.000000 0.000000
vn 0.000000 -1.000000 0.000000
vn 0.000000 -1.000000 0.000000
vn 0.000000 -1.000000 0.000000
f 1/1/1 2/2/2 3/3/3
f 1/1/1 3/3/3 4/4/4
f 5/5/5 6/6/6 7/7/7
f 5/5/5 7/7/7 8/8/8
f 9/9/9 10/10/10 11/11/11
f 9/9/9 11/11/11 12/12/12
f 13/13/13 9/9/9 12/12/12
f 13/13/13 14/14/14 9/9/9
f 13/13/13 15/15/15 14/14/14
f 13/13/13 16/16/16 15/15/15
f 17/17/17 18/18/18 19/19/19
f 17/17/17 19/19/19 20/20/20
f 21/21/21 22/22/22 23/23/23
f 21/21/21 23/23/23 24/24/24
f 25/25/25 26/26/26 27/27/27
f 25/25/25 27/27/27 28/28/28
f 29/29/29 30/30/30 31/31/31
f 29/29/29 31/31/31 32/32/32
f 33/33/33 34/34/34 35/35/35
f 33/33/33 35/35/35 36/36/36
f 37/37/37 38/38/38 39/39/39
f 37/37/37 39/39/39 40/40/40
f 41/41/41 42/42/42 43/43/43
f 41/41/41 43/43/43 44/44/44
f 45/45/45 46/46/46 47/47/47
f 45/45/45 47/47/47 48/48/48
f 49/49/49 50/50/50 51/51/51
f 49/49/49 51/51/51 52/52/52
f 53/53/53 54/54/54 55/55/55
f 53/53/53 55/55/55 56/56/56
f 57/57/57 53/53/53 56/56/56
f 57/57/57 58/58/58 53/53/53
f 59/59/59 60/60/60 61/61/61
f 59/59/59 61/61/61 62/62/62
f 63/63/63 62/62/62 61/61/61
f 63/63/63 61/61/61 64/64/64
f 65/65/65 63/63/63 64/64/64
f 65/65/65 64/64/64 66/66/66
f 67/67/67 65/65/65 66/66/66
f 67/67/67 66/66/66 68/68/68
f 69/69/69 67/67/67 68/68/68
f 69/69/69 68/68/68 70/70/70
f 71/71/71 69/69/69 70/70/70
f 71/71/71 70/70/70 72/72/72
f 73/73/73 71/71/71 72/72/72
f 73/73/73 72/72/72 74/74/74
f 75/75/75 73/73/73 74/74/74
f 75/75/75 74/74/74 76/76/76
f 77/77/77 78/78/78 79/79/79
f 77/77/77 79/79/79 80/80/80
f 77/77/77 80/80/80 81/81/81
f 77/77/77 81/81/81 82/82/82
f 80/80/80 79/79/79 83/83/83
f 83/83/83 79/79/79 84/84/84
f 85/85/85 86/86/86 87/87/87
f 85/85/85 88/88/88 86/86/86
f 85/85/85 89/89/89 88/88/88
f 85/85/85 90/90/90 89/89/89
f 89/89/89 91/91/91 88/88/88
f 88/88/88 91/91/91 92/92/92
f 93/93/93 94/94/94 95/95/95
f 93/93/93 95/95/95 96/96/96
f 97/97/97 93/93/93 96/96/96
f 97/97/97 96/96/96 98/98/98
f 99/99/99 97/97/97 98/98/98
f 99/99/99 98/98/98 100/100/100
f 101/101/101 99/99/99 100/100/100
f 101/101/101 100/100/100 102/102/102
f 103/103/103 101/101/101 102/102/102
f 103/103/103 102/102/102 104/104/104
f 105/105/105 103/103/103 104/104/104
f 105/105/105 104/104/104 106/106/106
f 107/107/107 105/105/105 106/106/106
f 107/107/107 106/106/106 108/108/108
f 109/109/109 107/107/107 108/108/108
f 109/109/109 108/108/108 110/110/110
f 111/111/111 112/112/112 113/113/113
f 111/111/111 113/113/113 114/114/114
f 111/111/111 114/114/114 115/115/115
f 116/116/116 114/114/114 113/113/113
f 116/116/116 113/113/113 117/117/117
f 116/116/116 118/118/118 114/114/114
f 119/119/119 120/120/120 121/121/121
f 122/122/122 120/120/120 119/119/119
f 123/123/123 124/124/124 125/125/125
f 126/126/126 124/124/124 123/123/123
f 127/127/127 128/128/128 129/129/129
f 127/127/127 129/129/129 130/130/130
f 131/131/131 132/132/132 133/133/133
f 131/131/131 133/133/133 134/134/134
f 135/135/135 134/134/134 133/133/133
f 136/136/136 135/135/135 133/133/133
f 136/136/136 137/137/137 135/135/135
f 138/138/138 139/139/139 140/140/140
f 138/138/138 140/140/140 141/141/141
f 142/142/142 141/141/141 140/140/140
f 142/142/142 143/143/143 141/141/141
f 142/142/142 144/144/144 143/143/143
f 145/145/145 146/146/146 147/147/147
f 145/145/145 147/147/147 148/148/148
f 149/149/149 150/150/150 151/151/151
f 149/149/149 151/151/151 152/152/152
f 153/153/153 154/154/154 155/155/155
f 153/153/153 155/155/155 156/156/156
f 157/157/157 158/158/158 159/159/159
f 157/157/157 159/159/159 160/160/160
f 161/161/161 162/162/162 163/163/163
f 161/161/161 163/163/163 164/164/164
f 165/165/165 166/166/166 167/167/167
f 165/165/165 167/167/167 168/168/168
f 169/169/169 170/170/170 171/171/171
f 169/169/169 171/171/171 172/172/172
f 173/173/173 174/174/174 175/175/175
f 173/173/173 175/175/175 176/176/176
f 176/176/176 175/175/175 177/177/177
f 176/176/176 177/177/177 178/178/178
f 178/178/178 177/177/177 179/179/179
f 178/178/178 179/179/179 180/180/180
f 181/181/181 182/182/182 183/183/183
f 181/181/181 183/183/183 184/184/184
f 185/185/185 186/186/186 187/187/187
f 185/185/185 187/187/187 188/188/188
f 189/189/189 190/190/190 191/191/191
f 189/189/189 191/191/191 192/192/192
f 193/193/193 194/194/194 195/195/195
f 193/193/193 195/195/195 196/196/196
f 197/197/197 198/198/198 199/199/199
f 197/197/197 199/199/199 200/200/200
f 201/201/201 202/202/202 203/203/203
f 201/201/201 203/203/203 204/204/204
f 205/205/205 206/206/206 207/207/207
f 208/208/208 206/206/206 205/205/205
f 209/209/209 210/210/210 211/211/211
f 209/209/209 211/211/211 212/212/212
f 213/213/213 214/214/214 215/215/215
f 216/216/216 214/214/214 213/213/213
f 217/217/217 218/218/218 219/219/219
f 217/217/217 219/219/219 220/220/220
f 221/221/221 222/222/222 223/223/223
f 221/221/221 223/223/223 224/224/224
f 225/225/225 221/221/221 224/224/224
f 225/225/225 224/224/224 226/226/226
f 227/227/227 225/225/225 226/226/226
f 227/227/227 226/226/226 228/228/228
f 229/229/229 227/227/227 228/228/228
f 229/229/229 228/228/228 230/230/230
f 231/231/231 229/229/229 230/230/230
f 231/231/231 230/230/230 232/232/232
f 233/233/233 231/231/231 232/232/232
f 233/233/233 232/232/232 234/234/234
f 235/235/235 233/233/233 234/234/234
f 235/235/235 234/234/234 236/236/236
f 237/237/237 235/235/235 236/236/236
f 237/237/237 236/236/236 238/238/238
f 239/239/239 240/240/240 241/241/241
f 239/239/239 242/242/242 240/240/240
f 239/239/239 243/243/243 242/242/242
f 244/244/244 240/240/240 242/242/242
f 244/244/244 242/242/242 245/245/245
f 244/244/244 245/245/245 246/246/246
f 247/247/247 248/248/248 249/249/249
f 247/247/247 250/250/250 248/248/248
f 247/247/247 251/251/251 250/250/250
f 252/252/252 251/251/251 247/247/247
f 252/252/252 253/253/253 251/251/251
f 252/252/252 247/247/247 254/254/254
f 255/255/255 256/256/256 257/257/257
f 255/255/255 257/257/257 258/258/258
f 259/259/259 260/260/260 261/261/261
f 259/259/259 261/261/261 262/262/262
f 263/263/263 264/264/264 265/265/265
f 263/263/263 265/265/265 266/266/266
f 267/267/267 268/268/268 269/269/269
f 267/267/267 269/269/269 270/270/270
f 270/270/270 269/269/269 271/271/271
f 272/272/272 273/273/273 274/274/274
f 272/272/272 274/274/274 275/275/275
f 276/276/276 277/277/277 278/278/278
f 276/276/276 278/278/278 279/279/279
f 276/276/276 279/279/279 280/280/280
f 276/276/276 280/280/280 281/281/281
f 280/280/280 282/282/282 281/281/281
f 280/280/280 283/283/283 282/282/282
f 284/284/284 285/285/285 286/286/286
f 284/284/284 286/286/286 287/287/287
f 288/288/288 289/289/289 290/290/290
f 288/288/288 290/290/290 291/291/291
f 292/292/292 293/293/293 294/294/294
f 292/292/292 294/294/294 295/295/295
f 295/295/295 294/294/294 296/296/296
f 297/297/297 298/298/298 299/299/299
f 297/297/297 299/299/299 300/300/300
f 301/301/301 302/302/302 303/303/303
f 301/301/301 303/303/303 304/304/304
f 305/305/305 306/306/306 307/307/307
f 305/305/305 307/307/307 308/308/308
f 309/309/309 310/310/310 311/311/311
f 309/309/309 311/311/311 312/312/312
f 313/313/313 314/314/314 315/315/315
f 313/313/313 315/315/315 316/316/316
f 317/317/317 318/318/318 319/319/319
f 320/320/320 318/318/318 317/317/317
f 319/319/319 318/318/318 321/321/321
f 320/320/320 322/322/322 318/318/318
f 319/319/319 321/321/321 323/323/323
f 322/322/322 320/320/320 324/324/324
f 319/319/319 323/323/323 324/324/324
f 322/322/322 324/324/324 323/323/323
f 325/325/325 326/326/326 327/327/327
f 325/325/325 328/328/328 326/326/326
f 325/325/325 327/327/327 329/329/329
f 330/330/330 328/328/328 325/325/325
f 329/329/329 327/327/327 331/331/331
f 328/328/328 330/330/330 331/331/331
f 329/329/329 331/331/331 332/332/332
f 331/331/331 330/330/330 332/332/332
f 333/333/333 334/334/334 335/335/335
f 333/333/333 336/336/336 334/334/334
f 333/333/333 335/335/335 337/337/337
f 338/338/338 336/336/336 333/333/333
f 337/337/337 335/335/335 339/339/339
f 336/336/336 338/338/338 339/339/339
f 337/337/337 339/339/339 340/340/340
f 339/339/339 338/338/338 340/340/340
f 341/341/341 342/342/342 343/343/343
f 341/341/341 343/343/343 344/344/344
f 345/345/345 344/344/344 343/343/343
f 345/345/345 343/343/343 346/346/346
f 347/347/347 345/345/345 346/346/346
f 347/347/347 346/346/346 348/348/348
f 349/349/349 347/347/347 348/348/348
f 349/349/349 348/348/348 350/350/350
f 351/351/351 349/349/349 350/350/350
f 351/351/351 350/350/350 352/352/352
f 353/353/353 351/351/351 352/352/352
f 353/353/353 352/352/352 354/354/354
f 355/355/355 353/353/353 354/354/354
f 355/355/355 354/354/354 356/356/356
f 357/357/357 355/355/355 356/356/356
f 357/357/357 356/356/356 358/358/358
f 359/359/359 360/360/360 361/361/361
f 359/359/359 361/361/361 362/362/362
f 359/359/359 362/362/362 363/363/363
f 359/359/359 363/363/363 364/364/364
f 362/362/362 361/361/361 365/365/365
f 365/365/365 361/361/361 366/366/366
f 367/367/367 368/368/368 369/369/369
f 367/367/367 370/370/370 368/368/368
f 367/367/367 371/371/371 370/370/370
f 367/367/367 372/372/372 371/371/371
f 371/371/371 373/373/373 370/370/370
f 370/370/370 373/373/373 374/374/374
f 375/375/375 376/376/376 377/377/377
f 375/375/375 377/377/377 378/378/378
f 379/379/379 375/375/375 378/378/378
f 379/379/379 378/378/378 380/380/380
f 381/381/381 379/379/379 380/380/380
f 381/381/381 380/380/380 382/382/382
f 383/383/383 381/381/381 382/382/382
f 383/383/383 382/382/382 384/384/384
f 385/385/385 383/383/383 384/384/384
f 385/385/385 384/384/384 386/386/386
f 387/387/387 385/385/385 386/386/386
f 387/387/387 386/386/386 388/388/388
f 389/389/389 387/387/387 388/388/388
f 389/389/389 388/388/388 390/390/390
f 391/391/391 389/389/389 390/390/390
f 391/391/391 390/390/390 392/392/392
f 393/393/393 394/394/394 395/395/395
f 393/393/393 395/395/395 396/396/396
f 393/393/393 396/396/396 397/397/397
f 398/398/398 396/396/396 395/395/395
f 398/398/398 395/395/395 399/399/399
f 398/398/398 400/400/400 396/396/396
f 401/401/401 402/402/402 403/403/403
f 404/404/404 402/402/402 401/401/401
f 405/405/405 406/406/406 407/407/407
f 408/408/408 406/406/406 405/405/405
f 409/409/409 410/410/410 411/411/411
f 409/409/409 411/411/411 412/412/412
f 413/413/413 414/414/414 415/415/415
f 413/413/413 415/415/415 416/416/416
f 417/417/417 416/416/416 415/415/415
f 418/418/418 417/417/417 415/415/415
f 418/418/418 419/419/419 417/417/417
f 420/420/420 421/421/421 422/422/422
f 420/420/420 422/422/422 423/423/423
f 424/424/424 423/423/423 422/422/422
f 424/424/424 425/425/425 423/423/423
f 424/424/424 426/426/426 425/425/425
f 427/427/427 428/428/428 429/429/429
f 427/427/427 429/429/429 430/430/430
f 431/431/431 432/432/432 433/433/433
f 431/431/431 433/433/433 434/434/434
f 435/435/435 436/436/436 437/437/437
f 435/435/435 437/437/437 438/438/438
f 439/439/439 440/440/440 441/441/441
f 439/439/439 441/441/441 442/442/442
f 443/443/443 444/444/444 445/445/445
f 443/443/443 445/445/445 446/446/446
f 446/446/446 445/445/445 447/447/447
f 446/446/446 447/447/447 448/448/448
f 448/448/448 447/447/447 449/449/449
f 448/448/448 449/449/449 450/450/450
f 451/451/451 452/452/452 453/453/453
f 451/451/451 453/453/453 454/454/454
f 455/455/455 456/456/456 457/457/457
f 455/455/455 457/457/457 458/458/458
f 459/459/459 460/460/460 461/461/461
f 462/462/462 460/460/460 459/459/459
f 463/463/463 464/464/464 465/465/465
f 463/463/463 465/465/465 466/466/466
f 467/467/467 468/468/468 469/469/469
f 470/470/470 468/468/468 467/467/467
f 471/471/471 472/472/472 473/473/473
f 471/471/471 473/473/473 474/474/474
f 475/475/475 476/476/476 477/477/477
f 475/475/475 477/477/477 478/478/478
f 479/479/479 475/475/475 478/478/478
f 479/479/479 478/478/478 480/480/480
f 481/481/481 479/479/479 480/480/480
f 481/481/481 480/480/480 482/482/482
f 483/483/483 481/481/481 482/482/482
f 483/483/483 482/482/482 484/484/484
f 485/485/485 483/483/483 484/484/484
f 485/485/485 484/484/484 486/486/486
f 487/487/487 485/485/485 486/486/486
f 487/487/487 486/486/486 488/488/488
f 489/489/489 487/487/487 488/488/488
f 489/489/489 488/488/488 490/490/490
f 491/491/491 489/489/489 490/490/490
f 491/491/491 490/490/490 492/492/492
f 493/493/493 494/494/494 495/495/495
f 493/493/493 496/496/496 494/494/494
f 493/493/493 497/497/497 496/496/496
f 498/498/498 494/494/494 496/496/496
f 498/498/498 496/496/496 499/499/499
f 498/498/498 499/499/499 500/500/500
f 501/501/501 502/502/502 503/503/503
f 501/501/501 504/504/504 502/502/502
f 501/501/501 505/505/505 504/504/504
f 506/506/506 505/505/505 501/501/501
f 506/506/506 507/507/507 505/505/505
f 506/506/506 501/501/501 508/508/508
f 509/509/509 510/510/510 511/511/511
f 509/509/509 511/511/511 512/512/512
f 512/512/512 511/511/511 513/513/513
f 514/514/514 515/515/515 516/516/516
f 514/514/514 516/516/516 517/517/517
f 518/518/518 519/519/519 520/520/520
f 518/518/518 520/520/520 521/521/521
f 521/521/521 520/520/520 522/522/522
f 523/523/523 524/524/524 525/525/525
f 523/523/523 525/525/525 526/526/526
f 527/527/527 528/528/528 529/529/529
f 527/527/527 529/529/529 530/530/530
f 531/531/531 532/532/532 533/533/533
f 534/534/534 532/532/532 531/531/531
f 533/533/533 532/532/532 535/535/535
f 534/534/534 536/536/536 532/532/532
f 533/533/533 535/535/535 537/537/537
f 536/536/536 534/534/534 538/538/538
f 533/533/533 537/537/537 538/538/538
f 536/536/536 538/538/538 537/537/537
f 539/539/539 540/540/540 541/541/541
f 539/539/539 542/542/542 540/540/540
f 539/539/539 541/541/541 543/543/543
f 544/544/544 542/542/542 539/539/539
f 543/543/543 541/541/541 545/545/545
f 542/542/542 544/544/544 545/545/545
f 543/543/543 545/545/545 546/546/546
f 545/545/545 544/544/544 546/546/546
f 547/547/547 548/548/548 549/549/549
f 547/547/547 550/550/550 548/548/548
f 547/547/547 549/549/549 551/551/551
f 552/552/552 550/550/550 547/547/547
f 551/551/551 549/549/549 553/553/553
f 550/550/550 552/552/552 553/553/553
f 551/551/551 553/553/553 554/554/554
f 553/553/553 552/552/552 554/554/554
