# Unturned item rip -> Godot (Z negated, winding reversed, RH Y-up)
v -0.144280 0.111614 -0.430605
v -0.144280 0.111614 -0.317114
v -0.144280 0.127645 -0.317114
v -0.144280 0.111614 -0.430605
v -0.144280 0.127645 -0.317114
v -0.144280 0.127645 -0.430605
v -0.144280 0.127645 -0.430605
v -0.144280 0.127645 -0.317114
v -0.128249 0.127645 -0.317114
v -0.144280 0.127645 -0.430605
v -0.128249 0.127645 -0.317114
v -0.128249 0.127645 -0.430605
v -0.128249 0.127645 -0.430605
v -0.128249 0.127645 -0.317114
v -0.128249 0.111614 -0.317114
v -0.128249 0.127645 -0.430605
v -0.128249 0.111614 -0.317114
v -0.128249 0.111614 -0.430605
v -0.128249 0.111614 -0.430605
v -0.128249 0.111614 -0.317114
v -0.144280 0.111614 -0.317114
v -0.128249 0.111614 -0.430605
v -0.144280 0.111614 -0.317114
v -0.144280 0.111614 -0.430605
v -0.109280 0.111614 -0.430605
v -0.109280 0.111614 -0.317114
v -0.109280 0.127645 -0.317114
v -0.109280 0.111614 -0.430605
v -0.109280 0.127645 -0.317114
v -0.109280 0.127645 -0.430605
v -0.109280 0.127645 -0.430605
v -0.109280 0.127645 -0.317114
v -0.093249 0.127645 -0.317114
v -0.109280 0.127645 -0.430605
v -0.093249 0.127645 -0.317114
v -0.093249 0.127645 -0.430605
v -0.093249 0.127645 -0.430605
v -0.093249 0.127645 -0.317114
v -0.093249 0.111614 -0.317114
v -0.093249 0.127645 -0.430605
v -0.093249 0.111614 -0.317114
v -0.093249 0.111614 -0.430605
v -0.093249 0.111614 -0.430605
v -0.093249 0.111614 -0.317114
v -0.109280 0.111614 -0.317114
v -0.093249 0.111614 -0.430605
v -0.109280 0.111614 -0.317114
v -0.109280 0.111614 -0.430605
v -0.179280 0.111614 -0.430605
v -0.179280 0.111614 -0.317114
v -0.179280 0.127645 -0.317114
v -0.179280 0.111614 -0.430605
v -0.179280 0.127645 -0.317114
v -0.179280 0.127645 -0.430605
v -0.179280 0.127645 -0.430605
v -0.179280 0.127645 -0.317114
v -0.163249 0.127645 -0.317114
v -0.179280 0.127645 -0.430605
v -0.163249 0.127645 -0.317114
v -0.163249 0.127645 -0.430605
v -0.163249 0.127645 -0.430605
v -0.163249 0.127645 -0.317114
v -0.163249 0.111614 -0.317114
v -0.163249 0.127645 -0.430605
v -0.163249 0.111614 -0.317114
v -0.163249 0.111614 -0.430605
v -0.163249 0.111614 -0.430605
v -0.163249 0.111614 -0.317114
v -0.179280 0.111614 -0.317114
v -0.163249 0.111614 -0.430605
v -0.179280 0.111614 -0.317114
v -0.179280 0.111614 -0.430605
v -0.214280 0.111614 -0.430605
v -0.214280 0.111614 -0.317114
v -0.214280 0.127645 -0.317114
v -0.214280 0.111614 -0.430605
v -0.214280 0.127645 -0.317114
v -0.214280 0.127645 -0.430605
v -0.214280 0.127645 -0.430605
v -0.214280 0.127645 -0.317114
v -0.198249 0.127645 -0.317114
v -0.214280 0.127645 -0.430605
v -0.198249 0.127645 -0.317114
v -0.198249 0.127645 -0.430605
v -0.198249 0.127645 -0.430605
v -0.198249 0.127645 -0.317114
v -0.198249 0.111614 -0.317114
v -0.198249 0.127645 -0.430605
v -0.198249 0.111614 -0.317114
v -0.198249 0.111614 -0.430605
v -0.198249 0.111614 -0.430605
v -0.198249 0.111614 -0.317114
v -0.214280 0.111614 -0.317114
v -0.198249 0.111614 -0.430605
v -0.214280 0.111614 -0.317114
v -0.214280 0.111614 -0.430605
v -0.249280 0.111614 -0.430605
v -0.249280 0.111614 -0.317114
v -0.249280 0.127645 -0.317114
v -0.249280 0.111614 -0.430605
v -0.249280 0.127645 -0.317114
v -0.249280 0.127645 -0.430605
v -0.249280 0.127645 -0.430605
v -0.249280 0.127645 -0.317114
v -0.233249 0.127645 -0.317114
v -0.249280 0.127645 -0.430605
v -0.233249 0.127645 -0.317114
v -0.233249 0.127645 -0.430605
v -0.233249 0.127645 -0.430605
v -0.233249 0.127645 -0.317114
v -0.233249 0.111614 -0.317114
v -0.233249 0.127645 -0.430605
v -0.233249 0.111614 -0.317114
v -0.233249 0.111614 -0.430605
v -0.233249 0.111614 -0.430605
v -0.233249 0.111614 -0.317114
v -0.249280 0.111614 -0.317114
v -0.233249 0.111614 -0.430605
v -0.249280 0.111614 -0.317114
v -0.249280 0.111614 -0.430605
v -0.154320 -0.021320 0.410541
v -0.196320 -0.021320 0.410541
v -0.196320 0.021320 0.410541
v -0.154320 -0.021320 0.410541
v -0.196320 0.021320 0.410541
v -0.154320 0.021320 0.410541
v 0.021320 -0.021320 -0.250000
v -0.021320 -0.021320 -0.250000
v -0.021320 0.021320 -0.250000
v 0.021320 -0.021320 -0.250000
v -0.021320 0.021320 -0.250000
v 0.021320 0.021320 -0.250000
v -0.021320 -0.021320 -0.208000
v -0.021320 0.021320 0.410541
v -0.021320 0.021320 -0.208000
v -0.021320 0.021320 -0.208000
v -0.021320 0.021320 0.410541
v 0.021320 0.021320 0.410541
v -0.154320 0.021320 0.410541
v -0.154320 0.021320 0.450000
v -0.021320 0.021320 0.450000
v -0.021320 0.021320 -0.208000
v 0.021320 0.021320 0.410541
v 0.021320 0.021320 -0.208000
v 0.021320 0.021320 -0.208000
v 0.021320 -0.021320 0.410541
v 0.021320 -0.021320 -0.208000
v 0.021320 -0.021320 -0.208000
v -0.021320 -0.021320 0.410541
v -0.021320 -0.021320 -0.208000
v 0.021320 -0.021320 -0.250000
v 0.154320 -0.021320 -0.208000
v -0.021320 -0.021320 0.410541
v -0.154320 -0.021320 0.410541
v -0.154320 0.021320 0.410541
v -0.021320 -0.021320 0.410541
v -0.154320 0.021320 0.410541
v -0.021320 0.021320 0.410541
v -0.021320 0.021320 0.450000
v -0.154320 0.021320 0.450000
v -0.154320 -0.021320 0.450000
v -0.021320 0.021320 0.450000
v -0.154320 -0.021320 0.450000
v -0.021320 -0.021320 0.450000
v -0.154320 0.021320 0.450000
v -0.154320 0.021320 0.492000
v -0.154320 -0.021320 0.492000
v -0.154320 0.021320 0.450000
v -0.154320 -0.021320 0.492000
v -0.154320 -0.021320 0.450000
v 0.021320 -0.021320 -0.208000
v 0.154320 -0.021320 -0.208000
v 0.154320 0.021320 -0.208000
v 0.021320 -0.021320 -0.208000
v 0.154320 0.021320 -0.208000
v 0.021320 0.021320 -0.208000
v 0.021320 -0.021320 -0.250000
v 0.154320 -0.021320 -0.250000
v 0.154320 -0.021320 -0.208000
v 0.196320 -0.021320 -0.355000
v 0.196320 -0.021320 -0.250000
v 0.021320 0.021320 -0.208000
v 0.154320 0.021320 -0.208000
v 0.154320 0.021320 -0.250000
v 0.021320 0.021320 -0.208000
v 0.154320 0.021320 -0.250000
v 0.021320 0.021320 -0.250000
v 0.021320 0.021320 -0.250000
v 0.154320 0.021320 -0.250000
v 0.154320 -0.021320 -0.250000
v 0.021320 0.021320 -0.250000
v 0.154320 -0.021320 -0.250000
v 0.021320 -0.021320 -0.250000
v 0.196320 0.021320 -0.250000
v 0.196320 0.021320 -0.355000
v 0.154320 0.021320 -0.355000
v 0.154320 0.021320 -0.355000
v 0.154320 0.021320 -0.250000
v 0.154320 -0.021320 -0.250000
v 0.154320 -0.021320 -0.355000
v 0.196320 -0.021320 -0.355000
v 0.154320 0.021320 -0.250000
v 0.154320 0.021320 -0.355000
v 0.154320 -0.021320 -0.355000
v 0.154320 0.063320 -0.397000
v 0.154320 0.021320 -0.397000
v 0.154320 0.021320 -0.355000
v 0.154320 0.063320 -0.355000
v 0.154320 0.021320 -0.250000
v 0.154320 -0.021320 -0.355000
v 0.154320 -0.021320 -0.250000
v 0.154320 0.021320 -0.355000
v 0.154320 0.021320 -0.397000
v 0.154320 -0.021320 -0.397000
v 0.154320 0.021320 -0.355000
v 0.154320 -0.021320 -0.397000
v 0.154320 -0.021320 -0.355000
v 0.154320 0.021320 -0.397000
v 0.154320 0.063320 -0.397000
v 0.196320 0.063320 -0.397000
v 0.196320 0.063320 -0.397000
v 0.196320 0.021320 -0.397000
v 0.196320 0.021320 -0.355000
v 0.196320 0.063320 -0.355000
v 0.154320 0.063320 -0.355000
v 0.196320 0.021320 -0.355000
v 0.154320 0.021320 -0.355000
v 0.144280 0.111614 -0.430605
v 0.144280 0.127645 -0.430605
v 0.144280 0.127645 -0.317114
v 0.144280 0.111614 -0.430605
v 0.144280 0.127645 -0.317114
v 0.144280 0.111614 -0.317114
v 0.128249 0.127645 -0.430605
v 0.128249 0.111614 -0.430605
v 0.128249 0.111614 -0.317114
v 0.128249 0.127645 -0.430605
v 0.128249 0.111614 -0.317114
v 0.128249 0.127645 -0.317114
v 0.128249 0.111614 -0.430605
v 0.144280 0.111614 -0.430605
v 0.144280 0.111614 -0.317114
v 0.128249 0.111614 -0.430605
v 0.144280 0.111614 -0.317114
v 0.128249 0.111614 -0.317114
v 0.058880 0.132949 -0.298444
v 0.284192 0.132949 -0.298444
v 0.258711 0.132949 -0.321031
v 0.058880 0.132949 -0.298444
v 0.258711 0.132949 -0.321031
v 0.084361 0.132949 -0.321031
v 0.058880 0.132949 -0.448653
v 0.058880 0.132949 -0.298444
v 0.084361 0.132949 -0.321031
v 0.058880 0.132949 -0.448653
v 0.084361 0.132949 -0.426066
v 0.284192 0.132949 -0.448653
v 0.058880 0.132949 -0.448653
v 0.084361 0.132949 -0.426066
v 0.284192 0.132949 -0.448653
v 0.084361 0.132949 -0.426066
v 0.258711 0.132949 -0.426066
v 0.109280 0.111614 -0.430605
v 0.109280 0.127645 -0.430605
v 0.109280 0.127645 -0.317114
v 0.109280 0.111614 -0.430605
v 0.109280 0.127645 -0.317114
v 0.109280 0.111614 -0.317114
v 0.109280 0.127645 -0.430605
v 0.093249 0.127645 -0.430605
v 0.093249 0.127645 -0.317114
v 0.109280 0.127645 -0.430605
v 0.093249 0.127645 -0.317114
v 0.109280 0.127645 -0.317114
v 0.093249 0.127645 -0.430605
v 0.093249 0.111614 -0.430605
v 0.093249 0.111614 -0.317114
v 0.093249 0.127645 -0.430605
v 0.093249 0.111614 -0.317114
v 0.093249 0.127645 -0.317114
v 0.093249 0.111614 -0.430605
v 0.109280 0.111614 -0.430605
v 0.109280 0.111614 -0.317114
v 0.093249 0.111614 -0.430605
v 0.109280 0.111614 -0.317114
v 0.093249 0.111614 -0.317114
v 0.179280 0.111614 -0.430605
v 0.179280 0.127645 -0.430605
v 0.179280 0.127645 -0.317114
v 0.179280 0.111614 -0.430605
v 0.179280 0.127645 -0.317114
v 0.179280 0.111614 -0.317114
v 0.163249 0.127645 -0.430605
v 0.163249 0.111614 -0.430605
v 0.163249 0.111614 -0.317114
v 0.163249 0.127645 -0.430605
v 0.163249 0.111614 -0.317114
v 0.163249 0.127645 -0.317114
v 0.163249 0.111614 -0.430605
v 0.179280 0.111614 -0.430605
v 0.179280 0.111614 -0.317114
v 0.163249 0.111614 -0.430605
v 0.179280 0.111614 -0.317114
v 0.163249 0.111614 -0.317114
v 0.214280 0.111614 -0.430605
v 0.214280 0.127645 -0.430605
v 0.214280 0.127645 -0.317114
v 0.214280 0.111614 -0.430605
v 0.214280 0.127645 -0.317114
v 0.214280 0.111614 -0.317114
v 0.198249 0.127645 -0.430605
v 0.198249 0.111614 -0.430605
v 0.198249 0.111614 -0.317114
v 0.198249 0.127645 -0.430605
v 0.198249 0.111614 -0.317114
v 0.198249 0.127645 -0.317114
v 0.198249 0.111614 -0.430605
v 0.214280 0.111614 -0.430605
v 0.214280 0.111614 -0.317114
v 0.198249 0.111614 -0.430605
v 0.214280 0.111614 -0.317114
v 0.198249 0.111614 -0.317114
v 0.249280 0.111614 -0.430605
v 0.249280 0.127645 -0.430605
v 0.249280 0.127645 -0.317114
v 0.249280 0.111614 -0.430605
v 0.249280 0.127645 -0.317114
v 0.249280 0.111614 -0.317114
v 0.233249 0.127645 -0.430605
v 0.233249 0.111614 -0.430605
v 0.233249 0.111614 -0.317114
v 0.233249 0.127645 -0.430605
v 0.233249 0.111614 -0.317114
v 0.233249 0.127645 -0.317114
v 0.233249 0.111614 -0.430605
v 0.249280 0.111614 -0.430605
v 0.249280 0.111614 -0.317114
v 0.233249 0.111614 -0.430605
v 0.249280 0.111614 -0.317114
v 0.233249 0.111614 -0.317114
v -0.284192 0.048949 -0.448653
v -0.284192 0.048949 -0.298444
v -0.284192 0.132949 -0.298444
v -0.284192 0.132949 -0.448653
v -0.058880 0.132949 -0.298444
v -0.084361 0.132949 -0.321031
v -0.258711 0.132949 -0.321031
v -0.284192 0.132949 -0.298444
v -0.058880 0.132949 -0.448653
v -0.058880 0.132949 -0.298444
v -0.058880 0.048949 -0.298444
v -0.058880 0.048949 -0.448653
v -0.058880 0.048949 -0.448653
v -0.058880 0.048949 -0.298444
v -0.284192 0.048949 -0.298444
v -0.284192 0.048949 -0.448653
v -0.284192 0.048949 -0.298444
v -0.058880 0.048949 -0.298444
v -0.058880 0.132949 -0.298444
v -0.284192 0.132949 -0.298444
v -0.058880 0.048949 -0.448653
v -0.284192 0.048949 -0.448653
v -0.284192 0.132949 -0.448653
v -0.058880 0.132949 -0.448653
v -0.084361 0.132949 -0.321031
v -0.084361 0.090229 -0.321031
v -0.258711 0.090229 -0.321031
v -0.258711 0.132949 -0.321031
v -0.058880 0.132949 -0.448653
v -0.084361 0.132949 -0.426066
v -0.084361 0.132949 -0.321031
v -0.058880 0.132949 -0.298444
v -0.284192 0.132949 -0.448653
v -0.258711 0.132949 -0.426066
v -0.084361 0.132949 -0.426066
v -0.058880 0.132949 -0.448653
v -0.284192 0.132949 -0.298444
v -0.258711 0.132949 -0.321031
v -0.258711 0.132949 -0.426066
v -0.284192 0.132949 -0.448653
v -0.258711 0.090229 -0.426066
v -0.258711 0.090229 -0.321031
v -0.084361 0.090229 -0.321031
v -0.084361 0.090229 -0.426066
v -0.084361 0.132949 -0.426066
v -0.084361 0.090229 -0.426066
v -0.084361 0.090229 -0.321031
v -0.084361 0.132949 -0.321031
v -0.258711 0.132949 -0.426066
v -0.258711 0.090229 -0.426066
v -0.084361 0.090229 -0.426066
v -0.084361 0.132949 -0.426066
v -0.258711 0.132949 -0.321031
v -0.258711 0.090229 -0.321031
v -0.258711 0.090229 -0.426066
v -0.258711 0.132949 -0.426066
v -0.021320 0.154320 0.410541
v -0.021320 0.196320 0.410541
v 0.021320 0.196320 0.410541
v 0.021320 0.154320 0.410541
v 0.154320 0.021320 0.410541
v 0.196320 0.021320 0.410541
v 0.196320 -0.021320 0.410541
v 0.154320 -0.021320 0.410541
v -0.021320 -0.021320 -0.208000
v -0.021320 -0.021320 0.410541
v -0.021320 0.021320 0.410541
v -0.021320 -0.154320 0.410541
v -0.021320 -0.154320 0.450000
v -0.021320 -0.021320 0.450000
v -0.021320 0.021320 0.450000
v -0.021320 0.154320 0.410541
v -0.021320 0.154320 0.450000
v 0.021320 0.021320 -0.208000
v 0.021320 0.021320 0.410541
v 0.021320 -0.021320 0.410541
v 0.021320 0.154320 0.410541
v 0.021320 0.154320 0.450000
v 0.021320 0.021320 0.450000
v 0.021320 -0.021320 0.450000
v 0.021320 -0.154320 0.410541
v 0.021320 -0.154320 0.450000
v 0.021320 -0.021320 -0.208000
v 0.021320 -0.021320 0.410541
v -0.021320 -0.021320 0.410541
v 0.154320 -0.021320 0.410541
v 0.154320 -0.021320 0.450000
v 0.021320 -0.021320 0.450000
v -0.021320 -0.021320 0.450000
v -0.154320 -0.021320 0.410541
v -0.154320 -0.021320 0.450000
v 0.196320 0.021320 0.410541
v 0.196320 -0.021320 0.450000
v 0.196320 -0.021320 0.410541
v 0.196320 0.021320 0.450000
v 0.196320 -0.021320 0.492000
v 0.196320 0.021320 0.492000
v -0.196320 -0.021320 0.450000
v -0.196320 -0.021320 0.492000
v -0.196320 0.021320 0.492000
v -0.196320 0.021320 0.450000
v -0.196320 -0.021320 0.410541
v -0.196320 0.021320 0.410541
v 0.154320 -0.021320 0.410541
v 0.196320 -0.021320 0.410541
v 0.196320 -0.021320 0.450000
v 0.154320 -0.021320 0.450000
v 0.154320 -0.021320 0.492000
v 0.196320 -0.021320 0.492000
v 0.154320 0.021320 0.450000
v 0.196320 0.021320 0.410541
v 0.154320 0.021320 0.410541
v 0.196320 0.021320 0.450000
v 0.196320 0.021320 0.492000
v 0.154320 0.021320 0.492000
v 0.021320 -0.196320 0.410541
v -0.021320 -0.196320 0.450000
v -0.021320 -0.196320 0.410541
v 0.021320 -0.196320 0.450000
v -0.021320 -0.196320 0.492000
v 0.021320 -0.196320 0.492000
v -0.021320 0.196320 0.410541
v 0.021320 0.196320 0.450000
v 0.021320 0.196320 0.410541
v -0.021320 0.196320 0.450000
v 0.021320 0.196320 0.492000
v -0.021320 0.196320 0.492000
v 0.021320 0.154320 0.450000
v 0.021320 0.154320 0.492000
v -0.021320 0.154320 0.492000
v -0.021320 0.154320 0.450000
v 0.021320 0.154320 0.410541
v 0.021320 0.196320 0.410541
v 0.021320 0.196320 0.450000
v 0.021320 0.154320 0.450000
v 0.021320 0.154320 0.492000
v 0.021320 0.196320 0.492000
v -0.021320 0.154320 0.450000
v -0.021320 0.196320 0.410541
v -0.021320 0.154320 0.410541
v -0.021320 0.196320 0.450000
v -0.021320 0.196320 0.492000
v -0.021320 0.154320 0.492000
v -0.154320 -0.021320 0.450000
v -0.196320 -0.021320 0.410541
v -0.154320 -0.021320 0.410541
v -0.196320 -0.021320 0.450000
v -0.196320 -0.021320 0.492000
v -0.154320 -0.021320 0.492000
v -0.154320 0.021320 0.410541
v -0.196320 0.021320 0.410541
v -0.196320 0.021320 0.450000
v -0.154320 0.021320 0.450000
v -0.154320 0.021320 0.492000
v -0.196320 0.021320 0.492000
v -0.021320 -0.021320 0.450000
v -0.021320 -0.154320 0.450000
v 0.021320 -0.154320 0.450000
v 0.021320 -0.021320 0.450000
v 0.021320 0.021320 0.450000
v -0.021320 0.021320 0.450000
v -0.021320 0.154320 0.450000
v 0.021320 0.154320 0.450000
v 0.154320 0.021320 0.450000
v 0.154320 -0.021320 0.450000
v 0.021320 -0.021320 0.410541
v 0.021320 -0.154320 0.410541
v -0.021320 -0.154320 0.410541
v -0.021320 -0.021320 0.410541
v 0.021320 0.021320 0.410541
v 0.154320 -0.021320 0.410541
v 0.154320 0.021320 0.410541
v -0.021320 0.021320 0.410541
v 0.021320 0.154320 0.410541
v -0.021320 0.154320 0.410541
v 0.021320 -0.154320 0.410541
v 0.021320 -0.196320 0.410541
v -0.021320 -0.196320 0.410541
v -0.021320 -0.154320 0.410541
v -0.021320 -0.154320 0.410541
v -0.021320 -0.196320 0.410541
v -0.021320 -0.196320 0.450000
v -0.021320 -0.154320 0.450000
v -0.021320 -0.154320 0.492000
v -0.021320 -0.196320 0.492000
v 0.021320 -0.154320 0.450000
v 0.021320 -0.196320 0.410541
v 0.021320 -0.154320 0.410541
v 0.021320 -0.196320 0.450000
v 0.021320 -0.196320 0.492000
v 0.021320 -0.154320 0.492000
v 0.021320 0.021320 0.450000
v 0.154320 0.021320 0.450000
v 0.154320 0.021320 0.410541
v 0.021320 0.021320 0.410541
v 0.154320 -0.021320 0.492000
v 0.196320 -0.021320 0.492000
v 0.196320 0.021320 0.492000
v 0.154320 0.021320 0.492000
v 0.021320 0.154320 0.492000
v 0.021320 0.196320 0.492000
v -0.021320 0.196320 0.492000
v -0.021320 0.154320 0.492000
v -0.154320 0.021320 0.492000
v -0.196320 0.021320 0.492000
v -0.196320 -0.021320 0.492000
v -0.154320 -0.021320 0.492000
v -0.021320 -0.154320 0.492000
v -0.021320 -0.196320 0.492000
v 0.021320 -0.196320 0.492000
v 0.021320 -0.154320 0.492000
v 0.154320 -0.021320 0.450000
v 0.154320 -0.021320 0.492000
v 0.154320 0.021320 0.492000
v 0.154320 0.021320 0.450000
v -0.021320 -0.154320 0.450000
v -0.021320 -0.154320 0.492000
v 0.021320 -0.154320 0.492000
v 0.021320 -0.154320 0.450000
v -0.021320 0.021320 -0.208000
v -0.154320 0.021320 -0.208000
v -0.154320 -0.021320 -0.208000
v -0.021320 -0.021320 -0.208000
v -0.021320 0.021320 -0.250000
v -0.021320 0.021320 -0.208000
v 0.021320 0.021320 -0.208000
v 0.021320 0.021320 -0.250000
v 0.021320 -0.021320 -0.250000
v 0.021320 -0.021320 -0.208000
v -0.021320 -0.021320 -0.208000
v -0.021320 -0.021320 -0.250000
v -0.154320 0.021320 -0.208000
v -0.196320 0.021320 -0.208000
v -0.196320 -0.021320 -0.208000
v -0.154320 -0.021320 -0.208000
v 0.154320 -0.021320 -0.208000
v 0.196320 -0.021320 -0.208000
v 0.196320 0.021320 -0.208000
v 0.154320 0.021320 -0.208000
v -0.021320 0.021320 -0.250000
v -0.154320 0.021320 -0.208000
v -0.021320 0.021320 -0.208000
v -0.154320 0.021320 -0.250000
v -0.154320 0.021320 -0.355000
v -0.196320 0.021320 -0.355000
v -0.196320 0.021320 -0.250000
v -0.021320 -0.021320 -0.250000
v -0.154320 -0.021320 -0.250000
v -0.154320 0.021320 -0.250000
v -0.021320 0.021320 -0.250000
v -0.021320 -0.021320 -0.208000
v -0.154320 -0.021320 -0.208000
v -0.154320 -0.021320 -0.250000
v -0.021320 -0.021320 -0.250000
v -0.196320 -0.021320 -0.250000
v -0.154320 -0.021320 -0.355000
v -0.196320 -0.021320 -0.355000
v -0.196320 -0.021320 -0.250000
v -0.196320 -0.021320 -0.208000
v -0.196320 0.021320 -0.208000
v -0.196320 0.021320 -0.250000
v 0.196320 0.021320 -0.250000
v 0.196320 0.021320 -0.208000
v 0.196320 -0.021320 -0.208000
v 0.196320 -0.021320 -0.250000
v 0.154320 -0.021320 -0.250000
v 0.196320 -0.021320 -0.250000
v 0.196320 -0.021320 -0.208000
v 0.154320 -0.021320 -0.208000
v 0.154320 0.021320 -0.208000
v 0.196320 0.021320 -0.208000
v 0.196320 0.021320 -0.250000
v 0.154320 0.021320 -0.250000
v -0.154320 0.021320 -0.250000
v -0.196320 0.021320 -0.250000
v -0.196320 0.021320 -0.208000
v -0.154320 0.021320 -0.208000
v -0.154320 -0.021320 -0.208000
v -0.196320 -0.021320 -0.208000
v -0.196320 -0.021320 -0.250000
v -0.154320 -0.021320 -0.250000
v 0.196320 0.021320 -0.397000
v 0.196320 0.063320 -0.397000
v 0.196320 0.063320 -0.355000
v 0.196320 0.021320 -0.355000
v -0.196320 -0.021320 -0.355000
v -0.196320 -0.021320 -0.397000
v -0.154320 -0.021320 -0.397000
v -0.154320 -0.021320 -0.355000
v 0.196320 -0.021320 -0.250000
v 0.196320 -0.021320 -0.355000
v 0.196320 0.021320 -0.355000
v 0.196320 0.021320 -0.250000
v -0.196320 0.021320 -0.250000
v -0.196320 -0.021320 -0.355000
v -0.196320 -0.021320 -0.250000
v -0.196320 0.021320 -0.355000
v -0.196320 0.063320 -0.355000
v -0.196320 0.063320 -0.397000
v -0.196320 0.021320 -0.397000
v -0.154320 -0.021320 -0.250000
v -0.154320 -0.021320 -0.355000
v -0.154320 0.021320 -0.355000
v -0.154320 0.021320 -0.250000
v -0.154320 0.021320 -0.397000
v -0.154320 0.063320 -0.355000
v -0.154320 0.063320 -0.397000
v 0.154320 0.021320 -0.397000
v 0.196320 0.021320 -0.397000
v 0.196320 -0.021320 -0.397000
v 0.154320 -0.021320 -0.397000
v -0.154320 -0.021320 -0.397000
v -0.196320 -0.021320 -0.397000
v -0.196320 0.021320 -0.397000
v -0.154320 0.021320 -0.397000
v 0.154320 -0.021320 -0.355000
v 0.154320 -0.021320 -0.397000
v 0.196320 -0.021320 -0.397000
v 0.196320 -0.021320 -0.355000
v 0.196320 -0.021320 -0.355000
v 0.196320 -0.021320 -0.397000
v 0.196320 0.021320 -0.397000
v 0.196320 0.021320 -0.355000
v -0.196320 0.021320 -0.355000
v -0.196320 0.021320 -0.397000
v -0.196320 -0.021320 -0.397000
v -0.196320 -0.021320 -0.355000
v -0.154320 -0.021320 -0.355000
v -0.154320 -0.021320 -0.397000
v -0.154320 0.021320 -0.397000
v -0.154320 0.021320 -0.355000
v -0.196320 0.021320 -0.397000
v -0.196320 0.063320 -0.397000
v -0.154320 0.063320 -0.397000
v -0.154320 0.021320 -0.397000
v -0.154320 0.021320 -0.355000
v -0.154320 0.063320 -0.355000
v -0.196320 0.063320 -0.355000
v -0.196320 0.021320 -0.355000
v 0.144280 0.127645 -0.430605
v 0.128249 0.127645 -0.430605
v 0.128249 0.127645 -0.317114
v 0.144280 0.127645 -0.317114
v 0.284192 0.048949 -0.448653
v 0.284192 0.132949 -0.448653
v 0.284192 0.132949 -0.298444
v 0.284192 0.048949 -0.298444
v 0.058880 0.132949 -0.448653
v 0.058880 0.048949 -0.448653
v 0.058880 0.048949 -0.298444
v 0.058880 0.132949 -0.298444
v 0.058880 0.048949 -0.448653
v 0.284192 0.048949 -0.448653
v 0.284192 0.048949 -0.298444
v 0.058880 0.048949 -0.298444
v 0.284192 0.048949 -0.298444
v 0.284192 0.132949 -0.298444
v 0.058880 0.132949 -0.298444
v 0.058880 0.048949 -0.298444
v 0.058880 0.048949 -0.448653
v 0.058880 0.132949 -0.448653
v 0.284192 0.132949 -0.448653
v 0.284192 0.048949 -0.448653
v 0.084361 0.132949 -0.321031
v 0.258711 0.132949 -0.321031
v 0.258711 0.090229 -0.321031
v 0.084361 0.090229 -0.321031
v 0.284192 0.132949 -0.298444
v 0.284192 0.132949 -0.448653
v 0.258711 0.132949 -0.426066
v 0.258711 0.132949 -0.321031
v 0.258711 0.090229 -0.426066
v 0.084361 0.090229 -0.426066
v 0.084361 0.090229 -0.321031
v 0.258711 0.090229 -0.321031
v 0.084361 0.132949 -0.426066
v 0.084361 0.132949 -0.321031
v 0.084361 0.090229 -0.321031
v 0.084361 0.090229 -0.426066
v 0.258711 0.132949 -0.426066
v 0.084361 0.132949 -0.426066
v 0.084361 0.090229 -0.426066
v 0.258711 0.090229 -0.426066
v 0.258711 0.132949 -0.321031
v 0.258711 0.132949 -0.426066
v 0.258711 0.090229 -0.426066
v 0.258711 0.090229 -0.321031
v 0.179280 0.127645 -0.430605
v 0.163249 0.127645 -0.430605
v 0.163249 0.127645 -0.317114
v 0.179280 0.127645 -0.317114
v 0.214280 0.127645 -0.430605
v 0.198249 0.127645 -0.430605
v 0.198249 0.127645 -0.317114
v 0.214280 0.127645 -0.317114
v 0.249280 0.127645 -0.430605
v 0.233249 0.127645 -0.430605
v 0.233249 0.127645 -0.317114
v 0.249280 0.127645 -0.317114
vt 0.235292003 0.771081984
vt 0.235541001 0.768333972
vt 0.235548005 0.768437028
vt 0.235292003 0.771081984
vt 0.235548005 0.768437028
vt 0.235292003 0.770931005
vt 0.235292003 0.770931005
vt 0.235548005 0.768437028
vt 0.235528007 0.768471003
vt 0.235292003 0.770931005
vt 0.235528007 0.768471003
vt 0.235310003 0.77088201
vt 0.235310003 0.77088201
vt 0.235528007 0.768471003
vt 0.235514998 0.768433988
vt 0.235310003 0.77088201
vt 0.235514998 0.768433988
vt 0.235319003 0.770932972
vt 0.235319003 0.770932972
vt 0.235514998 0.768433988
vt 0.235541001 0.768333972
vt 0.235319003 0.770932972
vt 0.235541001 0.768333972
vt 0.235292003 0.771081984
vt 0.235026002 0.770931005
vt 0.235281006 0.768437028
vt 0.235262007 0.768471003
vt 0.235026002 0.770931005
vt 0.235262007 0.768471003
vt 0.235044003 0.77088201
vt 0.235044003 0.77088201
vt 0.235262007 0.768471003
vt 0.235248998 0.768433988
vt 0.235044003 0.77088201
vt 0.235248998 0.768433988
vt 0.235053003 0.770932972
vt 0.235053003 0.770932972
vt 0.235248998 0.768433988
vt 0.235274002 0.768333972
vt 0.235053003 0.770932972
vt 0.235274002 0.768333972
vt 0.235026002 0.771081984
vt 0.235026002 0.771081984
vt 0.235274002 0.768333972
vt 0.235281006 0.768437028
vt 0.235026002 0.771081984
vt 0.235281006 0.768437028
vt 0.235026002 0.770931005
vt 0.234787002 0.770932972
vt 0.234981999 0.768433988
vt 0.235008001 0.768333972
vt 0.234787002 0.770932972
vt 0.235008001 0.768333972
vt 0.234760001 0.771081984
vt 0.234760001 0.771081984
vt 0.235008001 0.768333972
vt 0.235015005 0.768437028
vt 0.234760001 0.771081984
vt 0.235015005 0.768437028
vt 0.234760001 0.770931005
vt 0.234760001 0.770931005
vt 0.235015005 0.768437028
vt 0.234994993 0.768471003
vt 0.234760001 0.770931005
vt 0.234994993 0.768471003
vt 0.234778002 0.77088201
vt 0.234778002 0.77088201
vt 0.234994993 0.768471003
vt 0.234981999 0.768433988
vt 0.234778002 0.77088201
vt 0.234981999 0.768433988
vt 0.234787002 0.770932972
vt 0.235572994 0.768442988
vt 0.235768005 0.768337011
vt 0.23556 0.768337011
vt 0.235572994 0.768442988
vt 0.23556 0.768337011
vt 0.23567 0.768540025
vt 0.23567 0.768540025
vt 0.23556 0.768337011
vt 0.235559002 0.768535972
vt 0.23567 0.768540025
vt 0.235559002 0.768535972
vt 0.235753998 0.768429995
vt 0.235753998 0.768429995
vt 0.235559002 0.768535972
vt 0.235767007 0.768535972
vt 0.235753998 0.768429995
vt 0.235767007 0.768535972
vt 0.235655993 0.768333972
vt 0.235655993 0.768333972
vt 0.235767007 0.768535972
vt 0.235768005 0.768337011
vt 0.235655993 0.768333972
vt 0.235768005 0.768337011
vt 0.235572994 0.768442988
vt 0.235999003 0.768445015
vt 0.236201003 0.768334985
vt 0.236001998 0.768333972
vt 0.235999003 0.768445015
vt 0.236001998 0.768333972
vt 0.236108005 0.768528998
vt 0.236108005 0.768528998
vt 0.236001998 0.768333972
vt 0.236001998 0.768541992
vt 0.236108005 0.768528998
vt 0.236001998 0.768541992
vt 0.236204997 0.768431008
vt 0.236204997 0.768431008
vt 0.236001998 0.768541992
vt 0.236201003 0.768543005
vt 0.236204997 0.768431008
vt 0.236201003 0.768543005
vt 0.236094996 0.768347979
vt 0.236094996 0.768347979
vt 0.236201003 0.768543005
vt 0.236201003 0.768334985
vt 0.236094996 0.768347979
vt 0.236201003 0.768334985
vt 0.235999003 0.768445015
vt 0.233199999 0.623842001
vt 0.232988 0.623764992
vt 0.233008996 0.623791993
vt 0.233199999 0.623842001
vt 0.233008996 0.623791993
vt 0.233215004 0.62391001
vt 0.277249008 0.366171986
vt 0.276971012 0.366057992
vt 0.276971012 0.366057992
vt 0.277249008 0.366171986
vt 0.276971012 0.366057992
vt 0.277231991 0.36620599
vt 0.822826028 0.714232981
vt 0.761840999 0.684504986
vt 0.822812021 0.714259982
vt 0.822812021 0.714259982
vt 0.761840999 0.684504986
vt 0.761999011 0.684575975
vt 0.758579016 0.682940006
vt 0.758368015 0.682825029
vt 0.761685014 0.684408009
vt 0.822812021 0.714259982
vt 0.761999011 0.684575975
vt 0.823026001 0.714377999
vt 0.823026001 0.714377999
vt 0.761990011 0.684592009
vt 0.823050022 0.714327991
vt 0.823050022 0.714327991
vt 0.761835992 0.684509993
vt 0.822826028 0.714232981
vt 0.82327199 0.714447021
vt 0.826160014 0.715894997
vt 0.761835992 0.684509993
vt 0.758562982 0.682871997
vt 0.758579016 0.682940006
vt 0.761835992 0.684509993
vt 0.758579016 0.682940006
vt 0.761840999 0.684504986
vt 0.761685014 0.684408009
vt 0.758368015 0.682825029
vt 0.758249998 0.68275398
vt 0.761685014 0.684408009
vt 0.758249998 0.68275398
vt 0.761660993 0.68444699
vt 0.233005002 0.623794973
vt 0.232464001 0.623525977
vt 0.231808007 0.623202026
vt 0.233005002 0.623794973
vt 0.231808007 0.623202026
vt 0.232887 0.623724997
vt 0.823050022 0.714327991
vt 0.826160014 0.715894997
vt 0.826179028 0.715862989
vt 0.823050022 0.714327991
vt 0.826179028 0.715862989
vt 0.823026001 0.714377999
vt 0.82327199 0.714447021
vt 0.826398015 0.716013014
vt 0.826160014 0.715894997
vt 0.828557014 0.717024982
vt 0.82663703 0.716121018
vt 0.823026001 0.714377999
vt 0.826179028 0.715862989
vt 0.826421976 0.715985
vt 0.823026001 0.714377999
vt 0.826421976 0.715985
vt 0.823256016 0.714480996
vt 0.823256016 0.714480996
vt 0.826421976 0.715985
vt 0.826398015 0.716013014
vt 0.823256016 0.714480996
vt 0.826398015 0.716013014
vt 0.82327199 0.714447021
vt 0.826665998 0.716094971
vt 0.828806996 0.717047989
vt 0.828562975 0.717123985
vt 0.828562975 0.717123985
vt 0.826421976 0.715985
vt 0.826398015 0.716013014
vt 0.828456998 0.717047989
vt 0.828557014 0.717024982
vt 0.826421976 0.715985
vt 0.828562975 0.717123985
vt 0.828456998 0.717047989
vt 0.829087973 0.71814698
vt 0.828945994 0.717508018
vt 0.828562975 0.717123985
vt 0.828590989 0.717198014
vt 0.826421976 0.715985
vt 0.828456998 0.717047989
vt 0.826398015 0.716013014
vt 0.300247997 0.613821983
vt 0.300630987 0.614206016
vt 0.300449014 0.613969028
vt 0.300247997 0.613821983
vt 0.300449014 0.613969028
vt 0.300143003 0.613745987
vt 0.828945994 0.717508018
vt 0.829087973 0.71814698
vt 0.830817997 0.71814698
vt 0.830817997 0.71814698
vt 0.829366028 0.717490971
vt 0.828806996 0.717047989
vt 0.829492986 0.716804028
vt 0.828590989 0.717198014
vt 0.828806996 0.717047989
vt 0.828562975 0.717123985
vt 0.236215994 0.768337011
vt 0.236217007 0.768535972
vt 0.236327007 0.768333972
vt 0.236215994 0.768337011
vt 0.236327007 0.768333972
vt 0.236411005 0.768442988
vt 0.236424997 0.768535972
vt 0.236423999 0.768337011
vt 0.236313 0.768540025
vt 0.236424997 0.768535972
vt 0.236313 0.768540025
vt 0.236230001 0.768429995
vt 0.236423999 0.768337011
vt 0.236215994 0.768337011
vt 0.236411005 0.768442988
vt 0.236423999 0.768337011
vt 0.236411005 0.768442988
vt 0.236313 0.768540025
vt 0.234753996 0.732401013
vt 0.234753996 0.806059003
vt 0.308411986 0.806059003
vt 0.234753996 0.732401013
vt 0.308411986 0.806059003
vt 0.308411986 0.732401013
vt 0.234753996 0.732401013
vt 0.234753996 0.806059003
vt 0.308411986 0.806059003
vt 0.234753996 0.732401013
vt 0.308411986 0.732401013
vt 0.234753996 0.732401013
vt 0.234753996 0.806059003
vt 0.308411986 0.806059003
vt 0.234753996 0.732401013
vt 0.308411986 0.806059003
vt 0.308411986 0.732401013
vt 0.236439005 0.768334985
vt 0.236439005 0.768543005
vt 0.236544997 0.768347979
vt 0.236439005 0.768334985
vt 0.236544997 0.768347979
vt 0.236642003 0.768445015
vt 0.236439005 0.768543005
vt 0.236638993 0.768541992
vt 0.236435995 0.768431008
vt 0.236439005 0.768543005
vt 0.236435995 0.768431008
vt 0.236544997 0.768347979
vt 0.236638993 0.768541992
vt 0.236638993 0.768333972
vt 0.236532003 0.768528998
vt 0.236638993 0.768541992
vt 0.236532003 0.768528998
vt 0.236435995 0.768431008
vt 0.236638993 0.768333972
vt 0.236439005 0.768334985
vt 0.236642003 0.768445015
vt 0.236638993 0.768333972
vt 0.236642003 0.768445015
vt 0.236532003 0.768528998
vt 0.236653 0.768337011
vt 0.236653998 0.768535972
vt 0.236764997 0.768333972
vt 0.236653 0.768337011
vt 0.236764997 0.768333972
vt 0.236847997 0.768442988
vt 0.236862004 0.768535972
vt 0.236861005 0.768337011
vt 0.236750007 0.768540025
vt 0.236862004 0.768535972
vt 0.236750007 0.768540025
vt 0.236667007 0.768429995
vt 0.236861005 0.768337011
vt 0.236653 0.768337011
vt 0.236847997 0.768442988
vt 0.236861005 0.768337011
vt 0.236847997 0.768442988
vt 0.236750007 0.768540025
vt 0.235779002 0.768337011
vt 0.235780001 0.768535972
vt 0.235890001 0.768333972
vt 0.235779002 0.768337011
vt 0.235890001 0.768333972
vt 0.235973999 0.768442988
vt 0.235988006 0.768535972
vt 0.235986993 0.768337011
vt 0.235875994 0.768540025
vt 0.235988006 0.768535972
vt 0.235875994 0.768540025
vt 0.235792994 0.768429995
vt 0.235986993 0.768337011
vt 0.235779002 0.768337011
vt 0.235973999 0.768442988
vt 0.235986993 0.768337011
vt 0.235973999 0.768442988
vt 0.235875994 0.768540025
vt 0.236873001 0.768337011
vt 0.236873999 0.768535972
vt 0.236984 0.768333972
vt 0.236873001 0.768337011
vt 0.236984 0.768333972
vt 0.237067997 0.768442988
vt 0.237082005 0.768535972
vt 0.237081006 0.768337011
vt 0.236970007 0.768540025
vt 0.237082005 0.768535972
vt 0.236970007 0.768540025
vt 0.236886993 0.768429995
vt 0.237081006 0.768337011
vt 0.236873001 0.768337011
vt 0.237067997 0.768442988
vt 0.237081006 0.768337011
vt 0.237067997 0.768442988
vt 0.236970007 0.768540025
vt 0.234753996 0.732401013
vt 0.234753996 0.806059003
vt 0.308411986 0.806059003
vt 0.308411986 0.732401013
vt 0.234753996 0.732401013
vt 0.234753996 0.806059003
vt 0.308411986 0.806059003
vt 0.308411986 0.732401013
vt 0.234753996 0.732401013
vt 0.234753996 0.806059003
vt 0.308411986 0.806059003
vt 0.308411986 0.732401013
vt 0.234753996 0.732401013
vt 0.234753996 0.806059003
vt 0.308411986 0.806059003
vt 0.308411986 0.732401013
vt 0.234753996 0.732401013
vt 0.234753996 0.806059003
vt 0.308411986 0.806059003
vt 0.308411986 0.732401013
vt 0.234753996 0.732401013
vt 0.234753996 0.806059003
vt 0.308411986 0.806059003
vt 0.308411986 0.732401013
vt 0.234753996 0.732401013
vt 0.234753996 0.806059003
vt 0.308411986 0.806059003
vt 0.308411986 0.732401013
vt 0.234753996 0.732401013
vt 0.234753996 0.806059003
vt 0.308411986 0.806059003
vt 0.308411986 0.732401013
vt 0.234753996 0.732401013
vt 0.234753996 0.806059003
vt 0.308411986 0.806059003
vt 0.308411986 0.732401013
vt 0.234753996 0.732401013
vt 0.234753996 0.806059003
vt 0.308411986 0.806059003
vt 0.308411986 0.732401013
vt 0.684624016 0.201643005
vt 0.684624016 0.275299996
vt 0.758282006 0.275299996
vt 0.758282006 0.201643005
vt 0.234753996 0.732401013
vt 0.234753996 0.806059003
vt 0.308411986 0.806059003
vt 0.308411986 0.732401013
vt 0.234753996 0.732401013
vt 0.234753996 0.806059003
vt 0.308411986 0.806059003
vt 0.308411986 0.732401013
vt 0.234753996 0.732401013
vt 0.234753996 0.806059003
vt 0.308411986 0.806059003
vt 0.308411986 0.732401013
vt 0.236485004 0.625468016
vt 0.236485004 0.625468016
vt 0.236487001 0.625469983
vt 0.236491993 0.625473022
vt 0.236568004 0.625522017
vt 0.236564994 0.625522017
vt 0.236563995 0.625522017
vt 0.236566007 0.625523984
vt 0.822826028 0.714232981
vt 0.761835992 0.684509993
vt 0.761840999 0.684504986
vt 0.761834025 0.684521019
vt 0.761826992 0.684518993
vt 0.761660993 0.68444699
vt 0.761685014 0.684408009
vt 0.761848986 0.684496999
vt 0.761842012 0.684493005
vt 0.823026001 0.714377999
vt 0.761999011 0.684575975
vt 0.761990011 0.684592009
vt 0.761855006 0.684502006
vt 0.761848986 0.684499025
vt 0.761866987 0.684504986
vt 0.761852026 0.684531987
vt 0.761842012 0.684524
vt 0.761834979 0.684521019
vt 0.823050022 0.714327991
vt 0.761990011 0.684592009
vt 0.761835992 0.684509993
vt 0.761929989 0.684553981
vt 0.761923015 0.684551001
vt 0.761852026 0.684531987
vt 0.761660993 0.68444699
vt 0.758562982 0.682871997
vt 0.758249998 0.68275398
vt 0.236564994 0.625522017
vt 0.236561999 0.625521004
vt 0.236563995 0.625522017
vt 0.236562997 0.625521004
vt 0.236561999 0.625521004
vt 0.236561999 0.625521004
vt 0.232775003 0.623669982
vt 0.232381001 0.623480976
vt 0.232563004 0.623571992
vt 0.232840002 0.62370801
vt 0.232988 0.623764992
vt 0.233008996 0.623791993
vt 0.236566007 0.625523984
vt 0.236563995 0.625522017
vt 0.236561999 0.625521004
vt 0.236560002 0.625521004
vt 0.236561 0.625521004
vt 0.236561999 0.625521004
vt 0.236561 0.625518978
vt 0.236564994 0.625522017
vt 0.236568004 0.625522017
vt 0.236562997 0.625521004
vt 0.236561999 0.625521004
vt 0.236561 0.625519991
vt 0.236474007 0.625491977
vt 0.236469001 0.625491023
vt 0.236470997 0.625491023
vt 0.236470997 0.625491023
vt 0.236468002 0.62549001
vt 0.236469999 0.625491023
vt 0.236485004 0.625468016
vt 0.236485004 0.625468016
vt 0.236487001 0.625469983
vt 0.236482993 0.625467002
vt 0.236484006 0.625468016
vt 0.236482993 0.625467002
vt 0.236485004 0.625469029
vt 0.236484006 0.625468016
vt 0.236481994 0.625465989
vt 0.236478999 0.625464022
vt 0.236491993 0.625473022
vt 0.236487001 0.625469983
vt 0.236485004 0.625468016
vt 0.236485004 0.625469029
vt 0.236484006 0.625468016
vt 0.236484006 0.625468016
vt 0.236478999 0.625464022
vt 0.236485004 0.625468016
vt 0.236485004 0.625468016
vt 0.236482993 0.625467002
vt 0.236482993 0.625467002
vt 0.236481994 0.625465989
vt 0.232887 0.623724997
vt 0.232988 0.623764992
vt 0.233199999 0.623842001
vt 0.232775003 0.623669982
vt 0.232381001 0.623480976
vt 0.231808007 0.623202026
vt 0.233215004 0.62391001
vt 0.233008996 0.623791993
vt 0.232840002 0.62370801
vt 0.233005002 0.623794973
vt 0.232464001 0.623525977
vt 0.232563004 0.623571992
vt 0.761660993 0.68444699
vt 0.761826992 0.684518993
vt 0.761834979 0.684521019
vt 0.761852026 0.684531987
vt 0.761866987 0.684504986
vt 0.761685014 0.684408009
vt 0.761842012 0.684493005
vt 0.761848986 0.684499025
vt 0.761924982 0.684548974
vt 0.761923015 0.684551001
vt 0.761990011 0.684592009
vt 0.761842012 0.684524
vt 0.761834025 0.684521019
vt 0.761835992 0.684509993
vt 0.761999011 0.684575975
vt 0.761929989 0.684553981
vt 0.761931002 0.684552014
vt 0.761840999 0.684504986
vt 0.761855006 0.684502006
vt 0.761848986 0.684496999
vt 0.236478999 0.625494003
vt 0.236474007 0.625491977
vt 0.236470997 0.625491023
vt 0.236470997 0.625491977
vt 0.236470997 0.625491977
vt 0.236470997 0.625491023
vt 0.236469001 0.625491023
vt 0.236463994 0.625488997
vt 0.236467004 0.62549001
vt 0.236468002 0.62549001
vt 0.236471996 0.625491023
vt 0.236474007 0.625491977
vt 0.236478999 0.625494003
vt 0.236470997 0.625491023
vt 0.236469999 0.625491023
vt 0.236469999 0.625491023
vt 0.761866987 0.684504986
vt 0.761924982 0.684548974
vt 0.761931002 0.684552014
vt 0.761999011 0.684575975
vt 0.236561 0.625521004
vt 0.236561999 0.625521004
vt 0.236561999 0.625521004
vt 0.236561 0.625519991
vt 0.236484006 0.625468016
vt 0.236484006 0.625468016
vt 0.236482993 0.625467002
vt 0.236481994 0.625465989
vt 0.232464001 0.623525977
vt 0.232563004 0.623571992
vt 0.232381001 0.623480976
vt 0.231808007 0.623202026
vt 0.236467004 0.62549001
vt 0.236468002 0.62549001
vt 0.236469999 0.625491023
vt 0.236469999 0.625491023
vt 0.236560002 0.625521004
vt 0.236561 0.625521004
vt 0.236561 0.625519991
vt 0.236561 0.625518978
vt 0.236463994 0.625488997
vt 0.236467004 0.62549001
vt 0.236469999 0.625491023
vt 0.236471996 0.625491023
vt 0.822812021 0.714259982
vt 0.822902024 0.714287996
vt 0.822902977 0.714286029
vt 0.822826028 0.714232981
vt 0.276971012 0.366057992
vt 0.27678901 0.36598599
vt 0.277002007 0.366104007
vt 0.277231991 0.36620599
vt 0.277249008 0.366171986
vt 0.277027011 0.366053998
vt 0.276802003 0.365958005
vt 0.276971012 0.366057992
vt 0.294586986 0.610987008
vt 0.29459101 0.610987008
vt 0.29459101 0.610987008
vt 0.294588 0.610984027
vt 0.297845006 0.612592995
vt 0.298090011 0.612698972
vt 0.298101991 0.612684011
vt 0.29786399 0.612560987
vt 0.822995007 0.714331985
vt 0.822902024 0.714287996
vt 0.822812021 0.714259982
vt 0.822911024 0.71429199
vt 0.822910011 0.714290977
vt 0.822910011 0.714290977
vt 0.822908998 0.714290977
vt 0.822995007 0.714331985
vt 0.822911978 0.714290977
vt 0.822911024 0.71429199
vt 0.822995007 0.714331985
vt 0.822826028 0.714232981
vt 0.822902977 0.714286029
vt 0.822911978 0.714290977
vt 0.822995007 0.714331985
vt 0.822908998 0.714290023
vt 0.822910011 0.714290977
vt 0.822910011 0.714290977
vt 0.29459399 0.610988975
vt 0.29459101 0.610987008
vt 0.29459101 0.610987008
vt 0.29459399 0.610988975
vt 0.29835099 0.612793028
vt 0.298101991 0.612684011
vt 0.298090011 0.612698972
vt 0.298321992 0.612819016
vt 0.298083991 0.612712026
vt 0.298321992 0.612819016
vt 0.298090011 0.612698972
vt 0.297845006 0.612592995
vt 0.29786399 0.612560987
vt 0.298101991 0.612684011
vt 0.29835099 0.612793028
vt 0.298106998 0.612682998
vt 0.294595987 0.610989988
vt 0.29459399 0.610988975
vt 0.29459101 0.610987008
vt 0.294586986 0.610987008
vt 0.294588 0.610984027
vt 0.29459101 0.610987008
vt 0.29459399 0.610988975
vt 0.294597 0.610988975
vt 0.829366028 0.717490971
vt 0.830817997 0.71814698
vt 0.829492986 0.716804028
vt 0.828806996 0.717047989
vt 0.294595003 0.610988975
vt 0.294595003 0.610988975
vt 0.294595003 0.610988975
vt 0.294595987 0.610988975
vt 0.82663703 0.716121018
vt 0.828557014 0.717024982
vt 0.828806996 0.717047989
vt 0.826665998 0.716094971
vt 0.822908998 0.714290977
vt 0.822910011 0.714290977
vt 0.822908998 0.714290023
vt 0.822910011 0.714290977
vt 0.822910011 0.714290977
vt 0.822910011 0.714290977
vt 0.822910011 0.714290977
vt 0.822911978 0.714290977
vt 0.822910011 0.714290977
vt 0.822910011 0.714290977
vt 0.822911024 0.71429199
vt 0.822910011 0.714290977
vt 0.822910011 0.714290977
vt 0.822910011 0.714290977
vt 0.300630987 0.614206016
vt 0.301050991 0.614189029
vt 0.300577015 0.613959014
vt 0.300449014 0.613969028
vt 0.294595003 0.610988975
vt 0.294595003 0.610988975
vt 0.294595003 0.610988975
vt 0.294595003 0.610988975
vt 0.300143003 0.613745987
vt 0.300449014 0.613969028
vt 0.300577015 0.613959014
vt 0.300242007 0.61372298
vt 0.300242007 0.61372298
vt 0.300577015 0.613959014
vt 0.301050991 0.614189029
vt 0.300491989 0.613745987
vt 0.294595003 0.610988975
vt 0.294595003 0.610988975
vt 0.294595003 0.610988975
vt 0.294595003 0.610988975
vt 0.294595987 0.610988975
vt 0.294595003 0.610988975
vt 0.294595003 0.610988975
vt 0.294595987 0.610988975
vt 0.822910011 0.714290977
vt 0.822910011 0.714290977
vt 0.822910011 0.714290977
vt 0.822910011 0.714290977
vt 0.822910011 0.714290977
vt 0.822910011 0.714290977
vt 0.822910011 0.714290977
vt 0.822910011 0.714290977
vt 0.236217007 0.768535972
vt 0.236424997 0.768535972
vt 0.236230001 0.768429995
vt 0.236327007 0.768333972
vt 0.234753996 0.732401013
vt 0.234753996 0.806059003
vt 0.308411986 0.806059003
vt 0.308411986 0.732401013
vt 0.234753996 0.732401013
vt 0.234753996 0.806059003
vt 0.308411986 0.806059003
vt 0.308411986 0.732401013
vt 0.234753996 0.732401013
vt 0.234753996 0.806059003
vt 0.308411986 0.806059003
vt 0.308411986 0.732401013
vt 0.234753996 0.732401013
vt 0.234753996 0.806059003
vt 0.308411986 0.806059003
vt 0.308411986 0.732401013
vt 0.234753996 0.732401013
vt 0.234753996 0.806059003
vt 0.308411986 0.806059003
vt 0.308411986 0.732401013
vt 0.234753996 0.732401013
vt 0.234753996 0.806059003
vt 0.308411986 0.806059003
vt 0.308411986 0.732401013
vt 0.234753996 0.732401013
vt 0.234753996 0.806059003
vt 0.308411986 0.806059003
vt 0.308411986 0.732401013
vt 0.684624016 0.201643005
vt 0.684624016 0.275299996
vt 0.758282006 0.275299996
vt 0.758282006 0.201643005
vt 0.234753996 0.732401013
vt 0.234753996 0.806059003
vt 0.308411986 0.806059003
vt 0.308411986 0.732401013
vt 0.234753996 0.732401013
vt 0.234753996 0.806059003
vt 0.308411986 0.806059003
vt 0.308411986 0.732401013
vt 0.234753996 0.732401013
vt 0.234753996 0.806059003
vt 0.308411986 0.806059003
vt 0.308411986 0.732401013
vt 0.236653998 0.768535972
vt 0.236862004 0.768535972
vt 0.236667007 0.768429995
vt 0.236764997 0.768333972
vt 0.235780001 0.768535972
vt 0.235988006 0.768535972
vt 0.235792994 0.768429995
vt 0.235890001 0.768333972
vt 0.236873999 0.768535972
vt 0.237082005 0.768535972
vt 0.236886993 0.768429995
vt 0.236984 0.768333972
vn -1.000000 0.000000 -0.000000
vn -1.000000 0.000000 -0.000000
vn -1.000000 0.000000 -0.000000
vn -1.000000 0.000000 -0.000000
vn -1.000000 0.000000 -0.000000
vn -1.000000 0.000000 -0.000000
vn 0.000000 1.000000 -0.000000
vn 0.000000 1.000000 -0.000000
vn 0.000000 1.000000 -0.000000
vn 0.000000 1.000000 -0.000000
vn 0.000000 1.000000 -0.000000
vn 0.000000 1.000000 -0.000000
vn 1.000000 0.000000 -0.000000
vn 1.000000 0.000000 -0.000000
vn 1.000000 0.000000 -0.000000
vn 1.000000 0.000000 -0.000000
vn 1.000000 0.000000 -0.000000
vn 1.000000 0.000000 -0.000000
vn 0.000000 -1.000000 0.000000
vn 0.000000 -1.000000 0.000000
vn 0.000000 -1.000000 0.000000
vn 0.000000 -1.000000 0.000000
vn 0.000000 -1.000000 0.000000
vn 0.000000 -1.000000 0.000000
vn -1.000000 0.000000 -0.000000
vn -1.000000 0.000000 -0.000000
vn -1.000000 0.000000 -0.000000
vn -1.000000 0.000000 -0.000000
vn -1.000000 0.000000 -0.000000
vn -1.000000 0.000000 -0.000000
vn 0.000000 1.000000 -0.000000
vn 0.000000 1.000000 -0.000000
vn 0.000000 1.000000 -0.000000
vn 0.000000 1.000000 -0.000000
vn 0.000000 1.000000 -0.000000
vn 0.000000 1.000000 -0.000000
vn 1.000000 0.000000 -0.000000
vn 1.000000 0.000000 -0.000000
vn 1.000000 0.000000 -0.000000
vn 1.000000 0.000000 -0.000000
vn 1.000000 0.000000 -0.000000
vn 1.000000 0.000000 -0.000000
vn 0.000000 -1.000000 0.000000
vn 0.000000 -1.000000 0.000000
vn 0.000000 -1.000000 0.000000
vn 0.000000 -1.000000 0.000000
vn 0.000000 -1.000000 0.000000
vn 0.000000 -1.000000 0.000000
vn -1.000000 0.000000 -0.000000
vn -1.000000 0.000000 -0.000000
vn -1.000000 0.000000 -0.000000
vn -1.000000 0.000000 -0.000000
vn -1.000000 0.000000 -0.000000
vn -1.000000 0.000000 -0.000000
vn 0.000000 1.000000 -0.000000
vn 0.000000 1.000000 -0.000000
vn 0.000000 1.000000 -0.000000
vn 0.000000 1.000000 -0.000000
vn 0.000000 1.000000 -0.000000
vn 0.000000 1.000000 -0.000000
vn 1.000000 0.000000 -0.000000
vn 1.000000 0.000000 -0.000000
vn 1.000000 0.000000 -0.000000
vn 1.000000 0.000000 -0.000000
vn 1.000000 0.000000 -0.000000
vn 1.000000 0.000000 -0.000000
vn 0.000000 -1.000000 0.000000
vn 0.000000 -1.000000 0.000000
vn 0.000000 -1.000000 0.000000
vn 0.000000 -1.000000 0.000000
vn 0.000000 -1.000000 0.000000
vn 0.000000 -1.000000 0.000000
vn -1.000000 0.000000 -0.000000
vn -1.000000 0.000000 -0.000000
vn -1.000000 0.000000 -0.000000
vn -1.000000 0.000000 -0.000000
vn -1.000000 0.000000 -0.000000
vn -1.000000 0.000000 -0.000000
vn 0.000000 1.000000 -0.000000
vn 0.000000 1.000000 -0.000000
vn 0.000000 1.000000 -0.000000
vn 0.000000 1.000000 -0.000000
vn 0.000000 1.000000 -0.000000
vn 0.000000 1.000000 -0.000000
vn 1.000000 0.000000 -0.000000
vn 1.000000 0.000000 -0.000000
vn 1.000000 0.000000 -0.000000
vn 1.000000 0.000000 -0.000000
vn 1.000000 0.000000 -0.000000
vn 1.000000 0.000000 -0.000000
vn 0.000000 -1.000000 0.000000
vn 0.000000 -1.000000 0.000000
vn 0.000000 -1.000000 0.000000
vn 0.000000 -1.000000 0.000000
vn 0.000000 -1.000000 0.000000
vn 0.000000 -1.000000 0.000000
vn -1.000000 0.000000 -0.000000
vn -1.000000 0.000000 -0.000000
vn -1.000000 0.000000 -0.000000
vn -1.000000 0.000000 -0.000000
vn -1.000000 0.000000 -0.000000
vn -1.000000 0.000000 -0.000000
vn 0.000000 1.000000 -0.000000
vn 0.000000 1.000000 -0.000000
vn 0.000000 1.000000 -0.000000
vn 0.000000 1.000000 -0.000000
vn 0.000000 1.000000 -0.000000
vn 0.000000 1.000000 -0.000000
vn 1.000000 0.000000 -0.000000
vn 1.000000 0.000000 -0.000000
vn 1.000000 0.000000 -0.000000
vn 1.000000 0.000000 -0.000000
vn 1.000000 0.000000 -0.000000
vn 1.000000 0.000000 -0.000000
vn 0.000000 -1.000000 0.000000
vn 0.000000 -1.000000 0.000000
vn 0.000000 -1.000000 0.000000
vn 0.000000 -1.000000 0.000000
vn 0.000000 -1.000000 0.000000
vn 0.000000 -1.000000 0.000000
vn 0.000000 -0.000000 -1.000000
vn 0.000000 -0.000000 -1.000000
vn 0.000000 -0.000000 -1.000000
vn 0.000000 -0.000000 -1.000000
vn 0.000000 -0.000000 -1.000000
vn 0.000000 -0.000000 -1.000000
vn 0.000000 -0.000000 -1.000000
vn 0.000000 -0.000000 -1.000000
vn 0.000000 -0.000000 -1.000000
vn 0.000000 -0.000000 -1.000000
vn 0.000000 -0.000000 -1.000000
vn 0.000000 -0.000000 -1.000000
vn -1.000000 0.000000 -0.000000
vn -1.000000 0.000000 -0.000000
vn -1.000000 0.000000 -0.000000
vn 0.000000 1.000000 -0.000000
vn 0.000000 1.000000 -0.000000
vn 0.000000 1.000000 -0.000000
vn 0.000000 1.000000 -0.000000
vn 0.000000 1.000000 -0.000000
vn 0.000000 1.000000 -0.000000
vn 0.000000 1.000000 -0.000000
vn 0.000000 1.000000 -0.000000
vn 0.000000 1.000000 -0.000000
vn 1.000000 0.000000 -0.000000
vn 1.000000 0.000000 -0.000000
vn 1.000000 0.000000 -0.000000
vn 0.000000 -1.000000 0.000000
vn 0.000000 -1.000000 0.000000
vn 0.000000 -1.000000 0.000000
vn 0.000000 -1.000000 0.000000
vn 0.000000 -1.000000 0.000000
vn 0.000000 -0.000000 -1.000000
vn 0.000000 -0.000000 -1.000000
vn 0.000000 -0.000000 -1.000000
vn 0.000000 -0.000000 -1.000000
vn 0.000000 -0.000000 -1.000000
vn 0.000000 -0.000000 -1.000000
vn 0.000000 0.000000 1.000000
vn 0.000000 0.000000 1.000000
vn 0.000000 0.000000 1.000000
vn 0.000000 0.000000 1.000000
vn 0.000000 0.000000 1.000000
vn 0.000000 0.000000 1.000000
vn 1.000000 0.000000 -0.000000
vn 1.000000 0.000000 -0.000000
vn 1.000000 0.000000 -0.000000
vn 1.000000 0.000000 -0.000000
vn 1.000000 0.000000 -0.000000
vn 1.000000 0.000000 -0.000000
vn 0.000000 0.000000 1.000000
vn 0.000000 0.000000 1.000000
vn 0.000000 0.000000 1.000000
vn 0.000000 0.000000 1.000000
vn 0.000000 0.000000 1.000000
vn 0.000000 0.000000 1.000000
vn 0.000000 -1.000000 0.000000
vn 0.000000 -1.000000 0.000000
vn 0.000000 -1.000000 0.000000
vn 0.000000 -1.000000 0.000000
vn 0.000000 -1.000000 0.000000
vn 0.000000 1.000000 -0.000000
vn 0.000000 1.000000 -0.000000
vn 0.000000 1.000000 -0.000000
vn 0.000000 1.000000 -0.000000
vn 0.000000 1.000000 -0.000000
vn 0.000000 1.000000 -0.000000
vn 0.000000 -0.000000 -1.000000
vn 0.000000 -0.000000 -1.000000
vn 0.000000 -0.000000 -1.000000
vn 0.000000 -0.000000 -1.000000
vn 0.000000 -0.000000 -1.000000
vn 0.000000 -0.000000 -1.000000
vn 0.000000 1.000000 -0.000000
vn 0.000000 1.000000 -0.000000
vn 0.000000 1.000000 -0.000000
vn 0.000000 1.000000 -0.000000
vn 0.000000 1.000000 -0.000000
vn 0.000000 -1.000000 0.000000
vn 0.000000 -1.000000 0.000000
vn 0.000000 -1.000000 0.000000
vn -1.000000 0.000000 -0.000000
vn -1.000000 0.000000 -0.000000
vn -1.000000 0.000000 -0.000000
vn -1.000000 0.000000 -0.000000
vn -1.000000 0.000000 -0.000000
vn -1.000000 0.000000 -0.000000
vn -1.000000 0.000000 -0.000000
vn -1.000000 0.000000 -0.000000
vn -1.000000 0.000000 -0.000000
vn -1.000000 0.000000 -0.000000
vn -1.000000 0.000000 -0.000000
vn -1.000000 0.000000 -0.000000
vn -1.000000 0.000000 -0.000000
vn -1.000000 0.000000 -0.000000
vn -1.000000 0.000000 -0.000000
vn -1.000000 0.000000 -0.000000
vn 0.000000 -0.000000 -1.000000
vn 0.000000 -0.000000 -1.000000
vn 0.000000 -0.000000 -1.000000
vn 0.000000 -0.000000 -1.000000
vn 0.000000 -0.000000 -1.000000
vn 0.000000 0.000000 1.000000
vn 0.000000 0.000000 1.000000
vn 0.000000 0.000000 1.000000
vn 0.000000 0.000000 1.000000
vn 0.000000 0.000000 1.000000
vn 1.000000 0.000000 -0.000000
vn 1.000000 0.000000 -0.000000
vn 1.000000 0.000000 -0.000000
vn 1.000000 0.000000 -0.000000
vn 1.000000 0.000000 -0.000000
vn 1.000000 0.000000 -0.000000
vn -1.000000 0.000000 -0.000000
vn -1.000000 0.000000 -0.000000
vn -1.000000 0.000000 -0.000000
vn -1.000000 0.000000 -0.000000
vn -1.000000 0.000000 -0.000000
vn -1.000000 0.000000 -0.000000
vn 0.000000 -1.000000 0.000000
vn 0.000000 -1.000000 0.000000
vn 0.000000 -1.000000 0.000000
vn 0.000000 -1.000000 0.000000
vn 0.000000 -1.000000 0.000000
vn 0.000000 -1.000000 0.000000
vn 0.000000 1.000000 -0.000000
vn 0.000000 1.000000 -0.000000
vn 0.000000 1.000000 -0.000000
vn 0.000000 1.000000 -0.000000
vn 0.000000 1.000000 -0.000000
vn 0.000000 1.000000 -0.000000
vn 0.000000 1.000000 -0.000000
vn 0.000000 1.000000 -0.000000
vn 0.000000 1.000000 -0.000000
vn 0.000000 1.000000 -0.000000
vn 0.000000 1.000000 -0.000000
vn 0.000000 1.000000 -0.000000
vn 0.000000 1.000000 -0.000000
vn 0.000000 1.000000 -0.000000
vn 0.000000 1.000000 -0.000000
vn 0.000000 1.000000 -0.000000
vn 0.000000 1.000000 -0.000000
vn 1.000000 0.000000 -0.000000
vn 1.000000 0.000000 -0.000000
vn 1.000000 0.000000 -0.000000
vn 1.000000 0.000000 -0.000000
vn 1.000000 0.000000 -0.000000
vn 1.000000 0.000000 -0.000000
vn 0.000000 1.000000 -0.000000
vn 0.000000 1.000000 -0.000000
vn 0.000000 1.000000 -0.000000
vn 0.000000 1.000000 -0.000000
vn 0.000000 1.000000 -0.000000
vn 0.000000 1.000000 -0.000000
vn -1.000000 0.000000 -0.000000
vn -1.000000 0.000000 -0.000000
vn -1.000000 0.000000 -0.000000
vn -1.000000 0.000000 -0.000000
vn -1.000000 0.000000 -0.000000
vn -1.000000 0.000000 -0.000000
vn 0.000000 -1.000000 0.000000
vn 0.000000 -1.000000 0.000000
vn 0.000000 -1.000000 0.000000
vn 0.000000 -1.000000 0.000000
vn 0.000000 -1.000000 0.000000
vn 0.000000 -1.000000 0.000000
vn 1.000000 0.000000 -0.000000
vn 1.000000 0.000000 -0.000000
vn 1.000000 0.000000 -0.000000
vn 1.000000 0.000000 -0.000000
vn 1.000000 0.000000 -0.000000
vn 1.000000 0.000000 -0.000000
vn -1.000000 0.000000 -0.000000
vn -1.000000 0.000000 -0.000000
vn -1.000000 0.000000 -0.000000
vn -1.000000 0.000000 -0.000000
vn -1.000000 0.000000 -0.000000
vn -1.000000 0.000000 -0.000000
vn 0.000000 -1.000000 0.000000
vn 0.000000 -1.000000 0.000000
vn 0.000000 -1.000000 0.000000
vn 0.000000 -1.000000 0.000000
vn 0.000000 -1.000000 0.000000
vn 0.000000 -1.000000 0.000000
vn 1.000000 0.000000 -0.000000
vn 1.000000 0.000000 -0.000000
vn 1.000000 0.000000 -0.000000
vn 1.000000 0.000000 -0.000000
vn 1.000000 0.000000 -0.000000
vn 1.000000 0.000000 -0.000000
vn -1.000000 0.000000 -0.000000
vn -1.000000 0.000000 -0.000000
vn -1.000000 0.000000 -0.000000
vn -1.000000 0.000000 -0.000000
vn -1.000000 0.000000 -0.000000
vn -1.000000 0.000000 -0.000000
vn 0.000000 -1.000000 0.000000
vn 0.000000 -1.000000 0.000000
vn 0.000000 -1.000000 0.000000
vn 0.000000 -1.000000 0.000000
vn 0.000000 -1.000000 0.000000
vn 0.000000 -1.000000 0.000000
vn 1.000000 0.000000 -0.000000
vn 1.000000 0.000000 -0.000000
vn 1.000000 0.000000 -0.000000
vn 1.000000 0.000000 -0.000000
vn 1.000000 0.000000 -0.000000
vn 1.000000 0.000000 -0.000000
vn -1.000000 0.000000 -0.000000
vn -1.000000 0.000000 -0.000000
vn -1.000000 0.000000 -0.000000
vn -1.000000 0.000000 -0.000000
vn -1.000000 0.000000 -0.000000
vn -1.000000 0.000000 -0.000000
vn 0.000000 -1.000000 0.000000
vn 0.000000 -1.000000 0.000000
vn 0.000000 -1.000000 0.000000
vn 0.000000 -1.000000 0.000000
vn 0.000000 -1.000000 0.000000
vn 0.000000 -1.000000 0.000000
vn -1.000000 0.000000 -0.000000
vn -1.000000 0.000000 -0.000000
vn -1.000000 0.000000 -0.000000
vn -1.000000 0.000000 -0.000000
vn 0.000000 1.000000 -0.000000
vn 0.000000 1.000000 -0.000000
vn 0.000000 1.000000 -0.000000
vn 0.000000 1.000000 -0.000000
vn 1.000000 0.000000 -0.000000
vn 1.000000 0.000000 -0.000000
vn 1.000000 0.000000 -0.000000
vn 1.000000 0.000000 -0.000000
vn 0.000000 -1.000000 0.000000
vn 0.000000 -1.000000 0.000000
vn 0.000000 -1.000000 0.000000
vn 0.000000 -1.000000 0.000000
vn 0.000000 0.000000 1.000000
vn 0.000000 0.000000 1.000000
vn 0.000000 0.000000 1.000000
vn 0.000000 0.000000 1.000000
vn 0.000000 -0.000000 -1.000000
vn 0.000000 -0.000000 -1.000000
vn 0.000000 -0.000000 -1.000000
vn 0.000000 -0.000000 -1.000000
vn 0.000000 -0.000000 -1.000000
vn 0.000000 -0.000000 -1.000000
vn 0.000000 -0.000000 -1.000000
vn 0.000000 -0.000000 -1.000000
vn 0.000000 1.000000 -0.000000
vn 0.000000 1.000000 -0.000000
vn 0.000000 1.000000 -0.000000
vn 0.000000 1.000000 -0.000000
vn 0.000000 1.000000 -0.000000
vn 0.000000 1.000000 -0.000000
vn 0.000000 1.000000 -0.000000
vn 0.000000 1.000000 -0.000000
vn 0.000000 1.000000 -0.000000
vn 0.000000 1.000000 -0.000000
vn 0.000000 1.000000 -0.000000
vn 0.000000 1.000000 -0.000000
vn 0.000000 1.000000 -0.000000
vn 0.000000 1.000000 -0.000000
vn 0.000000 1.000000 -0.000000
vn 0.000000 1.000000 -0.000000
vn -1.000000 0.000000 -0.000000
vn -1.000000 0.000000 -0.000000
vn -1.000000 0.000000 -0.000000
vn -1.000000 0.000000 -0.000000
vn 0.000000 0.000000 1.000000
vn 0.000000 0.000000 1.000000
vn 0.000000 0.000000 1.000000
vn 0.000000 0.000000 1.000000
vn 1.000000 0.000000 -0.000000
vn 1.000000 0.000000 -0.000000
vn 1.000000 0.000000 -0.000000
vn 1.000000 0.000000 -0.000000
vn 0.000000 -0.000000 -1.000000
vn 0.000000 -0.000000 -1.000000
vn 0.000000 -0.000000 -1.000000
vn 0.000000 -0.000000 -1.000000
vn 0.000000 -0.000000 -1.000000
vn 0.000000 -0.000000 -1.000000
vn 0.000000 -0.000000 -1.000000
vn 0.000000 -0.000000 -1.000000
vn -1.000000 0.000000 -0.000000
vn -1.000000 0.000000 -0.000000
vn -1.000000 0.000000 -0.000000
vn -1.000000 0.000000 -0.000000
vn -1.000000 0.000000 -0.000000
vn -1.000000 0.000000 -0.000000
vn -1.000000 0.000000 -0.000000
vn -1.000000 0.000000 -0.000000
vn -1.000000 0.000000 -0.000000
vn 1.000000 0.000000 -0.000000
vn 1.000000 0.000000 -0.000000
vn 1.000000 0.000000 -0.000000
vn 1.000000 0.000000 -0.000000
vn 1.000000 0.000000 -0.000000
vn 1.000000 0.000000 -0.000000
vn 1.000000 0.000000 -0.000000
vn 1.000000 0.000000 -0.000000
vn 1.000000 0.000000 -0.000000
vn 0.000000 -1.000000 0.000000
vn 0.000000 -1.000000 0.000000
vn 0.000000 -1.000000 0.000000
vn 0.000000 -1.000000 0.000000
vn 0.000000 -1.000000 0.000000
vn 0.000000 -1.000000 0.000000
vn 0.000000 -1.000000 0.000000
vn 0.000000 -1.000000 0.000000
vn 0.000000 -1.000000 0.000000
vn 1.000000 0.000000 -0.000000
vn 1.000000 0.000000 -0.000000
vn 1.000000 0.000000 -0.000000
vn 1.000000 0.000000 -0.000000
vn 1.000000 0.000000 -0.000000
vn 1.000000 0.000000 -0.000000
vn -1.000000 0.000000 -0.000000
vn -1.000000 0.000000 -0.000000
vn -1.000000 0.000000 -0.000000
vn -1.000000 0.000000 -0.000000
vn -1.000000 0.000000 -0.000000
vn -1.000000 0.000000 -0.000000
vn 0.000000 -1.000000 0.000000
vn 0.000000 -1.000000 0.000000
vn 0.000000 -1.000000 0.000000
vn 0.000000 -1.000000 0.000000
vn 0.000000 -1.000000 0.000000
vn 0.000000 -1.000000 0.000000
vn 0.000000 1.000000 -0.000000
vn 0.000000 1.000000 -0.000000
vn 0.000000 1.000000 -0.000000
vn 0.000000 1.000000 -0.000000
vn 0.000000 1.000000 -0.000000
vn 0.000000 1.000000 -0.000000
vn 0.000000 -1.000000 0.000000
vn 0.000000 -1.000000 0.000000
vn 0.000000 -1.000000 0.000000
vn 0.000000 -1.000000 0.000000
vn 0.000000 -1.000000 0.000000
vn 0.000000 -1.000000 0.000000
vn 0.000000 1.000000 -0.000000
vn 0.000000 1.000000 -0.000000
vn 0.000000 1.000000 -0.000000
vn 0.000000 1.000000 -0.000000
vn 0.000000 1.000000 -0.000000
vn 0.000000 1.000000 -0.000000
vn 0.000000 -1.000000 0.000000
vn 0.000000 -1.000000 0.000000
vn 0.000000 -1.000000 0.000000
vn 0.000000 -1.000000 0.000000
vn 1.000000 0.000000 -0.000000
vn 1.000000 0.000000 -0.000000
vn 1.000000 0.000000 -0.000000
vn 1.000000 0.000000 -0.000000
vn 1.000000 0.000000 -0.000000
vn 1.000000 0.000000 -0.000000
vn -1.000000 0.000000 -0.000000
vn -1.000000 0.000000 -0.000000
vn -1.000000 0.000000 -0.000000
vn -1.000000 0.000000 -0.000000
vn -1.000000 0.000000 -0.000000
vn -1.000000 0.000000 -0.000000
vn 0.000000 -1.000000 0.000000
vn 0.000000 -1.000000 0.000000
vn 0.000000 -1.000000 0.000000
vn 0.000000 -1.000000 0.000000
vn 0.000000 -1.000000 0.000000
vn 0.000000 -1.000000 0.000000
vn 0.000000 1.000000 -0.000000
vn 0.000000 1.000000 -0.000000
vn 0.000000 1.000000 -0.000000
vn 0.000000 1.000000 -0.000000
vn 0.000000 1.000000 -0.000000
vn 0.000000 1.000000 -0.000000
vn 0.000000 0.000000 1.000000
vn 0.000000 0.000000 1.000000
vn 0.000000 0.000000 1.000000
vn 0.000000 0.000000 1.000000
vn 0.000000 0.000000 1.000000
vn 0.000000 0.000000 1.000000
vn 0.000000 0.000000 1.000000
vn 0.000000 0.000000 1.000000
vn 0.000000 0.000000 1.000000
vn 0.000000 0.000000 1.000000
vn 0.000000 -0.000000 -1.000000
vn 0.000000 -0.000000 -1.000000
vn 0.000000 -0.000000 -1.000000
vn 0.000000 -0.000000 -1.000000
vn 0.000000 -0.000000 -1.000000
vn 0.000000 -0.000000 -1.000000
vn 0.000000 -0.000000 -1.000000
vn 0.000000 -0.000000 -1.000000
vn 0.000000 -0.000000 -1.000000
vn 0.000000 -0.000000 -1.000000
vn 0.000000 -0.000000 -1.000000
vn 0.000000 -0.000000 -1.000000
vn 0.000000 -0.000000 -1.000000
vn 0.000000 -0.000000 -1.000000
vn -1.000000 0.000000 -0.000000
vn -1.000000 0.000000 -0.000000
vn -1.000000 0.000000 -0.000000
vn -1.000000 0.000000 -0.000000
vn -1.000000 0.000000 -0.000000
vn -1.000000 0.000000 -0.000000
vn 1.000000 0.000000 -0.000000
vn 1.000000 0.000000 -0.000000
vn 1.000000 0.000000 -0.000000
vn 1.000000 0.000000 -0.000000
vn 1.000000 0.000000 -0.000000
vn 1.000000 0.000000 -0.000000
vn 0.000000 1.000000 -0.000000
vn 0.000000 1.000000 -0.000000
vn 0.000000 1.000000 -0.000000
vn 0.000000 1.000000 -0.000000
vn 0.000000 0.000000 1.000000
vn 0.000000 0.000000 1.000000
vn 0.000000 0.000000 1.000000
vn 0.000000 0.000000 1.000000
vn 0.000000 0.000000 1.000000
vn 0.000000 0.000000 1.000000
vn 0.000000 0.000000 1.000000
vn 0.000000 0.000000 1.000000
vn 0.000000 0.000000 1.000000
vn 0.000000 0.000000 1.000000
vn 0.000000 0.000000 1.000000
vn 0.000000 0.000000 1.000000
vn 0.000000 0.000000 1.000000
vn 0.000000 0.000000 1.000000
vn 0.000000 0.000000 1.000000
vn 0.000000 0.000000 1.000000
vn -1.000000 0.000000 -0.000000
vn -1.000000 0.000000 -0.000000
vn -1.000000 0.000000 -0.000000
vn -1.000000 0.000000 -0.000000
vn 0.000000 1.000000 -0.000000
vn 0.000000 1.000000 -0.000000
vn 0.000000 1.000000 -0.000000
vn 0.000000 1.000000 -0.000000
vn 0.000000 0.000000 1.000000
vn 0.000000 0.000000 1.000000
vn 0.000000 0.000000 1.000000
vn 0.000000 0.000000 1.000000
vn 0.000000 1.000000 -0.000000
vn 0.000000 1.000000 -0.000000
vn 0.000000 1.000000 -0.000000
vn 0.000000 1.000000 -0.000000
vn 0.000000 -1.000000 0.000000
vn 0.000000 -1.000000 0.000000
vn 0.000000 -1.000000 0.000000
vn 0.000000 -1.000000 0.000000
vn 0.000000 0.000000 1.000000
vn 0.000000 0.000000 1.000000
vn 0.000000 0.000000 1.000000
vn 0.000000 0.000000 1.000000
vn 0.000000 0.000000 1.000000
vn 0.000000 0.000000 1.000000
vn 0.000000 0.000000 1.000000
vn 0.000000 0.000000 1.000000
vn 0.000000 1.000000 -0.000000
vn 0.000000 1.000000 -0.000000
vn 0.000000 1.000000 -0.000000
vn 0.000000 1.000000 -0.000000
vn 0.000000 1.000000 -0.000000
vn 0.000000 1.000000 -0.000000
vn 0.000000 1.000000 -0.000000
vn 0.000000 -0.000000 -1.000000
vn 0.000000 -0.000000 -1.000000
vn 0.000000 -0.000000 -1.000000
vn 0.000000 -0.000000 -1.000000
vn 0.000000 -1.000000 0.000000
vn 0.000000 -1.000000 0.000000
vn 0.000000 -1.000000 0.000000
vn 0.000000 -1.000000 0.000000
vn 0.000000 -1.000000 0.000000
vn 0.000000 -1.000000 0.000000
vn 0.000000 -1.000000 0.000000
vn -1.000000 0.000000 -0.000000
vn -1.000000 0.000000 -0.000000
vn -1.000000 0.000000 -0.000000
vn -1.000000 0.000000 -0.000000
vn 1.000000 0.000000 -0.000000
vn 1.000000 0.000000 -0.000000
vn 1.000000 0.000000 -0.000000
vn 1.000000 0.000000 -0.000000
vn 0.000000 -1.000000 0.000000
vn 0.000000 -1.000000 0.000000
vn 0.000000 -1.000000 0.000000
vn 0.000000 -1.000000 0.000000
vn 0.000000 1.000000 -0.000000
vn 0.000000 1.000000 -0.000000
vn 0.000000 1.000000 -0.000000
vn 0.000000 1.000000 -0.000000
vn 0.000000 1.000000 -0.000000
vn 0.000000 1.000000 -0.000000
vn 0.000000 1.000000 -0.000000
vn 0.000000 1.000000 -0.000000
vn 0.000000 -1.000000 0.000000
vn 0.000000 -1.000000 0.000000
vn 0.000000 -1.000000 0.000000
vn 0.000000 -1.000000 0.000000
vn 1.000000 0.000000 -0.000000
vn 1.000000 0.000000 -0.000000
vn 1.000000 0.000000 -0.000000
vn 1.000000 0.000000 -0.000000
vn 0.000000 -1.000000 0.000000
vn 0.000000 -1.000000 0.000000
vn 0.000000 -1.000000 0.000000
vn 0.000000 -1.000000 0.000000
vn 1.000000 0.000000 -0.000000
vn 1.000000 0.000000 -0.000000
vn 1.000000 0.000000 -0.000000
vn 1.000000 0.000000 -0.000000
vn -1.000000 0.000000 -0.000000
vn -1.000000 0.000000 -0.000000
vn -1.000000 0.000000 -0.000000
vn -1.000000 0.000000 -0.000000
vn -1.000000 0.000000 -0.000000
vn -1.000000 0.000000 -0.000000
vn -1.000000 0.000000 -0.000000
vn 1.000000 0.000000 -0.000000
vn 1.000000 0.000000 -0.000000
vn 1.000000 0.000000 -0.000000
vn 1.000000 0.000000 -0.000000
vn 1.000000 0.000000 -0.000000
vn 1.000000 0.000000 -0.000000
vn 1.000000 0.000000 -0.000000
vn 0.000000 -0.000000 -1.000000
vn 0.000000 -0.000000 -1.000000
vn 0.000000 -0.000000 -1.000000
vn 0.000000 -0.000000 -1.000000
vn 0.000000 -0.000000 -1.000000
vn 0.000000 -0.000000 -1.000000
vn 0.000000 -0.000000 -1.000000
vn 0.000000 -0.000000 -1.000000
vn 0.000000 -1.000000 0.000000
vn 0.000000 -1.000000 0.000000
vn 0.000000 -1.000000 0.000000
vn 0.000000 -1.000000 0.000000
vn 1.000000 0.000000 -0.000000
vn 1.000000 0.000000 -0.000000
vn 1.000000 0.000000 -0.000000
vn 1.000000 0.000000 -0.000000
vn -1.000000 0.000000 -0.000000
vn -1.000000 0.000000 -0.000000
vn -1.000000 0.000000 -0.000000
vn -1.000000 0.000000 -0.000000
vn 1.000000 0.000000 -0.000000
vn 1.000000 0.000000 -0.000000
vn 1.000000 0.000000 -0.000000
vn 1.000000 0.000000 -0.000000
vn 0.000000 -0.000000 -1.000000
vn 0.000000 -0.000000 -1.000000
vn 0.000000 -0.000000 -1.000000
vn 0.000000 -0.000000 -1.000000
vn 0.000000 0.000000 1.000000
vn 0.000000 0.000000 1.000000
vn 0.000000 0.000000 1.000000
vn 0.000000 0.000000 1.000000
vn 0.000000 1.000000 -0.000000
vn 0.000000 1.000000 -0.000000
vn 0.000000 1.000000 -0.000000
vn 0.000000 1.000000 -0.000000
vn 1.000000 0.000000 -0.000000
vn 1.000000 0.000000 -0.000000
vn 1.000000 0.000000 -0.000000
vn 1.000000 0.000000 -0.000000
vn -1.000000 0.000000 -0.000000
vn -1.000000 0.000000 -0.000000
vn -1.000000 0.000000 -0.000000
vn -1.000000 0.000000 -0.000000
vn 0.000000 -1.000000 0.000000
vn 0.000000 -1.000000 0.000000
vn 0.000000 -1.000000 0.000000
vn 0.000000 -1.000000 0.000000
vn 0.000000 0.000000 1.000000
vn 0.000000 0.000000 1.000000
vn 0.000000 0.000000 1.000000
vn 0.000000 0.000000 1.000000
vn 0.000000 -0.000000 -1.000000
vn 0.000000 -0.000000 -1.000000
vn 0.000000 -0.000000 -1.000000
vn 0.000000 -0.000000 -1.000000
vn 0.000000 -0.000000 -1.000000
vn 0.000000 -0.000000 -1.000000
vn 0.000000 -0.000000 -1.000000
vn 0.000000 -0.000000 -1.000000
vn 0.000000 1.000000 -0.000000
vn 0.000000 1.000000 -0.000000
vn 0.000000 1.000000 -0.000000
vn 0.000000 1.000000 -0.000000
vn 0.000000 1.000000 -0.000000
vn 0.000000 1.000000 -0.000000
vn 0.000000 1.000000 -0.000000
vn 0.000000 1.000000 -0.000000
vn 1.000000 0.000000 -0.000000
vn 1.000000 0.000000 -0.000000
vn 1.000000 0.000000 -0.000000
vn 1.000000 0.000000 -0.000000
vn 0.000000 0.000000 1.000000
vn 0.000000 0.000000 1.000000
vn 0.000000 0.000000 1.000000
vn 0.000000 0.000000 1.000000
vn -1.000000 0.000000 -0.000000
vn -1.000000 0.000000 -0.000000
vn -1.000000 0.000000 -0.000000
vn -1.000000 0.000000 -0.000000
vn 0.000000 1.000000 -0.000000
vn 0.000000 1.000000 -0.000000
vn 0.000000 1.000000 -0.000000
vn 0.000000 1.000000 -0.000000
vn 0.000000 1.000000 -0.000000
vn 0.000000 1.000000 -0.000000
vn 0.000000 1.000000 -0.000000
vn 0.000000 1.000000 -0.000000
vn 0.000000 1.000000 -0.000000
vn 0.000000 1.000000 -0.000000
vn 0.000000 1.000000 -0.000000
vn 0.000000 1.000000 -0.000000
f 1/1/1 2/2/2 3/3/3
f 4/4/4 5/5/5 6/6/6
f 7/7/7 8/8/8 9/9/9
f 10/10/10 11/11/11 12/12/12
f 13/13/13 14/14/14 15/15/15
f 16/16/16 17/17/17 18/18/18
f 19/19/19 20/20/20 21/21/21
f 22/22/22 23/23/23 24/24/24
f 25/25/25 26/26/26 27/27/27
f 28/28/28 29/29/29 30/30/30
f 31/31/31 32/32/32 33/33/33
f 34/34/34 35/35/35 36/36/36
f 37/37/37 38/38/38 39/39/39
f 40/40/40 41/41/41 42/42/42
f 43/43/43 44/44/44 45/45/45
f 46/46/46 47/47/47 48/48/48
f 49/49/49 50/50/50 51/51/51
f 52/52/52 53/53/53 54/54/54
f 55/55/55 56/56/56 57/57/57
f 58/58/58 59/59/59 60/60/60
f 61/61/61 62/62/62 63/63/63
f 64/64/64 65/65/65 66/66/66
f 67/67/67 68/68/68 69/69/69
f 70/70/70 71/71/71 72/72/72
f 73/73/73 74/74/74 75/75/75
f 76/76/76 77/77/77 78/78/78
f 79/79/79 80/80/80 81/81/81
f 82/82/82 83/83/83 84/84/84
f 85/85/85 86/86/86 87/87/87
f 88/88/88 89/89/89 90/90/90
f 91/91/91 92/92/92 93/93/93
f 94/94/94 95/95/95 96/96/96
f 97/97/97 98/98/98 99/99/99
f 100/100/100 101/101/101 102/102/102
f 103/103/103 104/104/104 105/105/105
f 106/106/106 107/107/107 108/108/108
f 109/109/109 110/110/110 111/111/111
f 112/112/112 113/113/113 114/114/114
f 115/115/115 116/116/116 117/117/117
f 118/118/118 119/119/119 120/120/120
f 121/121/121 122/122/122 123/123/123
f 124/124/124 125/125/125 126/126/126
f 127/127/127 128/128/128 129/129/129
f 130/130/130 131/131/131 132/132/132
f 133/133/133 134/134/134 135/135/135
f 136/136/136 137/137/137 138/138/138
f 137/137/137 139/139/139 140/140/140
f 137/137/137 140/140/140 141/141/141
f 142/142/142 143/143/143 144/144/144
f 145/145/145 146/146/146 147/147/147
f 148/148/148 149/149/149 150/150/150
f 151/151/151 152/152/152 148/148/148
f 153/153/153 154/154/154 155/155/155
f 156/156/156 157/157/157 158/158/158
f 159/159/159 160/160/160 161/161/161
f 162/162/162 163/163/163 164/164/164
f 165/165/165 166/166/166 167/167/167
f 168/168/168 169/169/169 170/170/170
f 171/171/171 172/172/172 173/173/173
f 174/174/174 175/175/175 176/176/176
f 177/177/177 178/178/178 179/179/179
f 178/178/178 180/180/180 181/181/181
f 182/182/182 183/183/183 184/184/184
f 185/185/185 186/186/186 187/187/187
f 188/188/188 189/189/189 190/190/190
f 191/191/191 192/192/192 193/193/193
f 194/194/194 195/195/195 196/196/196
f 194/194/194 197/197/197 198/198/198
f 199/199/199 200/200/200 201/201/201
f 202/202/202 203/203/203 204/204/204
f 203/203/203 205/205/205 206/206/206
f 207/207/207 208/208/208 205/205/205
f 209/209/209 210/210/210 211/211/211
f 212/212/212 213/213/213 214/214/214
f 215/215/215 216/216/216 217/217/217
f 218/218/218 219/219/219 220/220/220
f 218/218/218 221/221/221 222/222/222
f 223/223/223 224/224/224 225/225/225
f 226/226/226 225/225/225 227/227/227
f 228/228/228 229/229/229 230/230/230
f 231/231/231 232/232/232 233/233/233
f 234/234/234 235/235/235 236/236/236
f 237/237/237 238/238/238 239/239/239
f 240/240/240 241/241/241 242/242/242
f 243/243/243 244/244/244 245/245/245
f 246/246/246 247/247/247 248/248/248
f 249/249/249 250/250/250 251/251/251
f 252/252/252 253/253/253 254/254/254
f 255/255/255 254/254/254 256/256/256
f 257/257/257 258/258/258 259/259/259
f 260/260/260 261/261/261 262/262/262
f 263/263/263 264/264/264 265/265/265
f 266/266/266 267/267/267 268/268/268
f 269/269/269 270/270/270 271/271/271
f 272/272/272 273/273/273 274/274/274
f 275/275/275 276/276/276 277/277/277
f 278/278/278 279/279/279 280/280/280
f 281/281/281 282/282/282 283/283/283
f 284/284/284 285/285/285 286/286/286
f 287/287/287 288/288/288 289/289/289
f 290/290/290 291/291/291 292/292/292
f 293/293/293 294/294/294 295/295/295
f 296/296/296 297/297/297 298/298/298
f 299/299/299 300/300/300 301/301/301
f 302/302/302 303/303/303 304/304/304
f 305/305/305 306/306/306 307/307/307
f 308/308/308 309/309/309 310/310/310
f 311/311/311 312/312/312 313/313/313
f 314/314/314 315/315/315 316/316/316
f 317/317/317 318/318/318 319/319/319
f 320/320/320 321/321/321 322/322/322
f 323/323/323 324/324/324 325/325/325
f 326/326/326 327/327/327 328/328/328
f 329/329/329 330/330/330 331/331/331
f 332/332/332 333/333/333 334/334/334
f 335/335/335 336/336/336 337/337/337
f 338/338/338 339/339/339 340/340/340
f 341/341/341 342/342/342 343/343/343
f 341/341/341 343/343/343 344/344/344
f 345/345/345 346/346/346 347/347/347
f 345/345/345 347/347/347 348/348/348
f 349/349/349 350/350/350 351/351/351
f 349/349/349 351/351/351 352/352/352
f 353/353/353 354/354/354 355/355/355
f 353/353/353 355/355/355 356/356/356
f 357/357/357 358/358/358 359/359/359
f 357/357/357 359/359/359 360/360/360
f 361/361/361 362/362/362 363/363/363
f 361/361/361 363/363/363 364/364/364
f 365/365/365 366/366/366 367/367/367
f 365/365/365 367/367/367 368/368/368
f 369/369/369 370/370/370 371/371/371
f 369/369/369 371/371/371 372/372/372
f 373/373/373 374/374/374 375/375/375
f 373/373/373 375/375/375 376/376/376
f 377/377/377 378/378/378 379/379/379
f 377/377/377 379/379/379 380/380/380
f 381/381/381 382/382/382 383/383/383
f 381/381/381 383/383/383 384/384/384
f 385/385/385 386/386/386 387/387/387
f 385/385/385 387/387/387 388/388/388
f 389/389/389 390/390/390 391/391/391
f 389/389/389 391/391/391 392/392/392
f 393/393/393 394/394/394 395/395/395
f 393/393/393 395/395/395 396/396/396
f 397/397/397 398/398/398 399/399/399
f 397/397/397 399/399/399 400/400/400
f 401/401/401 402/402/402 403/403/403
f 401/401/401 403/403/403 404/404/404
f 405/405/405 406/406/406 407/407/407
f 406/406/406 408/408/408 409/409/409
f 406/406/406 409/409/409 410/410/410
f 411/411/411 412/412/412 407/407/407
f 411/411/411 413/413/413 412/412/412
f 414/414/414 415/415/415 416/416/416
f 415/415/415 417/417/417 418/418/418
f 415/415/415 418/418/418 419/419/419
f 420/420/420 421/421/421 416/416/416
f 420/420/420 422/422/422 421/421/421
f 423/423/423 424/424/424 425/425/425
f 424/424/424 426/426/426 427/427/427
f 424/424/424 427/427/427 428/428/428
f 429/429/429 430/430/430 425/425/425
f 429/429/429 431/431/431 430/430/430
f 432/432/432 433/433/433 434/434/434
f 432/432/432 435/435/435 433/433/433
f 435/435/435 436/436/436 433/433/433
f 435/435/435 437/437/437 436/436/436
f 438/438/438 439/439/439 440/440/440
f 438/438/438 440/440/440 441/441/441
f 442/442/442 438/438/438 441/441/441
f 442/442/442 441/441/441 443/443/443
f 444/444/444 445/445/445 446/446/446
f 444/444/444 446/446/446 447/447/447
f 446/446/446 448/448/448 447/447/447
f 446/446/446 449/449/449 448/448/448
f 450/450/450 451/451/451 452/452/452
f 450/450/450 453/453/453 451/451/451
f 450/450/450 454/454/454 453/453/453
f 450/450/450 455/455/455 454/454/454
f 456/456/456 457/457/457 458/458/458
f 456/456/456 459/459/459 457/457/457
f 459/459/459 460/460/460 457/457/457
f 459/459/459 461/461/461 460/460/460
f 462/462/462 463/463/463 464/464/464
f 462/462/462 465/465/465 463/463/463
f 465/465/465 466/466/466 463/463/463
f 465/465/465 467/467/467 466/466/466
f 468/468/468 469/469/469 470/470/470
f 468/468/468 470/470/470 471/471/471
f 472/472/472 473/473/473 474/474/474
f 472/472/472 474/474/474 475/475/475
f 474/474/474 476/476/476 475/475/475
f 474/474/474 477/477/477 476/476/476
f 478/478/478 479/479/479 480/480/480
f 478/478/478 481/481/481 479/479/479
f 478/478/478 482/482/482 481/481/481
f 478/478/478 483/483/483 482/482/482
f 484/484/484 485/485/485 486/486/486
f 484/484/484 487/487/487 485/485/485
f 484/484/484 488/488/488 487/487/487
f 484/484/484 489/489/489 488/488/488
f 490/490/490 491/491/491 492/492/492
f 490/490/490 492/492/492 493/493/493
f 492/492/492 494/494/494 493/493/493
f 492/492/492 495/495/495 494/494/494
f 496/496/496 497/497/497 498/498/498
f 496/496/496 498/498/498 499/499/499
f 496/496/496 499/499/499 500/500/500
f 496/496/496 500/500/500 501/501/501
f 500/500/500 502/502/502 501/501/501
f 500/500/500 503/503/503 502/502/502
f 499/499/499 504/504/504 500/500/500
f 499/499/499 505/505/505 504/504/504
f 506/506/506 507/507/507 508/508/508
f 506/506/506 508/508/508 509/509/509
f 510/510/510 511/511/511 506/506/506
f 510/510/510 512/512/512 511/511/511
f 513/513/513 514/514/514 510/510/510
f 513/513/513 515/515/515 514/514/514
f 516/516/516 517/517/517 518/518/518
f 516/516/516 518/518/518 519/519/519
f 520/520/520 521/521/521 522/522/522
f 520/520/520 522/522/522 523/523/523
f 522/522/522 524/524/524 523/523/523
f 522/522/522 525/525/525 524/524/524
f 526/526/526 527/527/527 528/528/528
f 526/526/526 529/529/529 527/527/527
f 526/526/526 530/530/530 529/529/529
f 526/526/526 531/531/531 530/530/530
f 532/532/532 533/533/533 534/534/534
f 532/532/532 534/534/534 535/535/535
f 536/536/536 537/537/537 538/538/538
f 536/536/536 538/538/538 539/539/539
f 540/540/540 541/541/541 542/542/542
f 540/540/540 542/542/542 543/543/543
f 544/544/544 545/545/545 546/546/546
f 544/544/544 546/546/546 547/547/547
f 548/548/548 549/549/549 550/550/550
f 548/548/548 550/550/550 551/551/551
f 552/552/552 553/553/553 554/554/554
f 552/552/552 554/554/554 555/555/555
f 556/556/556 557/557/557 558/558/558
f 556/556/556 558/558/558 559/559/559
f 560/560/560 561/561/561 562/562/562
f 560/560/560 562/562/562 563/563/563
f 564/564/564 565/565/565 566/566/566
f 564/564/564 566/566/566 567/567/567
f 568/568/568 569/569/569 570/570/570
f 568/568/568 570/570/570 571/571/571
f 572/572/572 573/573/573 574/574/574
f 572/572/572 574/574/574 575/575/575
f 576/576/576 577/577/577 578/578/578
f 576/576/576 578/578/578 579/579/579
f 580/580/580 581/581/581 582/582/582
f 580/580/580 583/583/583 581/581/581
f 583/583/583 584/584/584 585/585/585
f 583/583/583 585/585/585 586/586/586
f 587/587/587 588/588/588 589/589/589
f 587/587/587 589/589/589 590/590/590
f 591/591/591 592/592/592 593/593/593
f 591/591/591 593/593/593 594/594/594
f 595/595/595 596/596/596 593/593/593
f 595/595/595 597/597/597 596/596/596
f 598/598/598 599/599/599 600/600/600
f 598/598/598 600/600/600 601/601/601
f 602/602/602 603/603/603 604/604/604
f 602/602/602 604/604/604 605/605/605
f 606/606/606 607/607/607 608/608/608
f 606/606/606 608/608/608 609/609/609
f 610/610/610 611/611/611 612/612/612
f 610/610/610 612/612/612 613/613/613
f 614/614/614 615/615/615 616/616/616
f 614/614/614 616/616/616 617/617/617
f 618/618/618 619/619/619 620/620/620
f 618/618/618 620/620/620 621/621/621
f 622/622/622 623/623/623 624/624/624
f 622/622/622 624/624/624 625/625/625
f 626/626/626 627/627/627 628/628/628
f 626/626/626 628/628/628 629/629/629
f 630/630/630 631/631/631 632/632/632
f 630/630/630 632/632/632 633/633/633
f 634/634/634 635/635/635 636/636/636
f 634/634/634 637/637/637 635/635/635
f 637/637/637 638/638/638 639/639/639
f 637/637/637 639/639/639 640/640/640
f 641/641/641 642/642/642 643/643/643
f 641/641/641 643/643/643 644/644/644
f 645/645/645 646/646/646 643/643/643
f 645/645/645 647/647/647 646/646/646
f 648/648/648 649/649/649 650/650/650
f 648/648/648 650/650/650 651/651/651
f 652/652/652 653/653/653 654/654/654
f 652/652/652 654/654/654 655/655/655
f 656/656/656 657/657/657 658/658/658
f 656/656/656 658/658/658 659/659/659
f 660/660/660 661/661/661 662/662/662
f 660/660/660 662/662/662 663/663/663
f 664/664/664 665/665/665 666/666/666
f 664/664/664 666/666/666 667/667/667
f 668/668/668 669/669/669 670/670/670
f 668/668/668 670/670/670 671/671/671
f 672/672/672 673/673/673 674/674/674
f 672/672/672 674/674/674 675/675/675
f 676/676/676 677/677/677 678/678/678
f 676/676/676 678/678/678 679/679/679
f 680/680/680 681/681/681 682/682/682
f 680/680/680 682/682/682 683/683/683
f 684/684/684 685/685/685 686/686/686
f 684/684/684 686/686/686 687/687/687
f 688/688/688 689/689/689 690/690/690
f 688/688/688 690/690/690 691/691/691
f 692/692/692 693/693/693 694/694/694
f 692/692/692 694/694/694 695/695/695
f 696/696/696 697/697/697 698/698/698
f 696/696/696 698/698/698 699/699/699
f 700/700/700 701/701/701 702/702/702
f 700/700/700 702/702/702 703/703/703
f 704/704/704 705/705/705 706/706/706
f 704/704/704 706/706/706 707/707/707
f 708/708/708 709/709/709 710/710/710
f 708/708/708 710/710/710 711/711/711
f 712/712/712 713/713/713 714/714/714
f 712/712/712 714/714/714 715/715/715
f 716/716/716 717/717/717 718/718/718
f 716/716/716 718/718/718 719/719/719
f 720/720/720 721/721/721 722/722/722
f 720/720/720 722/722/722 723/723/723
f 724/724/724 725/725/725 726/726/726
f 724/724/724 726/726/726 727/727/727
f 728/728/728 729/729/729 730/730/730
f 728/728/728 730/730/730 731/731/731
f 732/732/732 733/733/733 734/734/734
f 732/732/732 734/734/734 735/735/735
f 736/736/736 737/737/737 738/738/738
f 736/736/736 738/738/738 739/739/739
