a0ddd7cf2a65488598ed45645340ae6b -80.986 34.255 -152.490 270.000 0.000 0.000 1.000 1.000 1.000
3224fd5cdab5428fa3cc8d432c9f5d37 -45.564 21.901 -165.947 286.117 65.382 27.851 1.000 1.000 1.000
a0ddd7cf2a65488598ed45645340ae6b -80.986 34.255 -188.490 270.000 0.000 0.000 1.000 1.000 1.000
c25d99c104944905a3bfbbf94c262e48 -46.914 25.343 -131.177 287.877 89.790 274.607 0.860 0.860 0.860
c25d99c104944905a3bfbbf94c262e48 -49.834 26.287 -133.311 287.877 89.790 184.607 0.860 0.860 0.860
c25d99c104944905a3bfbbf94c262e48 -50.291 27.569 -144.053 287.877 89.790 184.607 0.860 0.860 0.860
c25d99c104944905a3bfbbf94c262e48 -50.258 29.843 -166.553 270.000 87.989 0.000 1.000 1.000 1.000
aa7fd5bc5e634a0c846770a28ff6cd65 -43.233 19.959 -142.821 285.210 89.755 180.000 1.000 1.000 1.000
d010fb4c4feb4f8fab81f1a5695617ba -42.583 23.578 -142.394 283.844 125.195 112.908 1.000 1.000 1.000
a0ddd7cf2a65488598ed45645340ae6b -8.986 34.255 -80.490 270.000 0.000 0.000 1.000 1.000 1.000
a0ddd7cf2a65488598ed45645340ae6b -44.986 34.255 -80.490 270.000 0.000 0.000 1.000 1.000 1.000
a0ddd7cf2a65488598ed45645340ae6b -116.986 34.255 -80.490 270.000 0.000 0.000 1.000 1.000 1.000
a0ddd7cf2a65488598ed45645340ae6b -80.986 34.255 -80.490 270.000 0.000 0.000 1.000 1.000 1.000
a0ddd7cf2a65488598ed45645340ae6b -80.986 34.255 -116.490 270.000 0.000 0.000 1.000 1.000 1.000
717ae274519f4f4fa760e6fbf4a3614b -23.343 25.692 -121.338 270.000 0.000 0.000 1.000 1.000 1.000
bca7ab61ae6046aeb5bcc4832202a29a -22.249 25.589 -120.155 -0.000 90.000 270.000 1.000 1.000 1.000
bca7ab61ae6046aeb5bcc4832202a29a -22.227 25.589 -121.455 -0.000 90.000 270.000 1.000 1.000 1.000
bca7ab61ae6046aeb5bcc4832202a29a -22.226 25.589 -122.527 -0.000 90.000 270.000 1.000 1.000 1.000
bca7ab61ae6046aeb5bcc4832202a29a -24.550 25.589 -122.407 -0.000 90.000 270.000 1.000 1.000 1.000
bca7ab61ae6046aeb5bcc4832202a29a -24.560 25.589 -121.287 -0.000 90.000 270.000 1.000 1.000 1.000
bca7ab61ae6046aeb5bcc4832202a29a -24.555 25.589 -120.127 -0.000 90.000 270.000 1.000 1.000 1.000
bca7ab61ae6046aeb5bcc4832202a29a -22.496 25.589 -118.109 0.000 127.605 270.000 1.000 1.000 1.000
bca7ab61ae6046aeb5bcc4832202a29a -21.720 25.589 -117.066 0.000 127.605 270.000 1.000 1.000 1.000
bca7ab61ae6046aeb5bcc4832202a29a -23.150 25.589 -118.959 0.000 127.605 270.000 1.000 1.000 1.000
717ae274519f4f4fa760e6fbf4a3614b -23.309 25.692 -117.336 270.000 37.605 0.000 1.000 1.000 1.000
bca7ab61ae6046aeb5bcc4832202a29a -24.917 25.589 -117.446 0.000 127.605 270.000 1.000 1.000 1.000
bca7ab61ae6046aeb5bcc4832202a29a -24.242 25.589 -116.552 0.000 127.605 270.000 1.000 1.000 1.000
bca7ab61ae6046aeb5bcc4832202a29a -23.529 25.589 -115.637 0.000 127.605 270.000 1.000 1.000 1.000
bca7ab61ae6046aeb5bcc4832202a29a -18.235 25.589 -116.113 -0.000 77.524 270.000 1.000 1.000 1.000
bca7ab61ae6046aeb5bcc4832202a29a -18.538 25.589 -114.848 -0.000 77.524 270.000 1.000 1.000 1.000
bca7ab61ae6046aeb5bcc4832202a29a -18.003 25.589 -117.160 -0.000 77.524 270.000 1.000 1.000 1.000
717ae274519f4f4fa760e6fbf4a3614b -19.350 25.692 -116.240 270.000 347.524 0.000 1.000 1.000 1.000
bca7ab61ae6046aeb5bcc4832202a29a -20.298 25.589 -117.544 -0.000 77.524 270.000 1.000 1.000 1.000
bca7ab61ae6046aeb5bcc4832202a29a -20.549 25.589 -116.453 -0.000 77.524 270.000 1.000 1.000 1.000
bca7ab61ae6046aeb5bcc4832202a29a -20.795 25.589 -115.319 -0.000 77.524 270.000 1.000 1.000 1.000
f1aa59d473a94684b66a1f97c5bea4c0 -19.414 25.169 -121.846 270.000 0.000 0.000 1.000 1.000 1.000
05cbb5eefeef4ea1894d3c3516165500 29.357 28.670 -150.211 281.187 170.919 194.896 1.000 1.000 1.000
a0ddd7cf2a65488598ed45645340ae6b 27.014 34.255 -80.490 270.000 0.000 0.000 1.000 1.000 1.000
a0ddd7cf2a65488598ed45645340ae6b 63.014 34.255 -80.490 270.000 0.000 0.000 1.000 1.000 1.000
a0ddd7cf2a65488598ed45645340ae6b 27.014 34.255 -116.490 270.000 0.000 0.000 1.000 1.000 1.000
