046f861d4b364bf089aa90aca2dc8d53 200 300 0 0
06e05b48841846e2858292642590c8e7 50 300 0 0
0fcf5364097e4a199d419a9cf2a60dd7 25 60 0 0
109490c43e274d07ba8a4778d89bf50f 100 60 0 0
113bcf43c0f0470b8fe47217bbbe55ad 275 300 0 0
11b9c9f7f51a4e528838bbab826912fd 275 300 0 0
156a673581474f6aa368ff6e08b8f25a 50 60 0 0
19072bb67529409d8d32d10a0cc8fba8 100 300 0 0
191e013d4c264ca9958e06aadcc4c3d6 100 300 0 0
19ff8f2c79eb4b5a8d09ac8396ea8146 1 60 0 0
1ae76dd19f2e4f9aa38e26028196550f 50 60 0 0
1c45b10c4b414989ae1bd815ac7e7e35 1 900 0 0
205a8cc33c9849c9bd65790403d0753d 275 300 0 0
25f82f8261264d5eb12f99d80bbe2d89 50 300 0 0
28c973094ebf4bcd8b669465052c841f 275 300 0 0
29594d1b41d94dae8d6e85c4bfd391fd 200 300 0 0
29ea162548484889be12ecd51bf6294c 1 60 0 0
2c7cff9158b445b2a7ac437a3ac38806 1 60 0 0
2d1daa0412b94503aa57a5b422187d48 25 60 0 0
2e1249333ada4c63aef6fbb6b4835add 50 300 0 0
2e698a7b85e94c019b3f91ec8796a961 1 60 0 0
32d869a19d90495790277a94502c5aba 1 60 0 0
34af62084fc3401eb960900aa3a759c8 50 300 0 0
366521728ff44c17a184f991a4c9cc27 1 60 0 0
38a6b83fc88542f0bdef58d75bb674b3 200 300 0 0
39ec99b8e13d4a259fafc7ba2d3abb2c 50 60 0 0
3df136f3d13c430981ca630f11e043f4 1 900 0 0
40921a1a3cd742f69cc25cc25b856572 275 300 0 0
42229938f39b4ccd9f0228c4d0ef972c 275 300 0 0
449513fcccb0441abbc8ac47ca0e4440 1 60 0 0
4925ee9047d846eea13fe2ffd91d34a3 275 300 0 0
4baed435a05c4054af264c6367134f7c 1 120 0 0
4f2244b2de3c4af1bf8ca336b92172c6 1 60 0 0
52d575ae564f46649523c98875130784 1 60 0 0
5424f370683f4372bd975c26088a8ce5 1 300 0 0
54ce5b19a2564000bd0227e9a51410a0 1 60 0 0
579a96c41b3d4175aa984902d5ab368f 1 60 0 0
584641f35e8540ec85ed88f3aca40622 50 60 0 0
5f56c3fa62254a5eab04750d1738bae9 1 60 0 0
5feb0d40c34d4117912b4df420bea1b7 50 60 0 0
6123b0bb5c3a409bb38ad2c2abab8dbb 200 300 0 0
61b260059a16486da1cd434cf7f2a88f 275 300 0 0
61e43d05791d4269b626de9bedbf0a03 75 300 0 0
65906f4174724825849478b60ecc348a 1 60 0 0
6b1dc75a2d88411bbc3af6843e71db02 1 60 0 0
6b4d591370dc4173bf2f510aa2bb2177 25 60 0 0
6ca29393aa7241348bf098dc4fbd7d18 50 300 0 0
6ca718d67ffc40f78f0a1ba4bbc1c403 1 60 0 0
6ce99109b6e94ddeb5ef925a2de6730a 25 60 0 0
6d881d394b3746039805adbdbf2b33a4 50 60 0 0
6fb78536e8cb4b01b6050a2efb3d912c 25 60 0 0
7073c16e16c745d9bd5bf26e0d03d257 100 300 0 0
7083821c8aa64afa83553433c7c88c5a 1 120 0 0
70a1a85305a54009890ad292cd31b4ba 275 300 0 0
72c01d8385f04c7aafa844e41cae0fea 50 300 0 0
734aa6d8bb7642618c4b3522de821ee4 275 300 0 0
76744b70db354aecb685e81b4d73698f 1 60 0 0
81698500116d48798141d66e6571a83e 1 900 0 0
84b3a672bc0643d1b12b2b345a88ba46 1 60 0 0
8548fc360c554b399e98cde4d40eca5d 1 60 0 0
8631144673b34a89af1e6f7160591892 275 300 0 0
8712392ad0304c38b90061d908cbb293 25 60 0 0
8a0737eef5db44708799852ddd621f4e 50 300 0 0
8c05d039f62a4e40a3e448fcaeb31efd 1 60 0 0
8cce7d8e2fe049a3ac027dba08ce3102 100 300 0 0
91c7b343d13446faba663d2f63e03276 1 60 0 0
9215cb84c2a942d084fa1dffa0031949 50 60 0 0
92e2c47121f8428fa5c1f71bc931d36b 1 900 0 0
98e78ae063ac4fb3bc382a03e437260d 25 60 0 0
99662274a5d645f9bd210808c47a7dd0 50 300 0 0
99c4048f91634e45986add0a89ffc2df 200 300 0 0
9bce22473d334aefad8864f0bc8447cb 200 300 0 0
a19b3ec55a2046668611c9d2775efd99 75 300 0 0
a31640c238084120a4cc7dce956cb7eb 275 300 0 0
aa5713bdfae44bacbc36979248e25128 1 60 0 0
b06ca473809a47a1bb47e72bedd0e421 25 60 0 0
b2ff709de7a54b09a11a1b3b344e88e5 275 300 0 0
b47dac645f894c2cb88324f72ac8c124 50 60 0 0
b489a8a63fca4d179fd315cbae8b6ed7 25 60 0 0
b5e4a1bbcf854ad59dc1dde9b86a6f07 1 900 0 0
bbcbfe4cf06a4c1c92b8184eb409076f 200 300 0 0
bc4b9a034fe04c669285becc489d01a0 275 300 0 0
bd9dc86e90ee4731a1f7dbad653388c7 50 60 0 0
be02c0e774714f2a963e8d6ee54bbabf 1 60 0 0
becc624cee1a4845808af80472ee9310 25 60 0 0
c09e13f5e43647e79692469b5a9ed4ed 50 60 0 0
c3231627118d41d3b6fc4032edb79c46 1 60 0 0
c4b95fda5cba426a8a20b8f80d2427c8 150 300 0 0
cb6965c6613f4d42a5dc6dcf2ef17e2d 1 60 0 0
ce264dcdeaa84df7b767a8384e5be66c 1 60 0 0
ce6db4c70aee4e59afa82271d2aca431 1 60 0 0
cf45d6da9d6a4e129da721948b0b3a8a 1 60 0 0
d24d5180464b4894933d5ce922dc932e 100 300 0 0
d324c061c47f492795ee723c4ec6900e 1 60 0 0
d9b2708a3f10443aa6f25ebd5b1c9056 1 60 0 0
daa453b1ed27491ea396a67fb2c0503f 1 60 0 0
e63c261e7b3742dc9778820c11ef7760 1 300 0 0
e7607b6f68054e1f9d898dd800b9c8d5 275 300 0 0
eec9aa3ae5a44c75b764a72327f0df85 50 60 0 0
f16f2c63e5e1484ab4125af2535e5d6d 25 60 0 0
f821ad54240043be8a6b3280a142bee4 25 60 0 0
