g Model_0
v 1.230948 1.875001 2.250005
v 1.230958 1.875000 0.000005
v 1.230958 2.125000 0.000005
v 1.230948 1.875001 2.250005
v 1.230958 2.125000 0.000005
v 1.230948 2.125001 2.250005
v -1.230958 1.875000 -0.000006
v -1.230968 1.875001 2.249994
v -1.230968 2.125001 2.249994
v -1.230958 1.875000 -0.000006
v -1.230968 2.125001 2.249994
v -1.230958 2.125000 -0.000006
v -0.980956 0.125000 -0.500004
v 0.980960 0.125000 -0.499996
v 0.980960 1.025000 -0.499996
v -0.980956 0.125000 -0.500004
v 0.980960 1.025000 -0.499996
v -0.980956 1.025000 -0.500005
v -0.980956 1.025000 -0.500005
v 0.980960 1.025000 -0.499996
v 0.980960 1.875000 -0.499996
v -0.980956 1.025000 -0.500005
v 0.980960 1.875000 -0.499996
v -0.980956 1.875000 -0.500005
v 1.280961 1.350000 -0.549995
v 1.280961 0.950000 -0.549995
v 1.180960 0.950000 -0.549995
v 1.280961 1.350000 -0.549995
v 1.180960 1.350000 -0.549995
v 1.180955 1.350000 0.650005
v 1.180955 0.950000 0.650005
v 1.280955 0.950000 0.650006
v 1.280955 0.950000 0.650006
v 1.280955 1.350000 0.650005
v 1.280959 0.950000 -0.149995
v 1.280961 0.950000 -0.549995
v 1.280961 1.350000 -0.549995
v 1.280961 1.350000 -0.549995
v 1.280959 1.350000 -0.149995
v 1.280957 1.350000 0.250005
v 1.280957 0.950000 0.250006
v 1.280955 0.950000 0.650006
v 1.280955 1.350000 0.650005
v 1.280955 0.950000 0.650006
v -1.280956 1.350000 -0.550006
v -1.180956 1.350000 -0.550005
v -1.180956 0.950000 -0.550005
v -1.280956 1.350000 -0.550006
v -1.280956 0.950000 -0.550006
v -1.180961 1.350000 0.649995
v -1.280961 1.350000 0.649994
v -1.280961 0.950000 0.649994
v -1.280961 0.950000 0.649994
v -1.180961 0.950000 0.649995
v -1.280958 0.950000 -0.150006
v -1.280956 1.350000 -0.550006
v -1.280956 0.950000 -0.550006
v -1.280958 1.350000 -0.150006
v -1.280956 1.350000 -0.550006
v -1.280960 1.350000 0.249994
v -1.280960 0.950000 0.249994
v -1.280961 0.950000 0.649994
v -1.280961 0.950000 0.649994
v -1.280961 1.350000 0.649994
v 0.980958 2.125000 0.000004
v 0.980948 2.125001 2.250004
v 1.230948 2.125001 2.250005
v 1.230958 2.125000 0.000005
v 1.230966 2.125000 -2.006612
v 1.230968 1.875000 -2.318596
v 1.230968 2.125000 -2.256612
v 1.230967 1.875000 -2.068596
v 1.230961 2.125000 -0.749995
v 1.230969 1.024999 -2.499995
v 1.230961 1.875000 -0.749995
v 1.230960 2.125000 -0.499995
v 1.230960 1.875000 -0.499995
v 1.230958 2.125000 0.000005
v 1.230958 1.875000 0.000005
v 1.230968 1.025000 -2.249995
v 1.230969 0.124999 -2.499995
v 1.230968 0.124999 -2.249995
v 1.230961 1.025000 -0.749995
v 1.230969 -0.125001 -2.499995
v 1.230968 -0.125001 -2.249995
v 1.230961 0.125000 -0.749995
v 1.230961 -0.125000 -0.749995
v 1.230960 0.125000 -0.499995
v 1.230960 -0.125000 -0.499995
v 1.230958 0.125000 0.000005
v 1.230958 -0.125000 0.000005
v 1.230948 0.125001 2.250005
v 1.230948 -0.124999 2.250005
v -0.980948 2.124999 -2.256621
v -1.230948 1.874999 -2.318607
v -1.230948 2.124999 -2.256622
v -0.980948 1.874999 -2.318606
v 0.980967 2.125000 -2.256613
v -1.230947 1.024999 -2.500006
v 0.980968 1.875000 -2.318597
v 1.230968 2.125000 -2.256612
v 1.230968 1.875000 -2.318596
v -0.980947 1.024999 -2.500005
v 0.980969 1.024999 -2.499996
v -1.230947 0.124999 -2.500006
v 1.230969 1.024999 -2.499995
v -0.980947 0.124999 -2.500004
v -1.230947 -0.125001 -2.500005
v -0.980947 -0.125001 -2.500004
v 0.980969 0.124999 -2.499996
v 1.230969 0.124999 -2.499995
v 0.980969 -0.125001 -2.499996
v 1.230969 -0.125001 -2.499995
v -1.230947 0.124999 -2.500006
v -1.230947 -0.125001 -2.500005
v -1.230948 -0.125001 -2.250005
v -1.230948 0.124999 -2.250005
v -1.230947 1.024999 -2.500006
v -1.230955 -0.125000 -0.750005
v -1.230948 1.024999 -2.250006
v -1.230948 1.874999 -2.318607
v -1.230955 0.125000 -0.750005
v -1.230956 -0.125000 -0.500005
v -1.230949 1.874999 -2.068607
v -1.230948 2.124999 -2.256622
v -1.230950 2.124999 -2.006622
v -1.230955 1.875000 -0.750006
v -1.230955 1.025000 -0.750006
v -1.230955 2.125000 -0.750006
v -1.230956 0.125000 -0.500005
v -1.230958 -0.125000 -0.000005
v -1.230956 1.875000 -0.500006
v -1.230956 2.125000 -0.500006
v -1.230956 1.025000 -0.500006
v -1.230958 0.125000 -0.000005
v -1.230968 -0.124999 2.249995
v -1.230968 0.125001 2.249995
v -1.230958 1.025000 -0.000006
v -1.230958 1.875000 -0.000006
v -1.230958 2.125000 -0.000006
v -1.230969 0.125001 2.499995
v -1.230969 -0.124999 2.499995
v -0.980969 -0.124999 2.499996
v -0.980969 0.125001 2.499996
v -1.230969 1.025001 2.499995
v 0.980947 -0.124999 2.500004
v -0.980969 1.025001 2.499996
v -1.230969 1.875001 2.499994
v 0.980947 0.125001 2.500004
v 1.230947 -0.124999 2.500006
v 1.230947 0.125001 2.500005
v 0.980947 1.025001 2.500004
v 1.230947 1.025001 2.500005
v -0.980969 1.875001 2.499995
v -1.230969 2.125001 2.499994
v -0.980969 2.125001 2.499995
v 0.980947 1.875001 2.500004
v 1.230947 1.875001 2.500005
v 0.980947 2.125001 2.500004
v 1.230947 2.125001 2.500005
v -1.230950 2.124999 -2.006622
v -0.980948 2.124999 -2.256621
v -1.230948 2.124999 -2.256622
v -0.980950 2.124999 -2.006621
v -1.230955 2.125000 -0.750006
v 0.980967 2.125000 -2.256613
v -0.980955 2.125000 -0.750005
v -1.230956 2.125000 -0.500006
v 0.980966 2.125000 -2.006613
v 1.230968 2.125000 -2.256612
v 1.230966 2.125000 -2.006612
v 0.980961 2.125000 -0.749996
v 1.230961 2.125000 -0.749995
v -0.980956 2.125000 -0.500005
v -1.230958 2.125000 -0.000006
v -0.980958 2.125000 -0.000005
v 0.980960 2.125000 -0.499996
v 1.230960 2.125000 -0.499995
v 0.980958 2.125000 0.000004
v 1.230958 2.125000 0.000005
v -0.980968 2.125001 2.249995
v 0.980948 2.125001 2.250004
v 1.230947 2.125001 2.500005
v 1.230947 1.875001 2.500005
v 1.230948 1.875001 2.250005
v 1.230948 2.125001 2.250005
v 1.230968 -0.125001 -2.249995
v 0.980969 -0.125001 -2.499996
v 1.230969 -0.125001 -2.499995
v 0.980968 -0.125001 -2.249996
v 1.230961 -0.125000 -0.749995
v -0.980947 -0.125001 -2.500004
v 0.980961 -0.125000 -0.749996
v 1.230960 -0.125000 -0.499995
v -0.980948 -0.125001 -2.250004
v -1.230947 -0.125001 -2.500005
v -1.230948 -0.125001 -2.250005
v -0.980955 -0.125000 -0.750004
v -1.230955 -0.125000 -0.750005
v 0.980960 -0.125000 -0.499996
v 1.230958 -0.125000 0.000005
v -0.980956 -0.125000 -0.500004
v -1.230956 -0.125000 -0.500005
v 0.980958 -0.125000 0.000004
v 1.230948 -0.124999 2.250005
v 0.980948 -0.124999 2.250004
v -0.980958 -0.125000 -0.000004
v -1.230958 -0.125000 -0.000005
v -0.980968 -0.124999 2.249996
v -1.230968 -0.124999 2.249995
v -1.230955 1.025000 -0.750006
v -0.980955 1.025000 -0.750005
v -0.980948 1.024999 -2.250005
v -1.230948 1.024999 -2.250006
v -0.980947 1.024999 -2.500005
v -0.980948 1.024999 -2.250005
v 0.980968 1.024999 -2.249996
v 0.980969 1.024999 -2.499996
v 1.230968 1.025000 -2.249995
v 0.980968 1.024999 -2.249996
v 0.980961 1.025000 -0.749996
v 1.230961 1.025000 -0.749995
v -0.980948 1.874999 -2.318606
v -0.980949 1.874999 -2.068606
v -0.980948 1.024999 -2.250005
v -0.980947 1.024999 -2.500005
v 1.230968 1.025000 -2.249995
v 1.230967 1.875000 -2.068596
v 0.980967 1.875000 -2.068597
v 0.980968 1.024999 -2.249996
v -1.230955 1.875000 -0.750006
v -0.980955 1.025000 -0.750005
v -1.230955 1.025000 -0.750006
v -0.980955 1.875000 -0.750005
v 0.980961 1.875000 -0.749996
v 0.980961 1.025000 -0.749996
v 1.230961 1.025000 -0.749995
v 1.230961 1.875000 -0.749995
v 0.980968 1.024999 -2.249996
v 0.980968 0.124999 -2.249996
v 0.980961 0.125000 -0.749996
v 0.980961 1.025000 -0.749996
v -0.980948 1.024999 -2.250005
v -0.980948 0.124999 -2.250004
v 0.980968 0.124999 -2.249996
v 0.980968 1.024999 -2.249996
v -0.980955 1.025000 -0.750005
v -0.980955 0.125000 -0.750004
v -0.980948 0.124999 -2.250004
v -0.980948 1.024999 -2.250005
v -0.980955 0.125000 -0.750004
v 0.980961 0.125000 -0.749996
v 0.980968 0.124999 -2.249996
v -0.980948 0.124999 -2.250004
v 0.980961 1.025000 -0.749996
v 0.980961 0.125000 -0.749996
v -0.980955 0.125000 -0.750004
v -0.980955 1.025000 -0.750005
v -0.980969 -0.124999 2.499996
v -1.230969 -0.124999 2.499995
v -1.230968 -0.124999 2.249995
v -0.980968 -0.124999 2.249996
v 0.980947 -0.124999 2.500004
v 0.980948 -0.124999 2.250004
v 1.230947 -0.124999 2.500006
v 1.230948 -0.124999 2.250005
v 0.980947 1.025001 2.500004
v 0.980948 1.025001 2.250004
v -0.980968 1.025001 2.249996
v -0.980969 1.025001 2.499996
v 0.980947 0.125001 2.500004
v 0.980947 1.025001 2.500004
v -0.980969 1.025001 2.499996
v -0.980969 0.125001 2.499996
v 1.230958 0.125000 0.000005
v 1.230948 1.025001 2.250005
v 1.230948 0.125001 2.250005
v 1.230958 1.025000 0.000005
v 1.230948 1.875001 2.250005
v 1.230960 0.125000 -0.499995
v 1.230958 1.875000 0.000005
v 1.230960 1.025000 -0.499995
v 1.230961 0.125000 -0.749995
v 1.230960 1.875000 -0.499995
v 1.230961 1.025000 -0.749995
v 1.230961 1.875000 -0.749995
v -1.230949 1.874999 -2.068607
v -1.230948 1.024999 -2.250006
v -0.980948 1.024999 -2.250005
v -0.980949 1.874999 -2.068606
v 0.980968 1.875000 -2.318597
v 0.980969 1.024999 -2.499996
v 0.980968 1.024999 -2.249996
v 0.980967 1.875000 -2.068597
v 0.980968 1.875000 -2.318597
v 0.980967 1.875000 -2.068597
v -0.980949 1.874999 -2.068606
v -0.980948 1.874999 -2.318606
v 1.230961 1.875000 -0.749995
v 0.980967 1.875000 -2.068597
v 1.230967 1.875000 -2.068596
v 0.980961 1.875000 -0.749996
v -0.980955 1.875000 -0.750005
v -0.980949 1.874999 -2.068606
v -1.230949 1.874999 -2.068607
v -1.230955 1.875000 -0.750006
v -1.230968 0.125001 2.249995
v -1.230958 1.025000 -0.000006
v -1.230958 0.125000 -0.000005
v -1.230968 1.025001 2.249995
v -1.230958 1.875000 -0.000006
v -1.230968 1.875001 2.249994
v -1.230968 0.125001 2.249995
v -1.230968 -0.124999 2.249995
v -1.230969 -0.124999 2.499995
v -1.230969 0.125001 2.499995
v -1.230968 2.125001 2.249994
v -1.230968 1.875001 2.249994
v -1.230969 1.875001 2.499994
v -1.230969 2.125001 2.499994
v 1.230947 0.125001 2.500005
v 1.230947 -0.124999 2.500006
v 1.230948 -0.124999 2.250005
v 1.230948 0.125001 2.250005
v 1.230948 1.025001 2.250005
v 1.230948 1.875001 2.250005
v 1.230947 1.875001 2.500005
v 1.230947 1.025001 2.500005
v 1.230948 0.125001 2.250005
v 1.230947 0.125001 2.500005
v -1.230969 1.025001 2.499995
v -1.230969 1.875001 2.499994
v -1.230968 1.875001 2.249994
v -1.230968 1.025001 2.249995
v -1.230969 0.125001 2.499995
v -1.230968 0.125001 2.249995
v 0.980947 1.875001 2.500004
v 0.980948 1.875001 2.250004
v 0.980948 1.025001 2.250004
v 0.980947 1.025001 2.500004
v -0.980969 1.875001 2.499995
v 0.980948 1.875001 2.250004
v 0.980947 1.875001 2.500004
v -0.980968 1.875001 2.249995
v 0.980960 1.875000 -0.499996
v -0.980956 1.875000 -0.500005
v -0.980969 1.025001 2.499996
v -0.980968 1.025001 2.249996
v -0.980968 1.875001 2.249995
v -0.980969 1.875001 2.499995
v 0.980948 1.025001 2.250004
v 0.980948 0.125001 2.250004
v -0.980968 0.125001 2.249996
v -0.980968 1.025001 2.249996
v 0.980947 2.125001 2.500004
v 1.230947 2.125001 2.500005
v 1.230948 2.125001 2.250005
v 0.980948 2.125001 2.250004
v -0.980969 2.125001 2.499995
v -0.980968 2.125001 2.249995
v -1.230969 2.125001 2.499994
v -1.230968 2.125001 2.249994
v -0.980958 2.125000 -0.000005
v -1.230958 2.125000 -0.000006
v -1.230968 2.125001 2.249994
v -0.980968 2.125001 2.249995
v -0.980968 0.125001 2.249996
v -0.980956 0.125000 -0.500004
v -0.980956 1.025000 -0.500005
v -0.980968 1.025001 2.249996
v 0.980948 1.025001 2.250004
v 0.980960 1.025000 -0.499996
v 0.980960 0.125000 -0.499996
v 0.980948 0.125001 2.250004
v 0.980948 0.125001 2.250004
v 0.980960 0.125000 -0.499996
v -0.980956 0.125000 -0.500004
v -0.980968 0.125001 2.249996
v 0.980948 1.875001 2.250004
v 0.980960 1.875000 -0.499996
v 0.980960 1.025000 -0.499996
v 0.980948 1.025001 2.250004
v -0.980968 1.025001 2.249996
v -0.980956 1.025000 -0.500005
v -0.980956 1.875000 -0.500005
v -0.980968 1.875001 2.249995
v 1.280959 1.350000 -0.149995
v 1.280959 1.850000 -0.149995
v 1.180958 1.850000 -0.149995
v 1.180958 1.350000 -0.149995
v 1.280957 0.950000 0.250006
v 1.180957 0.950000 0.250005
v 1.180958 0.950000 -0.149995
v 1.280959 0.950000 -0.149995
v 1.180958 0.950000 -0.149995
v 1.180958 0.450000 -0.149995
v 1.280959 0.450000 -0.149995
v 1.280959 0.950000 -0.149995
v 1.180957 1.350000 0.250005
v 1.280957 1.350000 0.250005
v 1.280959 1.350000 -0.149995
v 1.180958 1.350000 -0.149995
v -1.280961 0.950000 0.649994
v -1.280961 0.450000 0.649994
v -1.180961 0.450000 0.649995
v -1.180961 0.950000 0.649995
v 1.180960 1.350000 -0.549995
v 1.180960 1.850000 -0.549995
v 1.280960 1.850000 -0.549995
v 1.280961 1.350000 -0.549995
v -1.280960 0.950000 0.249994
v -1.280958 0.950000 -0.150006
v -1.180957 0.950000 -0.150005
v -1.180959 0.950000 0.249995
v -1.180959 1.350000 0.249995
v -1.180957 1.350000 -0.150005
v -1.280958 1.350000 -0.150006
v -1.280960 1.350000 0.249994
v -1.280956 0.950000 -0.550006
v -1.280956 0.450000 -0.550006
v -1.280958 0.450000 -0.150006
v -1.280958 0.950000 -0.150006
v -1.180961 1.350000 0.649995
v -1.180961 1.850000 0.649995
v -1.280961 1.850000 0.649994
v -1.280961 1.350000 0.649994
v 0.656523 2.375000 -1.911054
v 0.656523 2.052023 -1.911053
v -0.656507 2.052023 -1.911059
v -0.656507 2.374999 -1.911059
v -0.656510 2.375000 -1.238536
v -0.656510 2.052023 -1.238536
v 0.656520 2.052023 -1.238531
v 0.656520 2.375000 -1.238531
v -0.656510 2.375000 -1.238536
v 0.656520 2.375000 -1.238531
v 0.656523 2.375000 -1.911054
v -0.656507 2.374999 -1.911059
v -0.694983 -0.076025 2.699655
v -0.694983 -0.273431 2.699655
v -0.694974 -0.106347 0.699655
v -0.694974 0.091060 0.699655
v -0.892381 0.091060 0.699654
v -0.892381 -0.106347 0.699654
v -0.892389 -0.273431 2.699654
v -0.892389 -0.076025 2.699654
v -0.892389 -0.076025 2.699654
v -0.892389 -0.273431 2.699654
v -0.694983 -0.273431 2.699655
v -0.694983 -0.076025 2.699655
v -0.694983 -0.273431 2.699655
v -0.892389 -0.273431 2.699654
v -0.892381 -0.106347 0.699654
v -0.694974 -0.106347 0.699655
v -0.892389 -0.076025 2.699654
v -0.694983 -0.076025 2.699655
v -0.694974 0.091060 0.699655
v -0.892381 0.091060 0.699654
v 1.260811 0.100803 -2.238599
v 1.260811 -0.158647 -2.238599
v 1.260813 -0.158647 -2.586656
v 1.260813 0.100803 -2.586656
v -0.531249 0.100803 -2.653591
v -1.261049 -0.158647 -2.586667
v -1.261049 0.100802 -2.586667
v -0.531249 -0.158647 -2.653591
v 0.516267 0.100803 -2.653587
v 0.516267 -0.158647 -2.653587
v 1.260813 0.100803 -2.586656
v 1.260813 -0.158647 -2.586656
v -1.261049 0.100802 -2.586667
v -1.261049 -0.158647 -2.586667
v -1.261051 -0.158647 -2.238610
v -1.261051 0.100803 -2.238610
v 0.516266 0.100803 -2.305529
v 1.260811 -0.158647 -2.238599
v 1.260811 0.100803 -2.238599
v 0.516266 -0.158647 -2.305529
v -0.531250 0.100803 -2.305534
v -0.531250 -0.158647 -2.305534
v -1.261051 0.100803 -2.238610
v -1.261051 -0.158647 -2.238610
v -0.531250 -0.158647 -2.305534
v -1.261051 -0.158647 -2.238610
v -1.261049 -0.158647 -2.586667
v -0.531249 -0.158647 -2.653591
v 0.516266 -0.158647 -2.305529
v 0.516267 -0.158647 -2.653587
v 1.260811 -0.158647 -2.238599
v 1.260813 -0.158647 -2.586656
v 0.516266 0.100803 -2.305529
v 1.260811 0.100803 -2.238599
v 1.260813 0.100803 -2.586656
v 0.516267 0.100803 -2.653587
v -0.531250 0.100803 -2.305534
v -0.531249 0.100803 -2.653591
v -1.261051 0.100803 -2.238610
v -1.261049 0.100802 -2.586667
v -1.260815 0.100804 2.208532
v -1.260814 -0.158646 2.208532
v -1.260816 -0.158646 2.556590
v -1.260817 0.100804 2.556590
v 0.531245 0.100804 2.623528
v 1.261046 -0.158646 2.556605
v 1.261046 0.100804 2.556605
v 0.531245 -0.158646 2.623528
v -0.516271 0.100804 2.623522
v -0.516271 -0.158646 2.623522
v -1.260817 0.100804 2.556590
v -1.260816 -0.158646 2.556590
v 1.261046 0.100804 2.556605
v 1.261046 -0.158646 2.556605
v 1.261048 -0.158646 2.208547
v 1.261048 0.100804 2.208547
v -0.516269 0.100804 2.275464
v -1.260814 -0.158646 2.208532
v -1.260815 0.100804 2.208532
v -0.516269 -0.158646 2.275464
v 0.531247 0.100804 2.275470
v 0.531247 -0.158646 2.275470
v 1.261048 0.100804 2.208547
v 1.261048 -0.158646 2.208547
v 0.531247 -0.158646 2.275470
v 1.261048 -0.158646 2.208547
v 1.261046 -0.158646 2.556605
v 0.531245 -0.158646 2.623528
v -0.516269 -0.158646 2.275464
v -0.516271 -0.158646 2.623522
v -1.260814 -0.158646 2.208532
v -1.260816 -0.158646 2.556590
v -0.516269 0.100804 2.275464
v -1.260815 0.100804 2.208532
v -1.260817 0.100804 2.556590
v -0.516271 0.100804 2.623522
v 0.531247 0.100804 2.275470
v 0.531245 0.100804 2.623528
v 1.261048 0.100804 2.208547
v 1.261046 0.100804 2.556605
v 1.180957 1.850000 0.250005
v 1.180955 1.850000 0.650005
v 1.280955 1.850000 0.650005
v 1.280957 1.850000 0.250005
v 1.280959 1.850000 -0.149995
v 1.280960 1.850000 -0.549995
v 1.180960 1.850000 -0.549995
v 1.180958 1.850000 -0.149995
v -1.180959 1.850000 0.249995
v -1.280960 1.850000 0.249994
v -1.280961 1.850000 0.649994
v -1.180961 1.850000 0.649995
v -1.280958 1.850000 -0.150006
v -1.180958 1.850000 -0.150006
v -1.180956 1.850000 -0.550006
v -1.280956 1.850000 -0.550006
v -1.280958 1.350000 -0.150006
v -1.280958 1.850000 -0.150006
v -1.280956 1.850000 -0.550006
v -1.280956 1.350000 -0.550006
v 1.280957 1.350000 0.250005
v 1.280957 1.850000 0.250005
v 1.280955 1.850000 0.650005
v 1.280955 1.350000 0.650005
v 1.180957 1.350000 0.250005
v 1.180957 1.850000 0.250005
v 1.280957 1.850000 0.250005
v 1.280957 1.350000 0.250005
v -1.280956 1.350000 -0.550006
v -1.280956 1.850000 -0.550006
v -1.180956 1.850000 -0.550006
v -1.180956 1.350000 -0.550005
v -1.180957 1.350000 -0.150005
v -1.180958 1.850000 -0.150006
v -1.280958 1.850000 -0.150006
v -1.280958 1.350000 -0.150006
v 1.280955 1.350000 0.650005
v 1.280955 1.850000 0.650005
v 1.180955 1.850000 0.650005
v 1.180955 1.350000 0.650005
v -1.280961 1.350000 0.649994
v -1.280961 1.850000 0.649994
v -1.280960 1.850000 0.249994
v -1.280960 1.350000 0.249994
v -1.280960 1.350000 0.249994
v -1.280960 1.850000 0.249994
v -1.180959 1.850000 0.249995
v -1.180959 1.350000 0.249995
v 1.280961 1.350000 -0.549995
v 1.280960 1.850000 -0.549995
v 1.280959 1.850000 -0.149995
v 1.280959 1.350000 -0.149995
v 1.280957 0.450000 0.250006
v 1.280955 0.450000 0.650006
v 1.180955 0.450000 0.650005
v 1.180957 0.450000 0.250005
v 1.180958 0.450000 -0.149995
v 1.180960 0.450000 -0.549995
v 1.280961 0.450000 -0.549995
v 1.280959 0.450000 -0.149995
v -1.280959 0.450000 0.249994
v -1.180959 0.450000 0.249995
v -1.180961 0.450000 0.649995
v -1.280961 0.450000 0.649994
v -1.180957 0.450000 -0.150005
v -1.280958 0.450000 -0.150006
v -1.280956 0.450000 -0.550006
v -1.180956 0.450000 -0.550005
v -1.280960 0.950000 0.249994
v -1.280959 0.450000 0.249994
v -1.280961 0.450000 0.649994
v -1.280961 0.950000 0.649994
v 1.280961 0.950000 -0.549995
v 1.280961 0.450000 -0.549995
v 1.180960 0.450000 -0.549995
v 1.180960 0.950000 -0.549995
v 1.280957 0.950000 0.250006
v 1.280957 0.450000 0.250006
v 1.180957 0.450000 0.250005
v 1.180957 0.950000 0.250005
v 1.280959 0.950000 -0.149995
v 1.280959 0.450000 -0.149995
v 1.280961 0.450000 -0.549995
v 1.280961 0.950000 -0.549995
v -1.280958 0.950000 -0.150006
v -1.280958 0.450000 -0.150006
v -1.180957 0.450000 -0.150005
v -1.180957 0.950000 -0.150005
v 1.180955 0.950000 0.650005
v 1.180955 0.450000 0.650005
v 1.280955 0.450000 0.650006
v 1.280955 0.950000 0.650006
v -1.180956 0.950000 -0.550005
v -1.180956 0.450000 -0.550005
v -1.280956 0.450000 -0.550006
v -1.280956 0.950000 -0.550006
v 1.280955 0.950000 0.650006
v 1.280955 0.450000 0.650006
v 1.280957 0.450000 0.250006
v 1.280957 0.950000 0.250006
v -1.180959 0.950000 0.249995
v -1.180959 0.450000 0.249995
v -1.280959 0.450000 0.249994
v -1.280960 0.950000 0.249994
vt 0.115481727 0.809094846
vt 0.0965873748 0.801037192
vt 0.0911088586 0.756327271
vt 0.115481727 0.809094846
vt 0.0911088586 0.756327271
vt 0.0966297239 0.800721526
vt 0.101932518 0.78817451
vt 0.101932518 0.787297904
vt 0.106483713 0.787297904
vt 0.101932518 0.78817451
vt 0.106483713 0.787297904
vt 0.101814896 0.78817451
vt 0.317281872 0.761197746
vt 0.317281872 0.761197746
vt 0.318105966 0.761197746
vt 0.317281872 0.761197746
vt 0.318105966 0.761197746
vt 0.320741147 0.7435444
vt 0.400062084 0.702961624
vt 0.397426903 0.720230818
vt 0.397426903 0.719868064
vt 0.400062084 0.702961624
vt 0.397426903 0.719868064
vt 0.396602809 0.719868064
vt 0.64801681 0.235034391
vt 0.648297489 0.239496544
vt 0.64941287 0.240106955
vt 0.64801681 0.235034391
vt 0.64941287 0.233976617
vt 0.621703863 0.239174441
vt 0.621703863 0.245304868
vt 0.623099864 0.244247064
vt 0.623099864 0.244247064
vt 0.622819245 0.239784881
vt 0.641804218 0.243896976
vt 0.648297489 0.239496544
vt 0.64801681 0.235034391
vt 0.64801681 0.235034391
vt 0.640085042 0.232980922
vt 0.629312515 0.23538442
vt 0.631031752 0.246300474
vt 0.623099864 0.244247064
vt 0.622819245 0.239784881
vt 0.623099864 0.244247064
vt 0.675737023 0.244247153
vt 0.677133024 0.245304957
vt 0.677133083 0.239174619
vt 0.675737023 0.244247153
vt 0.676017761 0.239785001
vt 0.649424136 0.240106866
vt 0.650539458 0.239496425
vt 0.650820136 0.235034272
vt 0.650820136 0.235034272
vt 0.649424136 0.233976468
vt 0.669524491 0.235384479
vt 0.675737023 0.244247153
vt 0.676017761 0.239785001
vt 0.667805195 0.246300533
vt 0.675737023 0.244247153
vt 0.657032728 0.243896917
vt 0.658752024 0.232980862
vt 0.650820136 0.235034272
vt 0.650820136 0.235034272
vt 0.650539458 0.239496425
vt 0.0970467627 0.801037192
vt 0.0970891118 0.801037192
vt 0.0970891118 0.800721526
vt 0.0911088586 0.756327271
vt 0.0927596316 0.757005513
vt 0.0920481011 0.757907987
vt 0.0927596316 0.757728696
vt 0.0920481011 0.757184803
vt 0.0927596316 0.754093707
vt 0.0896288753 0.758432686
vt 0.0920481011 0.754093707
vt 0.0927596316 0.7526474
vt 0.0920481011 0.7526474
vt 0.0927596316 0.751201034
vt 0.0920481011 0.751201034
vt 0.0896288753 0.757709563
vt 0.0870673358 0.758432686
vt 0.0870673358 0.757709563
vt 0.0896288753 0.754093707
vt 0.08564426 0.758432686
vt 0.08564426 0.757709563
vt 0.0870673358 0.754093707
vt 0.08564426 0.754093707
vt 0.0870673358 0.7526474
vt 0.08564426 0.7526474
vt 0.0870673358 0.751201034
vt 0.08564426 0.751201034
vt 0.0870673358 0.74589777
vt 0.08564426 0.74589777
vt 0.0990550816 0.758432686
vt 0.0997666195 0.759165347
vt 0.0997666195 0.758432686
vt 0.0990550816 0.759165347
vt 0.0934711695 0.758432686
vt 0.0997666195 0.761651337
vt 0.0934711695 0.759165347
vt 0.0927596316 0.758432686
vt 0.0927596316 0.759165347
vt 0.0990550816 0.761651337
vt 0.0934711695 0.761651337
vt 0.0997666195 0.76424998
vt 0.0927596316 0.761651337
vt 0.0990550816 0.76424998
vt 0.0997666195 0.765693724
vt 0.0990550816 0.765693724
vt 0.0934711695 0.76424998
vt 0.092759639 0.76424998
vt 0.0934711695 0.765693724
vt 0.092759639 0.765693724
vt 0.0842211917 0.758432686
vt 0.08564426 0.758432686
vt 0.08564426 0.757709563
vt 0.0842211917 0.757709563
vt 0.0816596448 0.758432686
vt 0.08564426 0.754093707
vt 0.0816596448 0.757709563
vt 0.0792404264 0.757907987
vt 0.0842211768 0.754093707
vt 0.08564426 0.7526474
vt 0.0792404264 0.757184803
vt 0.0785288811 0.757728696
vt 0.0785288811 0.757005513
vt 0.0792404264 0.754093707
vt 0.0816596448 0.754093707
vt 0.0785288811 0.754093707
vt 0.0842211843 0.7526474
vt 0.0856442526 0.751201034
vt 0.0792404264 0.7526474
vt 0.0785288811 0.7526474
vt 0.0823711827 0.7526474
vt 0.0842211917 0.751201034
vt 0.0856442526 0.74589777
vt 0.0842211843 0.74589777
vt 0.0830827206 0.751201034
vt 0.0792404264 0.751201034
vt 0.0785288811 0.751201034
vt 0.08564426 0.764216661
vt 0.08564426 0.76566267
vt 0.0863558054 0.76566267
vt 0.0863558054 0.764216661
vt 0.08564426 0.761613905
vt 0.0919397026 0.76566267
vt 0.0863558054 0.761613905
vt 0.08564426 0.759155691
vt 0.0919397026 0.764216661
vt 0.092651248 0.76566267
vt 0.092651248 0.764216661
vt 0.0919397026 0.761613905
vt 0.092651248 0.761613905
vt 0.0863558054 0.759155691
vt 0.08564426 0.758432686
vt 0.0863558054 0.758432686
vt 0.0919397026 0.759155691
vt 0.092651248 0.759155691
vt 0.0919397026 0.758432686
vt 0.092651248 0.758432686
vt 0.106773607 0.757005513
vt 0.10606207 0.757728696
vt 0.106773607 0.757728696
vt 0.10606207 0.757005513
vt 0.106773607 0.754093707
vt 0.100478165 0.757728696
vt 0.10606207 0.754093707
vt 0.106773607 0.7526474
vt 0.100478165 0.757005513
vt 0.0997666195 0.757728696
vt 0.0997666195 0.757005513
vt 0.100478165 0.754093707
vt 0.0997666195 0.754093707
vt 0.10606207 0.7526474
vt 0.106773607 0.751201034
vt 0.10606207 0.751201034
vt 0.100478165 0.7526474
vt 0.0997666195 0.7526474
vt 0.100478165 0.751201034
vt 0.0997666195 0.751201034
vt 0.10606207 0.74589777
vt 0.100478165 0.74589777
vt 0.0927596316 0.738183975
vt 0.0920481011 0.738183975
vt 0.0920481011 0.742040873
vt 0.0927596316 0.742040873
vt 0.0927596316 0.738907158
vt 0.0934711695 0.738183975
vt 0.0927596316 0.738183975
vt 0.0934711695 0.738907158
vt 0.0927596316 0.742523015
vt 0.0990550816 0.738183975
vt 0.0934711695 0.742523015
vt 0.092759639 0.743969321
vt 0.0990550816 0.738907158
vt 0.0997666195 0.738183975
vt 0.0997666195 0.738907158
vt 0.0990550816 0.742523015
vt 0.0997666195 0.742523015
vt 0.0934711695 0.743969321
vt 0.092759639 0.745415688
vt 0.0990550816 0.743969321
vt 0.0997666195 0.743969321
vt 0.0934711695 0.745415688
vt 0.092759639 0.750718892
vt 0.0934711695 0.750718892
vt 0.0990550816 0.745415688
vt 0.0997666195 0.745415688
vt 0.0990550816 0.750718892
vt 0.0997666195 0.750718892
vt 0.10402678 0.764850199
vt 0.103315257 0.764850199
vt 0.103315257 0.768466055
vt 0.10402678 0.768466055
vt 0.0849315077 0.758432686
vt 0.0842199773 0.758432686
vt 0.0842199773 0.764107883
vt 0.0849315077 0.764107883
vt 0.08564426 0.769278526
vt 0.0863558054 0.769278526
vt 0.0863558054 0.76566267
vt 0.08564426 0.76566267
vt 0.0863558054 0.768176794
vt 0.0870516673 0.768327713
vt 0.0870516673 0.765813589
vt 0.0863558054 0.76566267
vt 0.0870516673 0.76566267
vt 0.0870516673 0.768132389
vt 0.0877632126 0.768132389
vt 0.0877632126 0.76566267
vt 0.0997666195 0.757728696
vt 0.102181442 0.758451879
vt 0.102181442 0.757728696
vt 0.0997666195 0.758451879
vt 0.0997666195 0.764127016
vt 0.102181442 0.764127016
vt 0.102181442 0.764850199
vt 0.0997666195 0.764850199
vt 0.440662175 0.747805715
vt 0.443223715 0.747805715
vt 0.443223715 0.744189858
vt 0.440662175 0.744189858
vt 0.447669178 0.723198831
vt 0.450230062 0.723198831
vt 0.450230062 0.717523634
vt 0.447669178 0.717523634
vt 0.433546811 0.745002329
vt 0.430985272 0.745002329
vt 0.430985272 0.748618186
vt 0.433546811 0.748618186
vt 0.574220181 0.702776372
vt 0.574220181 0.704056025
vt 0.57502234 0.704056025
vt 0.57502234 0.702776372
vt 0.443076998 0.743466675
vt 0.445633888 0.743466675
vt 0.445633888 0.737791538
vt 0.443076998 0.737791538
vt 0.0990550816 0.758432686
vt 0.0997666195 0.758432686
vt 0.0997666195 0.754575789
vt 0.0990550816 0.754575789
vt 0.0934711769 0.758432686
vt 0.0934711695 0.754575789
vt 0.092759639 0.758432686
vt 0.092759639 0.754575789
vt 0.0919397026 0.764216661
vt 0.0919397026 0.764216661
vt 0.0863558054 0.764216661
vt 0.0863558054 0.764216661
vt 0.0919397026 0.764216661
vt 0.0919397026 0.764216661
vt 0.0863558054 0.764216661
vt 0.0863558054 0.764216661
vt 0.0870673358 0.751201034
vt 0.0870673358 0.74589777
vt 0.0870673358 0.74589777
vt 0.0870673358 0.751201034
vt 0.0870673358 0.74589777
vt 0.0870673358 0.7526474
vt 0.0870673358 0.751201034
vt 0.0870673358 0.7526474
vt 0.0870673358 0.754093707
vt 0.0870673358 0.7526474
vt 0.0870673358 0.754093707
vt 0.0870673358 0.754093707
vt 0.0893938392 0.768132389
vt 0.0893938392 0.76566267
vt 0.0886823013 0.76566267
vt 0.0886823013 0.768132389
vt 0.0893938467 0.765813589
vt 0.0893938392 0.768327713
vt 0.0900897011 0.768176794
vt 0.0900897011 0.76566267
vt 0.107485145 0.744931996
vt 0.106773607 0.744931996
vt 0.106773607 0.750607133
vt 0.107485145 0.750607133
vt 0.109815001 0.757728696
vt 0.106773607 0.757005513
vt 0.106773607 0.757728696
vt 0.109815001 0.757005513
vt 0.109815001 0.751330316
vt 0.106773607 0.751330316
vt 0.106773607 0.750607133
vt 0.109815001 0.750607133
vt 0.0842211843 0.74589777
vt 0.0842211917 0.751201034
vt 0.0842211917 0.751201034
vt 0.0842211843 0.74589777
vt 0.0842211917 0.751201034
vt 0.0842211843 0.74589777
vt 0.0842211843 0.742040873
vt 0.0856442526 0.742040873
vt 0.0856442526 0.738183975
vt 0.0842211917 0.738183975
vt 0.0785288811 0.742040873
vt 0.079240419 0.742040873
vt 0.0792404115 0.738183975
vt 0.0785288811 0.738183975
vt 0.0870673358 0.738183975
vt 0.08564426 0.738183975
vt 0.08564426 0.742040873
vt 0.0870673358 0.742040873
vt 0.0870673358 0.742040873
vt 0.0870673358 0.742040873
vt 0.0870673358 0.738183975
vt 0.0870673358 0.738183975
vt 0.0870673358 0.742040873
vt 0.0870673358 0.738183975
vt 0.0842211917 0.738183975
vt 0.0842211917 0.738183975
vt 0.0842211843 0.742040873
vt 0.0842211843 0.742040873
vt 0.0842211917 0.738183975
vt 0.0842211843 0.742040873
vt 0.0919397026 0.759155691
vt 0.0919397026 0.759155691
vt 0.0919397026 0.761613905
vt 0.0919397026 0.761613905
vt 0.0863558054 0.759155691
vt 0.0919397026 0.759155691
vt 0.0919397026 0.759155691
vt 0.0863558054 0.759155691
vt 0.0919397026 0.759155691
vt 0.0863558054 0.759155691
vt 0.0863558054 0.761613905
vt 0.0863558054 0.761613905
vt 0.0863558054 0.759155691
vt 0.0863558054 0.759155691
vt 0.0919397026 0.764216661
vt 0.0919397026 0.764216661
vt 0.0863558054 0.764216661
vt 0.0863558054 0.764216661
vt 0.100478165 0.738183975
vt 0.0997666195 0.738183975
vt 0.0997666195 0.742040873
vt 0.100478165 0.742040873
vt 0.10606207 0.738183975
vt 0.10606207 0.742040873
vt 0.106773607 0.738183975
vt 0.106773607 0.742040873
vt 0.10636609 0.78817451
vt 0.0888341963 0.66400218
vt 0.106483713 0.787297904
vt 0.10636609 0.787297904
vt 0.317281872 0.761197746
vt 0.317281872 0.761197746
vt 0.317281872 0.761197746
vt 0.317281872 0.761197746
vt 0.318105966 0.761197746
vt 0.318105966 0.761197746
vt 0.318105966 0.761197746
vt 0.318105966 0.761197746
vt 0.395968765 0.759019792
vt 0.395968765 0.759019792
vt 0.395144671 0.759019792
vt 0.395144671 0.759019792
vt 0.397426903 0.719868064
vt 0.397426903 0.719868064
vt 0.397426903 0.720230818
vt 0.397426903 0.720230818
vt 0.396602809 0.720230818
vt 0.396602809 0.720230818
vt 0.396602809 0.719868064
vt 0.396602809 0.719868064
vt 0.640085042 0.232980922
vt 0.640085042 0.232980922
vt 0.641133964 0.231189936
vt 0.641133964 0.231189936
vt 0.635869026 0.252440035
vt 0.635333717 0.253943563
vt 0.641479909 0.252869844
vt 0.640436828 0.251899064
vt 0.643603861 0.244909093
vt 0.643603861 0.244909093
vt 0.641804218 0.243896976
vt 0.641804218 0.243896976
vt 0.629636884 0.226411507
vt 0.630679965 0.227382317
vt 0.635247767 0.226841331
vt 0.635783076 0.225337833
vt 0.650820136 0.235034272
vt 0.650820136 0.235034272
vt 0.649424136 0.233976468
vt 0.649424136 0.233976468
vt 0.64941287 0.233976617
vt 0.64941287 0.233976617
vt 0.64801681 0.235034391
vt 0.64801681 0.235034391
vt 0.663589358 0.226841345
vt 0.66815716 0.227382407
vt 0.669200301 0.226411566
vt 0.663054109 0.225337833
vt 0.657356977 0.252869844
vt 0.66350317 0.253943563
vt 0.662967861 0.252440035
vt 0.658400059 0.251899004
vt 0.676017761 0.239785001
vt 0.676017761 0.239785001
vt 0.669524491 0.235384479
vt 0.669524491 0.235384479
vt 0.649424136 0.240106866
vt 0.649424136 0.240106866
vt 0.650539458 0.239496425
vt 0.650539458 0.239496425
vt 0.628821731 0.758750856
vt 0.614386916 0.758750856
vt 0.614386916 0.802029669
vt 0.628821731 0.802029669
vt 0.643256545 0.758750856
vt 0.628821731 0.758750856
vt 0.628821731 0.802029669
vt 0.643256545 0.802029669
vt 0.614386916 0.802029669
vt 0.614386916 0.758750856
vt 0.584329844 0.758750856
vt 0.584329844 0.80202961
vt 0.902443171 0.224117547
vt 0.88990134 0.223607123
vt 0.88990134 0.28593722
vt 0.902443171 0.286447644
vt 0.88990134 0.223607123
vt 0.87735945 0.224117547
vt 0.87735945 0.286447644
vt 0.88990134 0.28593722
vt 0.927614391 0.223607123
vt 0.927614391 0.229737967
vt 0.940199912 0.229737967
vt 0.940199912 0.223607123
vt 0.915028751 0.223607123
vt 0.902443171 0.223607123
vt 0.902443171 0.28593719
vt 0.915028751 0.28593719
vt 0.927614391 0.223607123
vt 0.915028751 0.223607123
vt 0.915028751 0.28593719
vt 0.927614391 0.28593719
vt 0.597457051 0.715270758
vt 0.603017449 0.715270758
vt 0.603017449 0.710513532
vt 0.597457051 0.710513532
vt 0.586336195 0.71573174
vt 0.591896594 0.705756307
vt 0.586336195 0.705756307
vt 0.591896594 0.71573174
vt 0.586336195 0.730049133
vt 0.591896594 0.730049133
vt 0.586336195 0.740225017
vt 0.591896594 0.740225017
vt 0.603017449 0.705756307
vt 0.597457051 0.705756307
vt 0.597457051 0.710513532
vt 0.603017449 0.710513532
vt 0.597456992 0.730049133
vt 0.591896594 0.740225077
vt 0.597457051 0.740225017
vt 0.591896594 0.730049133
vt 0.597456992 0.71573174
vt 0.591896594 0.71573174
vt 0.597457051 0.705756307
vt 0.591896594 0.705756307
vt 0.578876793 0.73025018
vt 0.577442467 0.740225077
vt 0.584901869 0.740225077
vt 0.586336195 0.73025018
vt 0.578876793 0.715932727
vt 0.586336195 0.715932727
vt 0.577442467 0.705756307
vt 0.584901869 0.705756307
vt 0.569983006 0.730048597
vt 0.568548679 0.740225077
vt 0.576008081 0.740225077
vt 0.577442467 0.730048597
vt 0.569983006 0.715731144
vt 0.577442467 0.715731144
vt 0.568548679 0.705756307
vt 0.576008081 0.705756307
vt 0.612386346 0.674454212
vt 0.615715384 0.674454212
vt 0.615715384 0.671606004
vt 0.612386346 0.671606004
vt 0.605728209 0.674730182
vt 0.609057248 0.668757796
vt 0.605728209 0.668757796
vt 0.609057248 0.674730182
vt 0.605728209 0.683302104
vt 0.609057248 0.683302104
vt 0.605728209 0.689394474
vt 0.609057248 0.689394474
vt 0.615715384 0.668757796
vt 0.612386346 0.668757796
vt 0.612386346 0.671606004
vt 0.615715384 0.671606004
vt 0.612386286 0.683302104
vt 0.609057248 0.689394474
vt 0.612386346 0.689394474
vt 0.609057248 0.683302104
vt 0.612386286 0.674730182
vt 0.609057248 0.674730182
vt 0.612386346 0.668757796
vt 0.609057248 0.668757796
vt 0.601262212 0.683422446
vt 0.600403488 0.689394534
vt 0.604869425 0.689394474
vt 0.605728209 0.683422446
vt 0.601262212 0.674850523
vt 0.605728209 0.674850523
vt 0.600403488 0.668757796
vt 0.604869425 0.668757796
vt 0.59593749 0.683301806
vt 0.595078707 0.689394534
vt 0.599544704 0.689394474
vt 0.600403488 0.683301806
vt 0.59593749 0.674729824
vt 0.600403488 0.674729824
vt 0.595078707 0.668757796
vt 0.599544704 0.668757796
vt 0.627512872 0.234372303
vt 0.621703863 0.239174441
vt 0.622819245 0.239784881
vt 0.629312515 0.23538442
vt 0.640085042 0.232980922
vt 0.64801681 0.235034391
vt 0.64941287 0.233976617
vt 0.641133964 0.231189936
vt 0.655233085 0.244909033
vt 0.657032728 0.243896917
vt 0.650539458 0.239496425
vt 0.649424136 0.240106866
vt 0.667805195 0.246300533
vt 0.668854117 0.248091534
vt 0.677133024 0.245304957
vt 0.675737023 0.244247153
vt 0.667805195 0.246300533
vt 0.667805195 0.246300533
vt 0.675737023 0.244247153
vt 0.675737023 0.244247153
vt 0.629312515 0.23538442
vt 0.629312515 0.23538442
vt 0.622819245 0.239784881
vt 0.622819245 0.239784881
vt 0.627512872 0.234372303
vt 0.627512872 0.234372303
vt 0.629312515 0.23538442
vt 0.629312515 0.23538442
vt 0.675737023 0.244247153
vt 0.675737023 0.244247153
vt 0.677133024 0.245304957
vt 0.677133024 0.245304957
vt 0.668854117 0.248091534
vt 0.668854117 0.248091534
vt 0.667805195 0.246300533
vt 0.667805195 0.246300533
vt 0.622819245 0.239784881
vt 0.622819245 0.239784881
vt 0.621703863 0.239174441
vt 0.621703863 0.239174441
vt 0.650539458 0.239496425
vt 0.650539458 0.239496425
vt 0.657032728 0.243896917
vt 0.657032728 0.243896917
vt 0.657032728 0.243896917
vt 0.657032728 0.243896917
vt 0.655233085 0.244909033
vt 0.655233085 0.244909033
vt 0.64801681 0.235034391
vt 0.64801681 0.235034391
vt 0.640085042 0.232980922
vt 0.640085042 0.232980922
vt 0.631031752 0.246300474
vt 0.623099864 0.244247064
vt 0.621703863 0.245304868
vt 0.629982769 0.248091504
vt 0.643603861 0.244909093
vt 0.64941287 0.240106955
vt 0.648297489 0.239496544
vt 0.641804218 0.243896976
vt 0.658752024 0.232980862
vt 0.657703102 0.231189862
vt 0.649424136 0.233976468
vt 0.650820136 0.235034272
vt 0.671324193 0.234372392
vt 0.669524491 0.235384479
vt 0.676017761 0.239785001
vt 0.677133083 0.239174619
vt 0.658752024 0.232980862
vt 0.658752024 0.232980862
vt 0.650820136 0.235034272
vt 0.650820136 0.235034272
vt 0.648297489 0.239496544
vt 0.648297489 0.239496544
vt 0.64941287 0.240106955
vt 0.64941287 0.240106955
vt 0.631031752 0.246300474
vt 0.631031752 0.246300474
vt 0.629982769 0.248091504
vt 0.629982769 0.248091504
vt 0.641804218 0.243896976
vt 0.641804218 0.243896976
vt 0.648297489 0.239496544
vt 0.648297489 0.239496544
vt 0.669524491 0.235384479
vt 0.669524491 0.235384479
vt 0.671324193 0.234372392
vt 0.671324193 0.234372392
vt 0.621703863 0.245304868
vt 0.621703863 0.245304868
vt 0.623099864 0.244247064
vt 0.623099864 0.244247064
vt 0.677133083 0.239174619
vt 0.677133083 0.239174619
vt 0.676017761 0.239785001
vt 0.676017761 0.239785001
vt 0.623099864 0.244247064
vt 0.623099864 0.244247064
vt 0.631031752 0.246300474
vt 0.631031752 0.246300474
vt 0.657703102 0.231189862
vt 0.657703102 0.231189862
vt 0.658752024 0.232980862
vt 0.658752024 0.232980862
vn 1.000000 0.000000 0.000004
vn 1.000000 0.000000 0.000004
vn 1.000000 0.000000 0.000004
vn 1.000000 0.000000 0.000004
vn 1.000000 0.000000 0.000004
vn 1.000000 0.000000 0.000004
vn -1.000000 -0.000000 -0.000004
vn -1.000000 -0.000000 -0.000004
vn -1.000000 -0.000000 -0.000004
vn -1.000000 -0.000000 -0.000004
vn -1.000000 -0.000000 -0.000004
vn -1.000000 -0.000000 -0.000004
vn -0.000004 0.000000 1.000000
vn -0.000004 0.000000 1.000000
vn -0.000004 0.000000 1.000000
vn -0.000004 0.000000 1.000000
vn -0.000004 0.000000 1.000000
vn -0.000004 0.000000 1.000000
vn -0.000004 0.000000 1.000000
vn -0.000004 0.000000 1.000000
vn -0.000004 0.000000 1.000000
vn -0.000004 0.000000 1.000000
vn -0.000004 0.000000 1.000000
vn -0.000004 0.000000 1.000000
vn 0.000004 -0.000000 -1.000000
vn 0.000004 -0.000000 -1.000000
vn 0.000004 -0.000000 -1.000000
vn 0.000004 -0.000000 -1.000000
vn 0.000004 -0.000000 -1.000000
vn -0.000004 0.000000 1.000000
vn -0.000004 0.000000 1.000000
vn -0.000004 0.000000 1.000000
vn -0.000004 0.000000 1.000000
vn -0.000004 0.000000 1.000000
vn 1.000000 0.000000 0.000004
vn 1.000000 0.000000 0.000004
vn 1.000000 0.000000 0.000004
vn 1.000000 0.000000 0.000004
vn 1.000000 0.000000 0.000004
vn 1.000000 0.000000 0.000004
vn 1.000000 0.000000 0.000004
vn 1.000000 0.000000 0.000004
vn 1.000000 0.000000 0.000004
vn 1.000000 0.000000 0.000004
vn 0.000004 -0.000000 -1.000000
vn 0.000004 -0.000000 -1.000000
vn 0.000004 -0.000000 -1.000000
vn 0.000004 -0.000000 -1.000000
vn 0.000004 -0.000000 -1.000000
vn -0.000004 0.000000 1.000000
vn -0.000004 0.000000 1.000000
vn -0.000004 0.000000 1.000000
vn -0.000004 0.000000 1.000000
vn -0.000004 0.000000 1.000000
vn -1.000000 -0.000000 -0.000004
vn -1.000000 -0.000000 -0.000004
vn -1.000000 -0.000000 -0.000004
vn -1.000000 -0.000000 -0.000004
vn -1.000000 -0.000000 -0.000004
vn -1.000000 -0.000000 -0.000004
vn -1.000000 -0.000000 -0.000004
vn -1.000000 -0.000000 -0.000004
vn -1.000000 -0.000000 -0.000004
vn -1.000000 -0.000000 -0.000004
vn -0.000000 1.000000 -0.000000
vn -0.000000 1.000000 -0.000000
vn -0.000000 1.000000 -0.000000
vn -0.000000 1.000000 -0.000000
vn 1.000000 0.000000 0.000004
vn 1.000000 0.000000 0.000004
vn 1.000000 0.000000 0.000004
vn 1.000000 0.000000 0.000004
vn 1.000000 0.000000 0.000004
vn 1.000000 0.000000 0.000004
vn 1.000000 0.000000 0.000004
vn 1.000000 0.000000 0.000004
vn 1.000000 0.000000 0.000004
vn 1.000000 0.000000 0.000004
vn 1.000000 0.000000 0.000004
vn 1.000000 0.000000 0.000004
vn 1.000000 0.000000 0.000004
vn 1.000000 0.000000 0.000004
vn 1.000000 0.000000 0.000004
vn 1.000000 0.000000 0.000004
vn 1.000000 0.000000 0.000004
vn 1.000000 0.000000 0.000004
vn 1.000000 0.000000 0.000004
vn 1.000000 0.000000 0.000004
vn 1.000000 0.000000 0.000004
vn 1.000000 0.000000 0.000004
vn 1.000000 0.000000 0.000004
vn 1.000000 0.000000 0.000004
vn 1.000000 0.000000 0.000004
vn 0.000004 0.240652 -0.970611
vn 0.000004 0.224712 -0.974425
vn 0.000004 0.240652 -0.970611
vn 0.000004 0.230032 -0.973183
vn 0.000004 0.240652 -0.970611
vn 0.000004 0.104934 -0.994479
vn 0.000004 0.230032 -0.973183
vn 0.000004 0.240652 -0.970611
vn 0.000004 0.224712 -0.974425
vn 0.000004 0.069913 -0.997553
vn 0.000004 0.069913 -0.997553
vn 0.000004 -0.000000 -1.000000
vn 0.000004 0.104934 -0.994479
vn 0.000004 -0.000000 -1.000000
vn 0.000004 -0.000000 -1.000000
vn 0.000004 -0.000000 -1.000000
vn 0.000004 -0.000000 -1.000000
vn 0.000004 -0.000000 -1.000000
vn 0.000004 -0.000000 -1.000000
vn 0.000004 -0.000000 -1.000000
vn -1.000000 -0.000000 -0.000004
vn -1.000000 -0.000000 -0.000004
vn -1.000000 -0.000000 -0.000004
vn -1.000000 -0.000000 -0.000004
vn -1.000000 -0.000000 -0.000004
vn -1.000000 -0.000000 -0.000004
vn -1.000000 -0.000000 -0.000004
vn -1.000000 -0.000000 -0.000004
vn -1.000000 -0.000000 -0.000004
vn -1.000000 -0.000000 -0.000004
vn -1.000000 -0.000000 -0.000004
vn -1.000000 -0.000000 -0.000004
vn -1.000000 -0.000000 -0.000004
vn -1.000000 -0.000000 -0.000004
vn -1.000000 -0.000000 -0.000004
vn -1.000000 -0.000000 -0.000004
vn -1.000000 -0.000000 -0.000004
vn -1.000000 -0.000000 -0.000004
vn -1.000000 -0.000000 -0.000004
vn -1.000000 -0.000000 -0.000004
vn -1.000000 -0.000000 -0.000004
vn -1.000000 -0.000000 -0.000004
vn -1.000000 -0.000000 -0.000004
vn -1.000000 -0.000000 -0.000004
vn -1.000000 -0.000000 -0.000004
vn -1.000000 -0.000000 -0.000004
vn -1.000000 -0.000000 -0.000004
vn -0.000004 0.000000 1.000000
vn -0.000004 0.000000 1.000000
vn -0.000004 0.000000 1.000000
vn -0.000004 0.000000 1.000000
vn -0.000004 0.000000 1.000000
vn -0.000004 0.000000 1.000000
vn -0.000004 0.000000 1.000000
vn -0.000004 0.000000 1.000000
vn -0.000004 0.000000 1.000000
vn -0.000004 0.000000 1.000000
vn -0.000004 0.000000 1.000000
vn -0.000004 0.000000 1.000000
vn -0.000004 0.000000 1.000000
vn -0.000004 0.000000 1.000000
vn -0.000004 0.000000 1.000000
vn -0.000004 0.000000 1.000000
vn -0.000004 0.000000 1.000000
vn -0.000004 0.000000 1.000000
vn -0.000004 0.000000 1.000000
vn -0.000004 0.000000 1.000000
vn -0.000000 1.000000 -0.000000
vn -0.000000 1.000000 -0.000000
vn -0.000000 1.000000 -0.000000
vn -0.000000 1.000000 -0.000000
vn -0.000000 1.000000 -0.000000
vn -0.000000 1.000000 -0.000000
vn -0.000000 1.000000 -0.000000
vn -0.000000 1.000000 -0.000000
vn -0.000000 1.000000 -0.000000
vn -0.000000 1.000000 -0.000000
vn -0.000000 1.000000 -0.000000
vn -0.000000 1.000000 -0.000000
vn -0.000000 1.000000 -0.000000
vn -0.000000 1.000000 -0.000000
vn -0.000000 1.000000 -0.000000
vn -0.000000 1.000000 -0.000000
vn -0.000000 1.000000 -0.000000
vn -0.000000 1.000000 -0.000000
vn -0.000000 1.000000 -0.000000
vn -0.000000 1.000000 -0.000000
vn -0.000000 1.000000 -0.000000
vn -0.000000 1.000000 -0.000000
vn 1.000000 0.000000 0.000004
vn 1.000000 0.000000 0.000004
vn 1.000000 0.000000 0.000004
vn 1.000000 0.000000 0.000004
vn 0.000000 -1.000000 0.000000
vn 0.000000 -1.000000 0.000000
vn 0.000000 -1.000000 0.000000
vn 0.000000 -1.000000 0.000000
vn 0.000000 -1.000000 0.000000
vn 0.000000 -1.000000 0.000000
vn 0.000000 -1.000000 0.000000
vn 0.000000 -1.000000 0.000000
vn 0.000000 -1.000000 0.000000
vn 0.000000 -1.000000 0.000000
vn 0.000000 -1.000000 0.000000
vn 0.000000 -1.000000 0.000000
vn 0.000000 -1.000000 0.000000
vn 0.000000 -1.000000 0.000000
vn 0.000000 -1.000000 0.000000
vn 0.000000 -1.000000 0.000000
vn 0.000000 -1.000000 0.000000
vn 0.000000 -1.000000 0.000000
vn 0.000000 -1.000000 0.000000
vn 0.000000 -1.000000 0.000000
vn 0.000000 -1.000000 0.000000
vn 0.000000 -1.000000 0.000000
vn 0.000000 -1.000000 0.000000
vn 0.000000 -1.000000 0.000000
vn -0.000000 1.000000 -0.000000
vn -0.000000 1.000000 -0.000000
vn -0.000000 1.000000 -0.000000
vn -0.000000 1.000000 -0.000000
vn -0.000000 1.000000 -0.000000
vn -0.000000 1.000000 -0.000000
vn -0.000000 1.000000 -0.000000
vn -0.000000 1.000000 -0.000000
vn -0.000000 1.000000 -0.000000
vn -0.000000 1.000000 -0.000000
vn -0.000000 1.000000 -0.000000
vn -0.000000 1.000000 -0.000000
vn 1.000000 0.000000 0.000004
vn 1.000000 0.000000 0.000004
vn 1.000000 0.000000 0.000004
vn 1.000000 0.000000 0.000004
vn -0.000004 -0.208710 0.977977
vn -0.000004 -0.208710 0.977977
vn -0.000004 -0.208710 0.977977
vn -0.000004 -0.104934 0.994479
vn 0.000004 -0.000000 -1.000000
vn 0.000004 -0.000000 -1.000000
vn 0.000004 -0.000000 -1.000000
vn 0.000004 -0.000000 -1.000000
vn 0.000004 -0.000000 -1.000000
vn 0.000004 -0.000000 -1.000000
vn 0.000004 -0.000000 -1.000000
vn 0.000004 -0.000000 -1.000000
vn -1.000000 -0.000000 -0.000004
vn -1.000000 -0.000000 -0.000004
vn -1.000000 -0.000000 -0.000004
vn -1.000000 -0.000000 -0.000004
vn -0.000004 -0.104934 0.994479
vn -0.000004 0.000000 1.000000
vn -0.000004 0.000000 1.000000
vn -0.000004 -0.104934 0.994479
vn 1.000000 0.000000 0.000004
vn 1.000000 0.000000 0.000004
vn 1.000000 0.000000 0.000004
vn 1.000000 0.000000 0.000004
vn -0.000000 1.000000 -0.000000
vn -0.000000 1.000000 -0.000000
vn -0.000000 1.000000 -0.000000
vn -0.000000 1.000000 -0.000000
vn 0.000004 -0.000000 -1.000000
vn 0.000004 -0.000000 -1.000000
vn 0.000004 -0.000000 -1.000000
vn 0.000004 -0.000000 -1.000000
vn 0.000000 -1.000000 0.000000
vn 0.000000 -1.000000 0.000000
vn 0.000000 -1.000000 0.000000
vn 0.000000 -1.000000 0.000000
vn 0.000000 -1.000000 0.000000
vn 0.000000 -1.000000 0.000000
vn 0.000000 -1.000000 0.000000
vn 0.000000 -1.000000 0.000000
vn -0.000000 1.000000 -0.000000
vn -0.000000 1.000000 -0.000000
vn -0.000000 1.000000 -0.000000
vn -0.000000 1.000000 -0.000000
vn -0.000004 0.000000 1.000000
vn -0.000004 0.000000 1.000000
vn -0.000004 0.000000 1.000000
vn -0.000004 0.000000 1.000000
vn 1.000000 0.000000 0.000004
vn 1.000000 0.000000 0.000004
vn 1.000000 0.000000 0.000004
vn 1.000000 0.000000 0.000004
vn 1.000000 0.000000 0.000004
vn 1.000000 0.000000 0.000004
vn 1.000000 0.000000 0.000004
vn 1.000000 0.000000 0.000004
vn 1.000000 0.000000 0.000004
vn 1.000000 0.000000 0.000004
vn 1.000000 0.000000 0.000004
vn 1.000000 0.000000 0.000004
vn -0.000004 -0.208710 0.977977
vn -0.000004 -0.208710 0.977977
vn -0.000004 -0.104934 0.994479
vn -0.000004 -0.208710 0.977977
vn -1.000000 -0.000000 -0.000004
vn -1.000000 -0.000000 -0.000004
vn -1.000000 -0.000000 -0.000004
vn -1.000000 -0.000000 -0.000004
vn 0.000000 -1.000000 0.000000
vn 0.000000 -1.000000 0.000000
vn 0.000000 -1.000000 0.000000
vn 0.000000 -1.000000 0.000000
vn 0.000000 -1.000000 0.000000
vn 0.000000 -1.000000 0.000000
vn 0.000000 -1.000000 0.000000
vn 0.000000 -1.000000 0.000000
vn 0.000000 -1.000000 0.000000
vn 0.000000 -1.000000 0.000000
vn 0.000000 -1.000000 0.000000
vn 0.000000 -1.000000 0.000000
vn -1.000000 -0.000000 -0.000004
vn -1.000000 -0.000000 -0.000004
vn -1.000000 -0.000000 -0.000004
vn -1.000000 -0.000000 -0.000004
vn -1.000000 -0.000000 -0.000004
vn -1.000000 -0.000000 -0.000004
vn -1.000000 -0.000000 -0.000004
vn -1.000000 -0.000000 -0.000004
vn -1.000000 -0.000000 -0.000004
vn -1.000000 -0.000000 -0.000004
vn -1.000000 -0.000000 -0.000004
vn -1.000000 -0.000000 -0.000004
vn -1.000000 -0.000000 -0.000004
vn -1.000000 -0.000000 -0.000004
vn 1.000000 0.000000 0.000004
vn 1.000000 0.000000 0.000004
vn 1.000000 0.000000 0.000004
vn 1.000000 0.000000 0.000004
vn 1.000000 0.000000 0.000004
vn 1.000000 0.000000 0.000004
vn 1.000000 0.000000 0.000004
vn 1.000000 0.000000 0.000004
vn 1.000000 0.000000 0.000004
vn 1.000000 0.000000 0.000004
vn -1.000000 -0.000000 -0.000004
vn -1.000000 -0.000000 -0.000004
vn -1.000000 -0.000000 -0.000004
vn -1.000000 -0.000000 -0.000004
vn -1.000000 -0.000000 -0.000004
vn -1.000000 -0.000000 -0.000004
vn -1.000000 -0.000000 -0.000004
vn -1.000000 -0.000000 -0.000004
vn -1.000000 -0.000000 -0.000004
vn -1.000000 -0.000000 -0.000004
vn 0.000000 -1.000000 0.000000
vn 0.000000 -1.000000 0.000000
vn 0.000000 -1.000000 0.000000
vn 0.000000 -1.000000 0.000000
vn 0.000000 -1.000000 0.000000
vn 0.000000 -1.000000 0.000000
vn 1.000000 0.000000 0.000004
vn 1.000000 0.000000 0.000004
vn 1.000000 0.000000 0.000004
vn 1.000000 0.000000 0.000004
vn 0.000004 -0.000000 -1.000000
vn 0.000004 -0.000000 -1.000000
vn 0.000004 -0.000000 -1.000000
vn 0.000004 -0.000000 -1.000000
vn -0.000000 1.000000 -0.000000
vn -0.000000 1.000000 -0.000000
vn -0.000000 1.000000 -0.000000
vn -0.000000 1.000000 -0.000000
vn -0.000000 1.000000 -0.000000
vn -0.000000 1.000000 -0.000000
vn -0.000000 1.000000 -0.000000
vn -0.000000 1.000000 -0.000000
vn -0.000000 1.000000 -0.000000
vn -0.000000 1.000000 -0.000000
vn -0.000000 1.000000 -0.000000
vn -0.000000 1.000000 -0.000000
vn 1.000000 0.000000 0.000004
vn 1.000000 0.000000 0.000004
vn 1.000000 0.000000 0.000004
vn 1.000000 0.000000 0.000004
vn -1.000000 -0.000000 -0.000004
vn -1.000000 -0.000000 -0.000004
vn -1.000000 -0.000000 -0.000004
vn -1.000000 -0.000000 -0.000004
vn -0.000000 1.000000 -0.000000
vn -0.000000 1.000000 -0.000000
vn -0.000000 1.000000 -0.000000
vn -0.000000 1.000000 -0.000000
vn -1.000000 -0.000000 -0.000004
vn -1.000000 -0.000000 -0.000004
vn -1.000000 -0.000000 -0.000004
vn -1.000000 -0.000000 -0.000004
vn 1.000000 0.000000 0.000004
vn 1.000000 0.000000 0.000004
vn 1.000000 0.000000 0.000004
vn 1.000000 0.000000 0.000004
vn -0.000004 0.000000 1.000000
vn -0.000004 0.000000 1.000000
vn -0.000004 0.000000 1.000000
vn -0.000004 0.000000 1.000000
vn 0.000000 -1.000000 0.000000
vn 0.000000 -1.000000 0.000000
vn 0.000000 -1.000000 0.000000
vn 0.000000 -1.000000 0.000000
vn -0.000004 0.000000 1.000000
vn -0.000004 0.000000 1.000000
vn -0.000004 0.000000 1.000000
vn -0.000004 0.000000 1.000000
vn -0.000000 1.000000 -0.000000
vn -0.000000 1.000000 -0.000000
vn -0.000000 1.000000 -0.000000
vn -0.000000 1.000000 -0.000000
vn -0.000004 0.000000 1.000000
vn -0.000004 0.000000 1.000000
vn -0.000004 0.000000 1.000000
vn -0.000004 0.000000 1.000000
vn 0.000004 -0.000000 -1.000000
vn 0.000004 -0.000000 -1.000000
vn 0.000004 -0.000000 -1.000000
vn 0.000004 -0.000000 -1.000000
vn 0.000000 -1.000000 0.000000
vn 0.000000 -1.000000 0.000000
vn 0.000000 -1.000000 0.000000
vn 0.000000 -1.000000 0.000000
vn -0.000000 1.000000 -0.000000
vn -0.000000 1.000000 -0.000000
vn -0.000000 1.000000 -0.000000
vn -0.000000 1.000000 -0.000000
vn -1.000000 -0.000000 -0.000004
vn -1.000000 -0.000000 -0.000004
vn -1.000000 -0.000000 -0.000004
vn -1.000000 -0.000000 -0.000004
vn -0.000004 0.000000 1.000000
vn -0.000004 0.000000 1.000000
vn -0.000004 0.000000 1.000000
vn -0.000004 0.000000 1.000000
vn 0.000004 -0.000000 -1.000000
vn 0.000004 -0.000000 -1.000000
vn 0.000004 -0.000000 -1.000000
vn 0.000004 -0.000000 -1.000000
vn -0.000004 0.000000 1.000000
vn -0.000004 0.000000 1.000000
vn -0.000004 0.000000 1.000000
vn -0.000004 0.000000 1.000000
vn -0.000000 1.000000 -0.000000
vn -0.000000 1.000000 -0.000000
vn -0.000000 1.000000 -0.000000
vn -0.000000 1.000000 -0.000000
vn 1.000000 0.000000 0.000004
vn 1.000000 0.000000 0.000004
vn 1.000000 0.000000 0.000004
vn 1.000000 0.000000 0.000004
vn -1.000000 -0.000000 -0.000004
vn -1.000000 -0.000000 -0.000004
vn -1.000000 -0.000000 -0.000004
vn -1.000000 -0.000000 -0.000004
vn -0.000004 0.000000 1.000000
vn -0.000004 0.000000 1.000000
vn -0.000004 0.000000 1.000000
vn -0.000004 0.000000 1.000000
vn 0.000000 -0.996529 -0.083252
vn 0.000000 -0.996529 -0.083252
vn 0.000000 -0.996529 -0.083252
vn 0.000000 -0.996529 -0.083252
vn -0.000000 0.996529 0.083252
vn -0.000000 0.996529 0.083252
vn -0.000000 0.996529 0.083252
vn -0.000000 0.996529 0.083252
vn 1.000000 0.000000 0.000004
vn 1.000000 0.000000 0.000004
vn 1.000000 0.000000 0.000004
vn 1.000000 0.000000 0.000004
vn -0.045705 -0.000000 -0.998955
vn -0.091319 -0.000000 -0.995822
vn -0.091319 -0.000000 -0.995822
vn -0.045705 -0.000000 -0.998955
vn 0.044814 -0.000000 -0.998995
vn 0.044814 -0.000000 -0.998995
vn 0.089533 -0.000000 -0.995984
vn 0.089533 -0.000000 -0.995984
vn -1.000000 -0.000000 -0.000004
vn -1.000000 -0.000000 -0.000004
vn -1.000000 -0.000000 -0.000004
vn -1.000000 -0.000000 -0.000004
vn -0.044814 0.000000 0.998995
vn -0.089533 0.000000 0.995984
vn -0.089533 0.000000 0.995984
vn -0.044814 0.000000 0.998995
vn 0.045705 0.000000 0.998955
vn 0.045705 0.000000 0.998955
vn 0.091319 0.000000 0.995822
vn 0.091319 0.000000 0.995822
vn 0.000000 -1.000000 0.000000
vn 0.000000 -1.000000 0.000000
vn 0.000000 -1.000000 0.000000
vn 0.000000 -1.000000 0.000000
vn 0.000000 -1.000000 0.000000
vn 0.000000 -1.000000 0.000000
vn 0.000000 -1.000000 0.000000
vn 0.000000 -1.000000 0.000000
vn -0.000000 1.000000 -0.000000
vn -0.000000 1.000000 -0.000000
vn -0.000000 1.000000 -0.000000
vn -0.000000 1.000000 -0.000000
vn -0.000000 1.000000 -0.000000
vn -0.000000 1.000000 -0.000000
vn -0.000000 1.000000 -0.000000
vn -0.000000 1.000000 -0.000000
vn -1.000000 -0.000000 -0.000004
vn -1.000000 -0.000000 -0.000004
vn -1.000000 -0.000000 -0.000004
vn -1.000000 -0.000000 -0.000004
vn 0.045704 0.000000 0.998955
vn 0.091317 0.000000 0.995822
vn 0.091317 0.000000 0.995822
vn 0.045704 0.000000 0.998955
vn -0.044815 0.000000 0.998995
vn -0.044815 0.000000 0.998995
vn -0.089535 0.000000 0.995984
vn -0.089535 0.000000 0.995984
vn 1.000000 0.000000 0.000004
vn 1.000000 0.000000 0.000004
vn 1.000000 0.000000 0.000004
vn 1.000000 0.000000 0.000004
vn 0.044815 -0.000000 -0.998995
vn 0.089535 -0.000000 -0.995984
vn 0.089535 -0.000000 -0.995984
vn 0.044815 -0.000000 -0.998995
vn -0.045704 -0.000000 -0.998955
vn -0.045704 -0.000000 -0.998955
vn -0.091317 -0.000000 -0.995822
vn -0.091317 -0.000000 -0.995822
vn 0.000000 -1.000000 0.000000
vn 0.000000 -1.000000 0.000000
vn 0.000000 -1.000000 0.000000
vn 0.000000 -1.000000 0.000000
vn 0.000000 -1.000000 0.000000
vn 0.000000 -1.000000 0.000000
vn 0.000000 -1.000000 0.000000
vn 0.000000 -1.000000 0.000000
vn -0.000000 1.000000 -0.000000
vn -0.000000 1.000000 -0.000000
vn -0.000000 1.000000 -0.000000
vn -0.000000 1.000000 -0.000000
vn -0.000000 1.000000 -0.000000
vn -0.000000 1.000000 -0.000000
vn -0.000000 1.000000 -0.000000
vn -0.000000 1.000000 -0.000000
vn -0.000000 1.000000 -0.000000
vn -0.000000 1.000000 -0.000000
vn -0.000000 1.000000 -0.000000
vn -0.000000 1.000000 -0.000000
vn -0.000000 1.000000 -0.000000
vn -0.000000 1.000000 -0.000000
vn -0.000000 1.000000 -0.000000
vn -0.000000 1.000000 -0.000000
vn -0.000000 1.000000 -0.000000
vn -0.000000 1.000000 -0.000000
vn -0.000000 1.000000 -0.000000
vn -0.000000 1.000000 -0.000000
vn -0.000000 1.000000 -0.000000
vn -0.000000 1.000000 -0.000000
vn -0.000000 1.000000 -0.000000
vn -0.000000 1.000000 -0.000000
vn -1.000000 -0.000000 -0.000004
vn -1.000000 -0.000000 -0.000004
vn -1.000000 -0.000000 -0.000004
vn -1.000000 -0.000000 -0.000004
vn 1.000000 0.000000 0.000004
vn 1.000000 0.000000 0.000004
vn 1.000000 0.000000 0.000004
vn 1.000000 0.000000 0.000004
vn 0.000004 -0.000000 -1.000000
vn 0.000004 -0.000000 -1.000000
vn 0.000004 -0.000000 -1.000000
vn 0.000004 -0.000000 -1.000000
vn 0.000004 -0.000000 -1.000000
vn 0.000004 -0.000000 -1.000000
vn 0.000004 -0.000000 -1.000000
vn 0.000004 -0.000000 -1.000000
vn -0.000004 0.000000 1.000000
vn -0.000004 0.000000 1.000000
vn -0.000004 0.000000 1.000000
vn -0.000004 0.000000 1.000000
vn -0.000004 0.000000 1.000000
vn -0.000004 0.000000 1.000000
vn -0.000004 0.000000 1.000000
vn -0.000004 0.000000 1.000000
vn -1.000000 -0.000000 -0.000004
vn -1.000000 -0.000000 -0.000004
vn -1.000000 -0.000000 -0.000004
vn -1.000000 -0.000000 -0.000004
vn 0.000004 -0.000000 -1.000000
vn 0.000004 -0.000000 -1.000000
vn 0.000004 -0.000000 -1.000000
vn 0.000004 -0.000000 -1.000000
vn 1.000000 0.000000 0.000004
vn 1.000000 0.000000 0.000004
vn 1.000000 0.000000 0.000004
vn 1.000000 0.000000 0.000004
vn 0.000000 -1.000000 0.000000
vn 0.000000 -1.000000 0.000000
vn 0.000000 -1.000000 0.000000
vn 0.000000 -1.000000 0.000000
vn 0.000000 -1.000000 0.000000
vn 0.000000 -1.000000 0.000000
vn 0.000000 -1.000000 0.000000
vn 0.000000 -1.000000 0.000000
vn 0.000000 -1.000000 0.000000
vn 0.000000 -1.000000 0.000000
vn 0.000000 -1.000000 0.000000
vn 0.000000 -1.000000 0.000000
vn 0.000000 -1.000000 0.000000
vn 0.000000 -1.000000 0.000000
vn 0.000000 -1.000000 0.000000
vn 0.000000 -1.000000 0.000000
vn -1.000000 -0.000000 -0.000004
vn -1.000000 -0.000000 -0.000004
vn -1.000000 -0.000000 -0.000004
vn -1.000000 -0.000000 -0.000004
vn 0.000004 -0.000000 -1.000000
vn 0.000004 -0.000000 -1.000000
vn 0.000004 -0.000000 -1.000000
vn 0.000004 -0.000000 -1.000000
vn 0.000004 -0.000000 -1.000000
vn 0.000004 -0.000000 -1.000000
vn 0.000004 -0.000000 -1.000000
vn 0.000004 -0.000000 -1.000000
vn 1.000000 0.000000 0.000004
vn 1.000000 0.000000 0.000004
vn 1.000000 0.000000 0.000004
vn 1.000000 0.000000 0.000004
vn -0.000004 0.000000 1.000000
vn -0.000004 0.000000 1.000000
vn -0.000004 0.000000 1.000000
vn -0.000004 0.000000 1.000000
vn -0.000004 0.000000 1.000000
vn -0.000004 0.000000 1.000000
vn -0.000004 0.000000 1.000000
vn -0.000004 0.000000 1.000000
vn 0.000004 -0.000000 -1.000000
vn 0.000004 -0.000000 -1.000000
vn 0.000004 -0.000000 -1.000000
vn 0.000004 -0.000000 -1.000000
vn 1.000000 0.000000 0.000004
vn 1.000000 0.000000 0.000004
vn 1.000000 0.000000 0.000004
vn 1.000000 0.000000 0.000004
vn 0.000004 -0.000000 -1.000000
vn 0.000004 -0.000000 -1.000000
vn 0.000004 -0.000000 -1.000000
vn 0.000004 -0.000000 -1.000000
f 1/1/1 2/2/2 3/3/3
f 4/4/4 5/5/5 6/6/6
f 7/7/7 8/8/8 9/9/9
f 10/10/10 11/11/11 12/12/12
f 13/13/13 14/14/14 15/15/15
f 16/16/16 17/17/17 18/18/18
f 19/19/19 20/20/20 21/21/21
f 22/22/22 23/23/23 24/24/24
f 25/25/25 26/26/26 27/27/27
f 28/28/28 27/27/27 29/29/29
f 30/30/30 31/31/31 32/32/32
f 30/30/30 33/33/33 34/34/34
f 35/35/35 36/36/36 37/37/37
f 35/35/35 38/38/38 39/39/39
f 40/40/40 35/35/35 39/39/39
f 40/40/40 41/41/41 35/35/35
f 40/40/40 42/42/42 41/41/41
f 40/40/40 43/43/43 44/44/44
f 45/45/45 46/46/46 47/47/47
f 48/48/48 47/47/47 49/49/49
f 50/50/50 51/51/51 52/52/52
f 50/50/50 53/53/53 54/54/54
f 55/55/55 56/56/56 57/57/57
f 55/55/55 58/58/58 59/59/59
f 60/60/60 58/58/58 55/55/55
f 60/60/60 55/55/55 61/61/61
f 60/60/60 61/61/61 62/62/62
f 60/60/60 63/63/63 64/64/64
f 65/65/65 66/66/66 67/67/67
f 65/65/65 67/67/67 68/68/68
f 69/69/69 70/70/70 71/71/71
f 69/69/69 72/72/72 70/70/70
f 73/73/73 72/72/72 69/69/69
f 72/72/72 74/74/74 70/70/70
f 73/73/73 75/75/75 72/72/72
f 76/76/76 75/75/75 73/73/73
f 76/76/76 77/77/77 75/75/75
f 78/78/78 77/77/77 76/76/76
f 78/78/78 79/79/79 77/77/77
f 72/72/72 80/80/80 74/74/74
f 80/80/80 81/81/81 74/74/74
f 80/80/80 82/82/82 81/81/81
f 83/83/83 82/82/82 80/80/80
f 82/82/82 84/84/84 81/81/81
f 82/82/82 85/85/85 84/84/84
f 83/83/83 86/86/86 82/82/82
f 86/86/86 85/85/85 82/82/82
f 86/86/86 87/87/87 85/85/85
f 88/88/88 87/87/87 86/86/86
f 88/88/88 89/89/89 87/87/87
f 90/90/90 89/89/89 88/88/88
f 90/90/90 91/91/91 89/89/89
f 92/92/92 91/91/91 90/90/90
f 92/92/92 93/93/93 91/91/91
f 94/94/94 95/95/95 96/96/96
f 94/94/94 97/97/97 95/95/95
f 98/98/98 97/97/97 94/94/94
f 97/97/97 99/99/99 95/95/95
f 98/98/98 100/100/100 97/97/97
f 101/101/101 100/100/100 98/98/98
f 101/101/101 102/102/102 100/100/100
f 97/97/97 103/103/103 99/99/99
f 102/102/102 104/104/104 100/100/100
f 103/103/103 105/105/105 99/99/99
f 102/102/102 106/106/106 104/104/104
f 103/103/103 107/107/107 105/105/105
f 104/104/104 107/107/107 103/103/103
f 107/107/107 108/108/108 105/105/105
f 107/107/107 109/109/109 108/108/108
f 106/106/106 110/110/110 104/104/104
f 104/104/104 110/110/110 107/107/107
f 110/110/110 109/109/109 107/107/107
f 106/106/106 111/111/111 110/110/110
f 110/110/110 112/112/112 109/109/109
f 111/111/111 112/112/112 110/110/110
f 111/111/111 113/113/113 112/112/112
f 114/114/114 115/115/115 116/116/116
f 114/114/114 116/116/116 117/117/117
f 118/118/118 114/114/114 117/117/117
f 117/117/117 116/116/116 119/119/119
f 118/118/118 117/117/117 120/120/120
f 121/121/121 118/118/118 120/120/120
f 117/117/117 119/119/119 122/122/122
f 120/120/120 117/117/117 122/122/122
f 122/122/122 119/119/119 123/123/123
f 121/121/121 120/120/120 124/124/124
f 125/125/125 121/121/121 124/124/124
f 125/125/125 124/124/124 126/126/126
f 126/126/126 124/124/124 127/127/127
f 120/120/120 122/122/122 128/128/128
f 126/126/126 127/127/127 129/129/129
f 122/122/122 123/123/123 130/130/130
f 128/128/128 122/122/122 130/130/130
f 130/130/130 123/123/123 131/131/131
f 129/129/129 127/127/127 132/132/132
f 129/129/129 132/132/132 133/133/133
f 127/127/127 128/128/128 134/134/134
f 128/128/128 130/130/130 134/134/134
f 127/127/127 134/134/134 132/132/132
f 130/130/130 131/131/131 135/135/135
f 134/134/134 130/130/130 135/135/135
f 135/135/135 131/131/131 136/136/136
f 135/135/135 136/136/136 137/137/137
f 134/134/134 135/135/135 138/138/138
f 132/132/132 134/134/134 138/138/138
f 132/132/132 138/138/138 139/139/139
f 133/133/133 132/132/132 139/139/139
f 133/133/133 139/139/139 140/140/140
f 141/141/141 142/142/142 143/143/143
f 141/141/141 143/143/143 144/144/144
f 145/145/145 141/141/141 144/144/144
f 144/144/144 143/143/143 146/146/146
f 145/145/145 144/144/144 147/147/147
f 148/148/148 145/145/145 147/147/147
f 144/144/144 146/146/146 149/149/149
f 149/149/149 146/146/146 150/150/150
f 149/149/149 150/150/150 151/151/151
f 152/152/152 149/149/149 151/151/151
f 152/152/152 151/151/151 153/153/153
f 148/148/148 147/147/147 154/154/154
f 155/155/155 148/148/148 154/154/154
f 155/155/155 154/154/154 156/156/156
f 157/157/157 152/152/152 153/153/153
f 156/156/156 154/154/154 157/157/157
f 157/157/157 153/153/153 158/158/158
f 156/156/156 157/157/157 159/159/159
f 159/159/159 157/157/157 158/158/158
f 159/159/159 158/158/158 160/160/160
f 161/161/161 162/162/162 163/163/163
f 161/161/161 164/164/164 162/162/162
f 165/165/165 164/164/164 161/161/161
f 164/164/164 166/166/166 162/162/162
f 165/165/165 167/167/167 164/164/164
f 168/168/168 167/167/167 165/165/165
f 164/164/164 169/169/169 166/166/166
f 167/167/167 169/169/169 164/164/164
f 169/169/169 170/170/170 166/166/166
f 169/169/169 171/171/171 170/170/170
f 172/172/172 171/171/171 169/169/169
f 167/167/167 172/172/172 169/169/169
f 172/172/172 173/173/173 171/171/171
f 168/168/168 174/174/174 167/167/167
f 174/174/174 172/172/172 167/167/167
f 175/175/175 174/174/174 168/168/168
f 175/175/175 176/176/176 174/174/174
f 177/177/177 173/173/173 172/172/172
f 174/174/174 177/177/177 172/172/172
f 176/176/176 177/177/177 174/174/174
f 177/177/177 178/178/178 173/173/173
f 176/176/176 179/179/179 177/177/177
f 179/179/179 178/178/178 177/177/177
f 179/179/179 180/180/180 178/178/178
f 181/181/181 179/179/179 176/176/176
f 181/181/181 182/182/182 179/179/179
f 183/183/183 184/184/184 185/185/185
f 183/183/183 185/185/185 186/186/186
f 187/187/187 188/188/188 189/189/189
f 187/187/187 190/190/190 188/188/188
f 191/191/191 190/190/190 187/187/187
f 190/190/190 192/192/192 188/188/188
f 191/191/191 193/193/193 190/190/190
f 194/194/194 193/193/193 191/191/191
f 190/190/190 195/195/195 192/192/192
f 193/193/193 195/195/195 190/190/190
f 195/195/195 196/196/196 192/192/192
f 195/195/195 197/197/197 196/196/196
f 198/198/198 197/197/197 195/195/195
f 193/193/193 198/198/198 195/195/195
f 198/198/198 199/199/199 197/197/197
f 194/194/194 200/200/200 193/193/193
f 200/200/200 198/198/198 193/193/193
f 201/201/201 200/200/200 194/194/194
f 202/202/202 199/199/199 198/198/198
f 200/200/200 202/202/202 198/198/198
f 202/202/202 203/203/203 199/199/199
f 201/201/201 204/204/204 200/200/200
f 204/204/204 202/202/202 200/200/200
f 205/205/205 204/204/204 201/201/201
f 205/205/205 206/206/206 204/204/204
f 207/207/207 203/203/203 202/202/202
f 204/204/204 207/207/207 202/202/202
f 206/206/206 207/207/207 204/204/204
f 207/207/207 208/208/208 203/203/203
f 206/206/206 209/209/209 207/207/207
f 209/209/209 208/208/208 207/207/207
f 209/209/209 210/210/210 208/208/208
f 211/211/211 212/212/212 213/213/213
f 211/211/211 213/213/213 214/214/214
f 215/215/215 216/216/216 217/217/217
f 215/215/215 217/217/217 218/218/218
f 219/219/219 220/220/220 221/221/221
f 219/219/219 221/221/221 222/222/222
f 223/223/223 224/224/224 225/225/225
f 223/223/223 225/225/225 226/226/226
f 227/227/227 228/228/228 229/229/229
f 227/227/227 229/229/229 230/230/230
f 231/231/231 232/232/232 233/233/233
f 231/231/231 234/234/234 232/232/232
f 235/235/235 232/232/232 234/234/234
f 235/235/235 236/236/236 232/232/232
f 237/237/237 236/236/236 235/235/235
f 237/237/237 235/235/235 238/238/238
f 239/239/239 240/240/240 241/241/241
f 239/239/239 241/241/241 242/242/242
f 243/243/243 244/244/244 245/245/245
f 243/243/243 245/245/245 246/246/246
f 247/247/247 248/248/248 249/249/249
f 247/247/247 249/249/249 250/250/250
f 251/251/251 252/252/252 253/253/253
f 251/251/251 253/253/253 254/254/254
f 255/255/255 256/256/256 257/257/257
f 255/255/255 257/257/257 258/258/258
f 259/259/259 260/260/260 261/261/261
f 259/259/259 261/261/261 262/262/262
f 263/263/263 259/259/259 262/262/262
f 263/263/263 262/262/262 264/264/264
f 265/265/265 263/263/263 264/264/264
f 265/265/265 264/264/264 266/266/266
f 267/267/267 268/268/268 269/269/269
f 267/267/267 269/269/269 270/270/270
f 271/271/271 272/272/272 273/273/273
f 271/271/271 273/273/273 274/274/274
f 275/275/275 276/276/276 277/277/277
f 275/275/275 278/278/278 276/276/276
f 278/278/278 279/279/279 276/276/276
f 280/280/280 278/278/278 275/275/275
f 278/278/278 281/281/281 279/279/279
f 280/280/280 282/282/282 278/278/278
f 282/282/282 281/281/281 278/278/278
f 283/283/283 282/282/282 280/280/280
f 282/282/282 284/284/284 281/281/281
f 283/283/283 285/285/285 282/282/282
f 285/285/285 284/284/284 282/282/282
f 285/285/285 286/286/286 284/284/284
f 287/287/287 288/288/288 289/289/289
f 287/287/287 289/289/289 290/290/290
f 291/291/291 292/292/292 293/293/293
f 291/291/291 293/293/293 294/294/294
f 295/295/295 296/296/296 297/297/297
f 295/295/295 297/297/297 298/298/298
f 299/299/299 300/300/300 301/301/301
f 299/299/299 302/302/302 300/300/300
f 303/303/303 300/300/300 302/302/302
f 303/303/303 304/304/304 300/300/300
f 305/305/305 304/304/304 303/303/303
f 305/305/305 303/303/303 306/306/306
f 307/307/307 308/308/308 309/309/309
f 307/307/307 310/310/310 308/308/308
f 310/310/310 311/311/311 308/308/308
f 310/310/310 312/312/312 311/311/311
f 313/313/313 314/314/314 315/315/315
f 313/313/313 315/315/315 316/316/316
f 317/317/317 318/318/318 319/319/319
f 317/317/317 319/319/319 320/320/320
f 321/321/321 322/322/322 323/323/323
f 321/321/321 323/323/323 324/324/324
f 325/325/325 326/326/326 327/327/327
f 325/325/325 327/327/327 328/328/328
f 329/329/329 325/325/325 328/328/328
f 329/329/329 328/328/328 330/330/330
f 331/331/331 332/332/332 333/333/333
f 331/331/331 333/333/333 334/334/334
f 335/335/335 331/331/331 334/334/334
f 335/335/335 334/334/334 336/336/336
f 337/337/337 338/338/338 339/339/339
f 337/337/337 339/339/339 340/340/340
f 341/341/341 342/342/342 343/343/343
f 341/341/341 344/344/344 342/342/342
f 344/344/344 345/345/345 342/342/342
f 344/344/344 346/346/346 345/345/345
f 347/347/347 348/348/348 349/349/349
f 347/347/347 349/349/349 350/350/350
f 351/351/351 352/352/352 353/353/353
f 351/351/351 353/353/353 354/354/354
f 355/355/355 356/356/356 357/357/357
f 355/355/355 357/357/357 358/358/358
f 359/359/359 355/355/355 358/358/358
f 359/359/359 358/358/358 360/360/360
f 361/361/361 359/359/359 360/360/360
f 361/361/361 360/360/360 362/362/362
f 363/363/363 364/364/364 365/365/365
f 363/363/363 365/365/365 366/366/366
f 367/367/367 368/368/368 369/369/369
f 367/367/367 369/369/369 370/370/370
f 371/371/371 372/372/372 373/373/373
f 371/371/371 373/373/373 374/374/374
f 375/375/375 376/376/376 377/377/377
f 375/375/375 377/377/377 378/378/378
f 379/379/379 380/380/380 381/381/381
f 379/379/379 381/381/381 382/382/382
f 383/383/383 384/384/384 385/385/385
f 383/383/383 385/385/385 386/386/386
f 387/387/387 388/388/388 389/389/389
f 387/387/387 389/389/389 390/390/390
f 391/391/391 392/392/392 393/393/393
f 391/391/391 393/393/393 394/394/394
f 395/395/395 396/396/396 397/397/397
f 395/395/395 397/397/397 398/398/398
f 399/399/399 400/400/400 401/401/401
f 399/399/399 401/401/401 402/402/402
f 403/403/403 404/404/404 405/405/405
f 403/403/403 405/405/405 406/406/406
f 407/407/407 408/408/408 409/409/409
f 407/407/407 409/409/409 410/410/410
f 411/411/411 412/412/412 413/413/413
f 411/411/411 413/413/413 414/414/414
f 415/415/415 416/416/416 417/417/417
f 415/415/415 417/417/417 418/418/418
f 419/419/419 420/420/420 421/421/421
f 419/419/419 421/421/421 422/422/422
f 423/423/423 424/424/424 425/425/425
f 423/423/423 425/425/425 426/426/426
f 427/427/427 428/428/428 429/429/429
f 427/427/427 429/429/429 430/430/430
f 431/431/431 432/432/432 433/433/433
f 431/431/431 433/433/433 434/434/434
f 435/435/435 436/436/436 437/437/437
f 435/435/435 437/437/437 438/438/438
f 439/439/439 440/440/440 441/441/441
f 439/439/439 441/441/441 442/442/442
f 443/443/443 444/444/444 445/445/445
f 443/443/443 445/445/445 446/446/446
f 447/447/447 448/448/448 449/449/449
f 447/447/447 449/449/449 450/450/450
f 451/451/451 452/452/452 453/453/453
f 451/451/451 453/453/453 454/454/454
f 455/455/455 456/456/456 457/457/457
f 455/455/455 457/457/457 458/458/458
f 459/459/459 460/460/460 461/461/461
f 459/459/459 461/461/461 462/462/462
f 463/463/463 464/464/464 465/465/465
f 463/463/463 466/466/466 464/464/464
f 467/467/467 466/466/466 463/463/463
f 467/467/467 468/468/468 466/466/466
f 469/469/469 468/468/468 467/467/467
f 469/469/469 470/470/470 468/468/468
f 471/471/471 472/472/472 473/473/473
f 471/471/471 473/473/473 474/474/474
f 475/475/475 476/476/476 477/477/477
f 475/475/475 478/478/478 476/476/476
f 479/479/479 478/478/478 475/475/475
f 479/479/479 480/480/480 478/478/478
f 481/481/481 480/480/480 479/479/479
f 481/481/481 482/482/482 480/480/480
f 483/483/483 484/484/484 485/485/485
f 483/483/483 485/485/485 486/486/486
f 487/487/487 483/483/483 486/486/486
f 487/487/487 486/486/486 488/488/488
f 489/489/489 487/487/487 488/488/488
f 489/489/489 488/488/488 490/490/490
f 491/491/491 492/492/492 493/493/493
f 491/491/491 493/493/493 494/494/494
f 495/495/495 491/491/491 494/494/494
f 495/495/495 494/494/494 496/496/496
f 497/497/497 495/495/495 496/496/496
f 497/497/497 496/496/496 498/498/498
f 499/499/499 500/500/500 501/501/501
f 499/499/499 501/501/501 502/502/502
f 503/503/503 504/504/504 505/505/505
f 503/503/503 506/506/506 504/504/504
f 507/507/507 506/506/506 503/503/503
f 507/507/507 508/508/508 506/506/506
f 509/509/509 508/508/508 507/507/507
f 509/509/509 510/510/510 508/508/508
f 511/511/511 512/512/512 513/513/513
f 511/511/511 513/513/513 514/514/514
f 515/515/515 516/516/516 517/517/517
f 515/515/515 518/518/518 516/516/516
f 519/519/519 518/518/518 515/515/515
f 519/519/519 520/520/520 518/518/518
f 521/521/521 520/520/520 519/519/519
f 521/521/521 522/522/522 520/520/520
f 523/523/523 524/524/524 525/525/525
f 523/523/523 525/525/525 526/526/526
f 527/527/527 523/523/523 526/526/526
f 527/527/527 526/526/526 528/528/528
f 529/529/529 527/527/527 528/528/528
f 529/529/529 528/528/528 530/530/530
f 531/531/531 532/532/532 533/533/533
f 531/531/531 533/533/533 534/534/534
f 535/535/535 531/531/531 534/534/534
f 535/535/535 534/534/534 536/536/536
f 537/537/537 535/535/535 536/536/536
f 537/537/537 536/536/536 538/538/538
f 539/539/539 540/540/540 541/541/541
f 539/539/539 541/541/541 542/542/542
f 543/543/543 544/544/544 545/545/545
f 543/543/543 545/545/545 546/546/546
f 547/547/547 548/548/548 549/549/549
f 547/547/547 549/549/549 550/550/550
f 551/551/551 552/552/552 553/553/553
f 551/551/551 553/553/553 554/554/554
f 555/555/555 556/556/556 557/557/557
f 555/555/555 557/557/557 558/558/558
f 559/559/559 560/560/560 561/561/561
f 559/559/559 561/561/561 562/562/562
f 563/563/563 564/564/564 565/565/565
f 563/563/563 565/565/565 566/566/566
f 567/567/567 568/568/568 569/569/569
f 567/567/567 569/569/569 570/570/570
f 571/571/571 572/572/572 573/573/573
f 571/571/571 573/573/573 574/574/574
f 575/575/575 576/576/576 577/577/577
f 575/575/575 577/577/577 578/578/578
f 579/579/579 580/580/580 581/581/581
f 579/579/579 581/581/581 582/582/582
f 583/583/583 584/584/584 585/585/585
f 583/583/583 585/585/585 586/586/586
f 587/587/587 588/588/588 589/589/589
f 587/587/587 589/589/589 590/590/590
f 591/591/591 592/592/592 593/593/593
f 591/591/591 593/593/593 594/594/594
f 595/595/595 596/596/596 597/597/597
f 595/595/595 597/597/597 598/598/598
f 599/599/599 600/600/600 601/601/601
f 599/599/599 601/601/601 602/602/602
f 603/603/603 604/604/604 605/605/605
f 603/603/603 605/605/605 606/606/606
f 607/607/607 608/608/608 609/609/609
f 607/607/607 609/609/609 610/610/610
f 611/611/611 612/612/612 613/613/613
f 611/611/611 613/613/613 614/614/614
f 615/615/615 616/616/616 617/617/617
f 615/615/615 617/617/617 618/618/618
f 619/619/619 620/620/620 621/621/621
f 619/619/619 621/621/621 622/622/622
f 623/623/623 624/624/624 625/625/625
f 623/623/623 625/625/625 626/626/626
f 627/627/627 628/628/628 629/629/629
f 627/627/627 629/629/629 630/630/630
f 631/631/631 632/632/632 633/633/633
f 631/631/631 633/633/633 634/634/634
f 635/635/635 636/636/636 637/637/637
f 635/635/635 637/637/637 638/638/638
f 639/639/639 640/640/640 641/641/641
f 639/639/639 641/641/641 642/642/642
