g Model_0
v 0.980962 2.125000 -0.999996
v 1.230962 2.125000 -0.999995
v 1.230954 2.125001 0.833338
v 0.980962 2.125000 -0.999996
v 1.230954 2.125001 0.833338
v 0.980954 2.125000 0.833337
v -1.230954 2.125000 -1.000006
v -1.230962 2.125000 0.833328
v -1.230962 2.375000 0.833327
v -1.230954 2.125000 -1.000006
v -1.230962 2.375000 0.833327
v -1.230954 2.375000 -1.000006
v 1.230954 2.125001 0.833338
v 1.230962 2.125000 -0.999995
v 1.230962 2.375000 -0.999995
v 1.230954 2.125001 0.833338
v 1.230962 2.375000 -0.999995
v 1.230954 2.375001 0.833338
v 0.564514 2.632920 3.026956
v 0.564514 2.277845 3.026956
v 0.564534 2.277844 -1.447737
v 0.564534 2.632918 -1.447737
v 0.564534 2.632918 -1.447737
v 0.564534 2.277844 -1.447737
v -0.564522 2.277844 -1.447742
v -0.564522 2.632918 -1.447742
v -0.564522 2.632918 -1.447742
v -0.564522 2.277844 -1.447742
v -0.564541 2.277845 3.026951
v -0.564541 2.632920 3.026951
v -0.564541 2.632920 3.026951
v -0.564541 2.277845 3.026951
v 0.564514 2.277845 3.026956
v 0.564514 2.632920 3.026956
v -0.564541 2.632920 3.026951
v 0.564514 2.632920 3.026956
v 0.564534 2.632918 -1.447737
v -0.564522 2.632918 -1.447742
v -1.230962 0.375000 0.833328
v -1.230973 -0.124999 3.499995
v -1.230973 0.375001 3.499995
v -1.230962 -0.125000 0.833328
v -1.230954 0.375000 -1.000005
v -1.230954 -0.125000 -1.000005
v -1.230950 0.374999 -1.750006
v -1.230950 -0.125001 -1.750005
v -1.230951 1.274999 -1.750006
v -1.230954 1.275000 -1.000006
v -1.230951 2.124999 -1.750006
v -1.230944 1.274999 -3.250006
v -1.230954 2.125000 -1.000006
v -1.230944 0.374999 -3.250006
v -1.230944 -0.125001 -3.250005
v -1.230951 2.374999 -1.750006
v -1.230954 2.375000 -1.000006
v -1.230945 2.374999 -3.006622
v -1.230945 2.124999 -3.068607
v -1.230944 2.374999 -3.256622
v -1.230944 2.124999 -3.318607
v -1.230943 1.274999 -3.500006
v -1.230943 0.374999 -3.500006
v -1.230943 -0.125001 -3.500006
v 0.980962 2.375000 -0.999996
v 1.230962 2.375000 -0.999995
v 1.230965 2.375000 -1.749995
v 0.980965 2.375000 -1.749996
v 1.230971 2.374999 -3.006612
v 0.980971 2.374999 -3.006613
v 1.230972 2.374999 -3.256612
v 0.980972 2.374999 -3.256613
v -0.980945 2.374999 -3.006621
v -0.980944 2.374999 -3.256621
v -0.980951 2.374999 -1.750005
v -1.230945 2.374999 -3.006622
v -1.230944 2.374999 -3.256622
v -1.230951 2.374999 -1.750006
v -1.230954 2.375000 -1.000006
v -0.980954 2.375000 -1.000005
v -0.980962 2.375000 0.833329
v 0.980954 2.375001 0.833337
v -0.980974 2.375001 3.499995
v -1.230974 2.375001 3.499994
v -1.230962 2.375000 0.833327
v 0.980942 2.375001 3.500004
v 1.230954 2.375001 0.833338
v 1.230942 2.375001 3.500005
v -1.230962 2.125000 0.833328
v -1.230971 1.875001 2.999994
v -1.230974 2.125001 3.499994
v -1.230962 1.875000 0.833328
v -1.230954 2.125000 -1.000006
v -1.230955 1.875000 -0.750006
v 1.230971 2.374999 -3.006612
v 1.230972 2.124999 -3.318596
v 1.230972 2.374999 -3.256612
v 1.230971 2.124999 -3.068596
v 1.230965 2.375000 -1.749995
v 1.230973 1.274999 -3.499995
v 1.230965 2.125000 -1.749995
v 1.230962 2.375000 -0.999995
v 1.230962 2.125000 -0.999995
v 1.230972 1.274999 -3.249995
v 1.230965 1.275000 -1.749995
v 1.230973 0.374999 -3.499995
v 1.230962 0.775000 -0.999995
v 1.230972 0.374999 -3.249995
v 1.230973 -0.125001 -3.499995
v 1.230972 -0.125001 -3.249995
v 1.230966 0.375000 -1.749995
v 1.230966 -0.125000 -1.749995
v 1.230962 0.375000 -0.999995
v 1.230962 -0.125000 -0.999995
v 1.230954 0.775000 0.833338
v 1.230954 0.375000 0.833339
v 1.230954 -0.125000 0.833339
v 1.230943 0.375001 3.500005
v 1.230943 -0.124999 3.500006
v 1.230943 1.275001 3.500005
v 1.230942 2.125001 3.500005
v 1.230954 2.125001 0.833338
v 1.230942 2.375001 3.500005
v 1.230954 2.375001 0.833338
v -0.980944 2.374999 -3.256621
v -1.230944 2.124999 -3.318607
v -1.230944 2.374999 -3.256622
v -0.980944 2.124999 -3.318606
v 0.980972 2.374999 -3.256613
v -1.230943 1.274999 -3.500006
v 0.980972 2.124999 -3.318597
v 1.230972 2.374999 -3.256612
v 1.230972 2.124999 -3.318596
v -0.980943 1.274999 -3.500005
v 0.980973 1.274999 -3.499996
v -1.230943 0.374999 -3.500006
v 1.230973 1.274999 -3.499995
v -0.980943 0.374999 -3.500005
v -1.230943 -0.125001 -3.500006
v -0.980943 -0.125001 -3.500004
v 0.980973 0.374999 -3.499996
v 1.230973 0.374999 -3.499995
v 0.980973 -0.125001 -3.499996
v 1.230973 -0.125001 -3.499995
v -1.230962 2.375000 0.833327
v -1.230962 2.125000 0.833328
v -1.230974 2.125001 3.499994
v -1.230974 2.375001 3.499994
v 0.980942 2.375001 3.500004
v 1.230942 2.125001 3.500005
v 1.230942 2.375001 3.500005
v 0.980942 2.125001 3.500004
v -0.980974 2.375001 3.499995
v 1.230943 1.275001 3.500005
v 0.980943 1.275001 3.500004
v 1.230943 0.375001 3.500005
v -0.980973 2.125001 3.499995
v -1.230974 2.375001 3.499994
v -1.230974 2.125001 3.499994
v -0.980973 1.275001 3.499996
v -1.230973 1.275001 3.499995
v 0.980943 0.775001 3.500004
v 1.230943 -0.124999 3.500006
v 0.980943 -0.124999 3.500004
v -0.980973 0.775001 3.499996
v -1.230973 0.375001 3.499995
v -0.980973 -0.124999 3.499996
v -1.230973 -0.124999 3.499995
v 0.980943 1.275001 3.500004
v 0.980944 0.775001 3.250004
v 0.980943 0.775001 3.500004
v 0.980944 1.275001 3.250004
v 0.980942 2.125001 3.500004
v 0.980944 2.125001 3.250004
v 1.230972 -0.125001 -3.249995
v 0.980973 -0.125001 -3.499996
v 1.230973 -0.125001 -3.499995
v 0.980972 -0.125001 -3.249996
v 1.230966 -0.125000 -1.749995
v -0.980943 -0.125001 -3.500004
v 0.980966 -0.125000 -1.749996
v 1.230962 -0.125000 -0.999995
v -0.980944 -0.125001 -3.250004
v -1.230943 -0.125001 -3.500006
v -1.230944 -0.125001 -3.250005
v -0.980950 -0.125001 -1.750004
v -1.230950 -0.125001 -1.750005
v 0.980962 -0.125000 -0.999996
v 1.230954 -0.125000 0.833339
v -0.980954 -0.125000 -1.000004
v -1.230954 -0.125000 -1.000005
v 0.980954 -0.125000 0.833338
v 1.230943 -0.124999 3.500006
v 0.980943 -0.124999 3.500004
v -0.980962 -0.125000 0.833329
v -1.230962 -0.125000 0.833328
v -0.980973 -0.124999 3.499996
v -1.230973 -0.124999 3.499995
v -1.230945 2.124999 -3.068607
v -0.980951 2.124999 -1.750005
v -1.230951 2.124999 -1.750006
v -0.980945 2.124999 -3.068606
v 0.980971 2.124999 -3.068597
v 0.980965 2.125000 -1.749996
v 1.230965 2.125000 -1.749995
v 1.230971 2.124999 -3.068596
v -1.230951 1.274999 -1.750006
v -0.980951 1.274999 -1.750005
v -0.980944 1.274999 -3.250005
v -1.230944 1.274999 -3.250006
v -0.980943 1.274999 -3.500005
v -0.980944 1.274999 -3.250005
v 0.980972 1.274999 -3.249996
v 0.980973 1.274999 -3.499996
v 1.230972 1.274999 -3.249995
v 0.980972 1.274999 -3.249996
v 0.980965 1.275000 -1.749996
v 1.230965 1.275000 -1.749995
v 0.980972 2.124999 -3.318597
v 0.980971 2.124999 -3.068597
v -0.980945 2.124999 -3.068606
v -0.980944 2.124999 -3.318606
v 0.980972 2.124999 -3.318597
v 0.980973 1.274999 -3.499996
v 0.980972 1.274999 -3.249996
v 0.980971 2.124999 -3.068597
v -0.980944 2.124999 -3.318606
v -0.980945 2.124999 -3.068606
v -0.980944 1.274999 -3.250005
v -0.980943 1.274999 -3.500005
v -1.230945 2.124999 -3.068607
v -1.230944 1.274999 -3.250006
v -0.980944 1.274999 -3.250005
v -0.980945 2.124999 -3.068606
v 1.230972 1.274999 -3.249995
v 1.230971 2.124999 -3.068596
v 0.980971 2.124999 -3.068597
v 0.980972 1.274999 -3.249996
v 1.230965 1.275000 -1.749995
v 0.980965 2.125000 -1.749996
v 1.230965 2.125000 -1.749995
v 0.980965 1.275000 -1.749996
v -0.980951 1.274999 -1.750005
v -0.980951 2.124999 -1.750005
v -1.230951 2.124999 -1.750006
v -1.230951 1.274999 -1.750006
v 0.980972 1.274999 -3.249996
v 0.980972 0.374999 -3.249996
v 0.980966 0.375000 -1.749996
v 0.980965 1.275000 -1.749996
v -0.980944 1.274999 -3.250005
v -0.980944 0.374999 -3.250005
v 0.980972 0.374999 -3.249996
v 0.980972 1.274999 -3.249996
v -0.980951 1.274999 -1.750005
v -0.980950 0.374999 -1.750004
v -0.980944 0.374999 -3.250005
v -0.980944 1.274999 -3.250005
v -0.980950 0.374999 -1.750004
v 0.980966 0.375000 -1.749996
v 0.980972 0.374999 -3.249996
v -0.980944 0.374999 -3.250005
v 0.980965 1.275000 -1.749996
v 0.980966 0.375000 -1.749996
v -0.980950 0.374999 -1.750004
v -0.980951 1.274999 -1.750005
v -1.230954 1.275000 -1.000006
v -1.230955 1.875000 -0.750006
v -1.230954 2.125000 -1.000006
v -1.230955 1.384335 -0.750006
v -1.230954 0.375000 -1.000005
v -1.230955 0.864809 -0.750006
v -1.230962 0.375000 0.833328
v -1.230962 0.864809 0.833328
v -1.230973 0.375001 3.499995
v -1.230971 0.864810 2.999995
v 1.230962 0.775000 -0.999995
v 0.980962 0.775000 -0.999996
v 0.980954 0.775000 0.833337
v 1.230954 0.775000 0.833338
v 0.980962 0.775000 -0.999996
v 0.980962 2.125000 -0.999996
v 0.980954 2.125000 0.833337
v 0.980954 0.775000 0.833337
v 1.230954 2.125001 0.833338
v 1.230954 0.775000 0.833338
v 0.980954 0.775000 0.833337
v 0.980954 2.125000 0.833337
v 0.980962 2.375000 -0.999996
v 0.980954 2.375001 0.833337
v 1.230954 2.375001 0.833338
v 1.230962 2.375000 -0.999995
v 1.230962 2.125000 -0.999995
v 0.980962 2.125000 -0.999996
v 0.980962 0.775000 -0.999996
v 1.230962 0.775000 -0.999995
v -0.980972 1.275001 3.249996
v -0.980972 0.775001 3.249996
v 0.980944 0.775001 3.250004
v 0.980944 1.275001 3.250004
v -0.980972 2.125001 3.249995
v 0.980944 2.125001 3.250004
v -0.980973 2.125001 3.499995
v -0.980972 2.125001 3.249995
v 0.980944 2.125001 3.250004
v 0.980942 2.125001 3.500004
v 0.980943 0.775001 3.500004
v 0.980944 0.775001 3.250004
v -0.980972 0.775001 3.249996
v -0.980973 0.775001 3.499996
v -0.980973 1.275001 3.499996
v -0.980972 2.125001 3.249995
v -0.980973 2.125001 3.499995
v -0.980972 1.275001 3.249996
v -0.980973 0.775001 3.499996
v -0.980972 0.775001 3.249996
v -0.980954 2.375000 -1.000005
v -1.230954 2.375000 -1.000006
v -1.230962 2.375000 0.833327
v -0.980962 2.375000 0.833329
v -1.230962 1.875000 0.833328
v -0.980971 1.875001 2.999996
v -1.230971 1.875001 2.999994
v -0.980962 1.875000 0.833329
v -1.230955 1.875000 -0.750006
v -0.980955 1.875000 -0.750005
v -1.230955 0.864809 -0.750006
v -0.980955 0.864809 -0.750004
v -0.980955 1.384335 -0.750005
v -1.230955 1.384335 -0.750006
v -0.980955 1.875000 -0.750005
v -1.230955 1.875000 -0.750006
v -1.230974 2.125001 3.499994
v -1.230971 1.875001 2.999994
v -1.230971 1.384337 2.999995
v -1.230973 1.275001 3.499995
v -1.230971 0.864810 2.999995
v -1.230973 0.375001 3.499995
v -0.980962 1.875000 0.833329
v -0.980971 1.384337 2.999996
v -0.980971 1.875001 2.999996
v -0.980962 1.384336 0.833329
v -0.980971 0.864810 2.999996
v -0.980962 0.864809 0.833329
v -0.980955 1.384335 -0.750005
v -0.980955 0.864809 -0.750004
v -0.980955 1.875000 -0.750005
v -0.980962 1.875000 0.833329
v -1.230962 0.864809 0.833328
v -0.980955 0.864809 -0.750004
v -1.230955 0.864809 -0.750006
v -0.980962 0.864809 0.833329
v -1.230971 0.864810 2.999995
v -0.980971 0.864810 2.999996
v -1.230971 1.875001 2.999994
v -0.980971 1.875001 2.999996
v -0.980971 1.384337 2.999996
v -1.230971 1.384337 2.999995
v -0.980971 0.864810 2.999996
v -1.230971 0.864810 2.999995
v -0.352020 1.538569 1.442076
v -0.352020 1.164761 1.442076
v -1.126968 1.164761 1.442073
v -1.126968 1.538569 1.442073
v -1.126968 1.538569 1.442073
v -1.126968 1.164761 1.442073
v -1.126970 1.164761 1.815881
v -1.126970 1.538569 1.815881
v -1.126970 1.538569 1.815881
v -1.126970 1.164761 1.815881
v -0.352022 1.164761 1.815884
v -0.352022 1.538569 1.815884
v -0.352022 1.164761 1.815884
v -1.126970 1.164761 1.815881
v -1.126968 1.164761 1.442073
v -0.352020 1.164761 1.442076
v -1.126970 1.538569 1.815881
v -0.352022 1.538569 1.815884
v -0.352020 1.538569 1.442076
v -1.126968 1.538569 1.442073
v -0.352023 1.641133 2.073500
v -0.352023 1.062197 2.073500
v -1.126971 1.062197 2.073497
v -1.126971 1.641133 2.073497
v -1.126971 1.641133 2.073497
v -1.126971 1.062197 2.073497
v -1.126973 1.062197 2.652432
v -1.126973 1.641133 2.652432
v -1.126973 1.641133 2.652432
v -1.126973 1.062197 2.652432
v -0.352025 1.062198 2.652436
v -0.352026 1.641133 2.652436
v -0.352025 1.062198 2.652436
v -1.126973 1.062197 2.652432
v -1.126971 1.062197 2.073497
v -0.352023 1.062197 2.073500
v -1.126973 1.641133 2.652432
v -0.352026 1.641133 2.652436
v -0.352023 1.641133 2.073500
v -1.126971 1.641133 2.073497
v 1.114932 1.416236 0.326946
v 1.114934 1.295175 0.117261
v 0.501057 1.295175 0.117258
v 0.501056 1.416236 0.326943
v 1.114934 1.295175 0.117261
v 1.114934 1.053051 0.117261
v 0.501057 1.053051 0.117258
v 0.501057 1.295175 0.117258
v 1.114934 1.053051 0.117261
v 1.114932 0.931989 0.326946
v 0.501056 0.931989 0.326943
v 0.501057 1.053051 0.117258
v 1.114932 0.931989 0.326946
v 1.114931 1.053051 0.536631
v 0.501054 1.053051 0.536628
v 0.501056 0.931989 0.326943
v 1.114930 1.295174 0.536632
v 1.114932 1.416236 0.326946
v 0.501056 1.416236 0.326943
v 0.501054 1.295174 0.536629
v 1.114931 1.053051 0.536631
v 1.114930 1.295174 0.536632
v 0.501054 1.295174 0.536629
v 0.501054 1.053051 0.536628
v 1.114932 1.416236 0.326946
v 1.114930 1.295174 0.536632
v 1.114931 1.053051 0.536631
v 1.114932 0.931989 0.326946
v 1.114934 1.295175 0.117261
v 1.114934 1.053051 0.117261
v 0.656527 2.619334 -2.911054
v 0.656528 2.296357 -2.911054
v -0.656503 2.296357 -2.911059
v -0.656503 2.619334 -2.911059
v -0.656506 2.619334 -2.238537
v -0.656506 2.296357 -2.238536
v 0.656525 2.296357 -2.238531
v 0.656525 2.619334 -2.238531
v -0.656506 2.619334 -2.238537
v 0.656525 2.619334 -2.238531
v 0.656527 2.619334 -2.911054
v -0.656503 2.619334 -2.911059
v -0.694987 -0.076025 3.669168
v -0.694987 -0.273431 3.669168
v -0.694978 -0.106347 1.669167
v -0.694978 0.091060 1.669167
v -0.892385 0.091060 1.669166
v -0.892385 -0.106347 1.669166
v -0.892394 -0.273431 3.669167
v -0.892394 -0.076025 3.669167
v -0.892394 -0.076025 3.669167
v -0.892394 -0.273431 3.669167
v -0.694987 -0.273431 3.669168
v -0.694987 -0.076025 3.669168
v -0.694987 -0.273431 3.669168
v -0.892394 -0.273431 3.669167
v -0.892385 -0.106347 1.669166
v -0.694978 -0.106347 1.669167
v -0.892394 -0.076025 3.669167
v -0.694987 -0.076025 3.669168
v -0.694978 0.091060 1.669167
v -0.892385 0.091060 1.669166
v 1.260816 0.100803 -3.182239
v 1.260816 -0.158647 -3.182239
v 1.260817 -0.158647 -3.530296
v 1.260817 0.100803 -3.530296
v -0.531245 0.100802 -3.597231
v -1.261045 -0.158648 -3.530307
v -1.261045 0.100802 -3.530307
v -0.531245 -0.158648 -3.597231
v 0.516271 0.100802 -3.597227
v 0.516271 -0.158648 -3.597227
v 1.260817 0.100803 -3.530296
v 1.260817 -0.158647 -3.530296
v -1.261045 0.100802 -3.530307
v -1.261045 -0.158648 -3.530307
v -1.261047 -0.158648 -3.182250
v -1.261047 0.100802 -3.182250
v 0.516270 0.100803 -3.249169
v 1.260816 -0.158647 -3.182239
v 1.260816 0.100803 -3.182239
v 0.516270 -0.158647 -3.249169
v -0.531246 0.100802 -3.249174
v -0.531246 -0.158648 -3.249174
v -1.261047 0.100802 -3.182250
v -1.261047 -0.158648 -3.182250
v -0.531246 -0.158648 -3.249174
v -1.261047 -0.158648 -3.182250
v -1.261045 -0.158648 -3.530307
v -0.531245 -0.158648 -3.597231
v 0.516270 -0.158647 -3.249169
v 0.516271 -0.158648 -3.597227
v 1.260816 -0.158647 -3.182239
v 1.260817 -0.158647 -3.530296
v 0.516270 0.100803 -3.249169
v 1.260816 0.100803 -3.182239
v 1.260817 0.100803 -3.530296
v 0.516271 0.100802 -3.597227
v -0.531246 0.100802 -3.249174
v -0.531245 0.100802 -3.597231
v -1.261047 0.100802 -3.182250
v -1.261045 0.100802 -3.530307
v -1.260819 0.100804 3.178045
v -1.260819 -0.158646 3.178045
v -1.260821 -0.158646 3.526103
v -1.260821 0.100804 3.526102
v 0.531241 0.100805 3.593040
v 1.261041 -0.158645 3.526117
v 1.261041 0.100805 3.526117
v 0.531241 -0.158645 3.593040
v -0.516275 0.100804 3.593034
v -0.516275 -0.158646 3.593034
v -1.260821 0.100804 3.526102
v -1.260821 -0.158646 3.526103
v 1.261041 0.100805 3.526117
v 1.261041 -0.158645 3.526117
v 1.261043 -0.158645 3.178060
v 1.261043 0.100805 3.178060
v -0.516273 0.100804 3.244977
v -1.260819 -0.158646 3.178045
v -1.260819 0.100804 3.178045
v -0.516273 -0.158646 3.244977
v 0.531243 0.100804 3.244983
v 0.531243 -0.158645 3.244983
v 1.261043 0.100805 3.178060
v 1.261043 -0.158645 3.178060
v 0.531243 -0.158645 3.244983
v 1.261043 -0.158645 3.178060
v 1.261041 -0.158645 3.526117
v 0.531241 -0.158645 3.593040
v -0.516273 -0.158646 3.244977
v -0.516275 -0.158646 3.593034
v -1.260819 -0.158646 3.178045
v -1.260821 -0.158646 3.526103
v -0.516273 0.100804 3.244977
v -1.260819 0.100804 3.178045
v -1.260821 0.100804 3.526102
v -0.516275 0.100804 3.593034
v 0.531243 0.100804 3.244983
v 0.531241 0.100805 3.593040
v 1.261043 0.100805 3.178060
v 1.261041 0.100805 3.526117
v 1.114937 1.602871 -0.687525
v 1.114937 1.272555 -0.496818
v 0.501060 1.272554 -0.496820
v 0.501060 1.602870 -0.687528
v 1.114937 1.272555 -0.496818
v 1.114935 1.272555 -0.115402
v 0.501058 1.272554 -0.115405
v 0.501060 1.272554 -0.496820
v 1.114935 1.272555 -0.115402
v 1.114933 1.602871 0.075305
v 0.501057 1.602870 0.075303
v 0.501058 1.272554 -0.115405
v 1.114933 1.602871 0.075305
v 1.114933 1.933186 -0.115402
v 0.501056 1.933185 -0.115405
v 0.501057 1.602870 0.075303
v 1.114935 1.933186 -0.496818
v 1.114937 1.602871 -0.687525
v 0.501060 1.602870 -0.687528
v 0.501058 1.933185 -0.496820
v 1.114933 1.933186 -0.115402
v 1.114935 1.933186 -0.496818
v 0.501058 1.933185 -0.496820
v 0.501056 1.933185 -0.115405
v 1.114933 1.933186 -0.115402
v 1.114933 1.602871 0.075305
v 1.114935 1.272555 -0.115402
v 1.114937 1.272555 -0.496818
v 1.114935 1.933186 -0.496818
v 1.114937 1.602871 -0.687525
vt 0.402378589 0.746695638
vt 0.379996777 0.695728898
vt 0.403473258 0.746555746
vt 0.402378589 0.746695638
vt 0.403473258 0.746555746
vt 0.403554797 0.746410131
vt 0.101932518 0.78817451
vt 0.101932518 0.787297904
vt 0.106483713 0.787297904
vt 0.101932518 0.78817451
vt 0.106483713 0.787297904
vt 0.101814896 0.78817451
vt 0.115481727 0.809094846
vt 0.0965873748 0.801037192
vt 0.0911088586 0.756327271
vt 0.115481727 0.809094846
vt 0.0911088586 0.756327271
vt 0.0966297239 0.800721526
vt 0.618334413 0.215457797
vt 0.618334413 0.215457797
vt 0.618334413 0.215457797
vt 0.618334413 0.215457797
vt 0.618334413 0.215457797
vt 0.618334413 0.215457797
vt 0.618334413 0.215457797
vt 0.618334413 0.215457797
vt 0.618334413 0.215457797
vt 0.618334413 0.215457797
vt 0.618334413 0.215457797
vt 0.618334413 0.215457797
vt 0.618334413 0.215457797
vt 0.618334413 0.215457797
vt 0.618334413 0.215457797
vt 0.618334413 0.215457797
vt 0.618334413 0.215457797
vt 0.618334413 0.215457797
vt 0.618334413 0.215457797
vt 0.618334413 0.215457797
vt 0.0842211843 0.74589777
vt 0.0856442526 0.738183975
vt 0.0842211917 0.738183975
vt 0.0856442526 0.74589777
vt 0.0842211917 0.751201034
vt 0.0856442526 0.751201034
vt 0.0842211768 0.754093707
vt 0.08564426 0.754093707
vt 0.0816596448 0.754093707
vt 0.0830827206 0.751201034
vt 0.0792404264 0.754093707
vt 0.0816596448 0.757709563
vt 0.0792404264 0.751201034
vt 0.0842211917 0.757709563
vt 0.08564426 0.757709563
vt 0.0785288811 0.754093707
vt 0.0785288811 0.751201034
vt 0.0785288811 0.757005513
vt 0.0792404264 0.757184803
vt 0.0785288811 0.757728696
vt 0.0792404264 0.757907987
vt 0.0816596448 0.758432686
vt 0.0842211917 0.758432686
vt 0.08564426 0.758432686
vt 0.100478165 0.751201034
vt 0.0997666195 0.751201034
vt 0.0997666195 0.754093707
vt 0.100478165 0.754093707
vt 0.0997666195 0.757005513
vt 0.100478165 0.757005513
vt 0.0997666195 0.757728696
vt 0.100478165 0.757728696
vt 0.10606207 0.757005513
vt 0.10606207 0.757728696
vt 0.10606207 0.754093707
vt 0.106773607 0.757005513
vt 0.106773607 0.757728696
vt 0.106773607 0.754093707
vt 0.106773607 0.751201034
vt 0.10606207 0.751201034
vt 0.10606207 0.74589777
vt 0.100478165 0.74589777
vt 0.10606207 0.738183975
vt 0.106773607 0.738183975
vt 0.106773607 0.74589777
vt 0.100478165 0.738183975
vt 0.0997666195 0.74589777
vt 0.0997666195 0.738183975
vt 0.101932518 0.787297904
vt 0.101932511 0.786022782
vt 0.101932511 0.786022782
vt 0.101932518 0.787297904
vt 0.101932518 0.78817451
vt 0.101932518 0.78817451
vt 0.0927596316 0.757005513
vt 0.0920481011 0.757907987
vt 0.0927596316 0.757728696
vt 0.0920481011 0.757184803
vt 0.0927596316 0.754093707
vt 0.0896288753 0.758432686
vt 0.0920481011 0.754093707
vt 0.0927596316 0.751201034
vt 0.0920481011 0.751201034
vt 0.0896288753 0.757709563
vt 0.0896288753 0.754093707
vt 0.0870673358 0.758432686
vt 0.088205792 0.751201034
vt 0.0870673358 0.757709563
vt 0.08564426 0.758432686
vt 0.08564426 0.757709563
vt 0.0870673358 0.754093707
vt 0.08564426 0.754093707
vt 0.0870673358 0.751201034
vt 0.08564426 0.751201034
vt 0.088205792 0.74589777
vt 0.0870673358 0.74589777
vt 0.08564426 0.74589777
vt 0.0870673358 0.738183975
vt 0.08564426 0.738183975
vt 0.0896288753 0.738183975
vt 0.0920481011 0.738183975
vt 0.0920481011 0.74589777
vt 0.0927596316 0.738183975
vt 0.0927596316 0.74589777
vt 0.0990550816 0.758432686
vt 0.0997666195 0.759165347
vt 0.0997666195 0.758432686
vt 0.0990550816 0.759165347
vt 0.0934711695 0.758432686
vt 0.0997666195 0.761651337
vt 0.0934711695 0.759165347
vt 0.0927596316 0.758432686
vt 0.0927596316 0.759165347
vt 0.0990550816 0.761651337
vt 0.0934711695 0.761651337
vt 0.0997666195 0.76424998
vt 0.0927596316 0.761651337
vt 0.0990550816 0.76424998
vt 0.0997666195 0.765693724
vt 0.0990550816 0.765693724
vt 0.0934711695 0.76424998
vt 0.092759639 0.76424998
vt 0.0934711695 0.765693724
vt 0.092759639 0.765693724
vt 0.0785288811 0.74589777
vt 0.0792404264 0.74589777
vt 0.0792404115 0.738183975
vt 0.0785288811 0.738183975
vt 0.0919397026 0.758432686
vt 0.092651248 0.759155691
vt 0.092651248 0.758432686
vt 0.0919397026 0.759155691
vt 0.0863558054 0.758432686
vt 0.092651248 0.761613905
vt 0.0919397026 0.761613905
vt 0.092651248 0.764216661
vt 0.0863558054 0.759155691
vt 0.08564426 0.758432686
vt 0.08564426 0.759155691
vt 0.0863558054 0.761613905
vt 0.08564426 0.761613905
vt 0.0919397026 0.764216661
vt 0.092651248 0.76566267
vt 0.0919397026 0.76566267
vt 0.0863558054 0.764216661
vt 0.08564426 0.764216661
vt 0.0863558054 0.76566267
vt 0.08564426 0.76566267
vt 0.35988304 0.88354975
vt 0.35917154 0.886153162
vt 0.35988304 0.886153162
vt 0.35917154 0.88354975
vt 0.35988304 0.881090939
vt 0.35917154 0.881090939
vt 0.0927596316 0.738907158
vt 0.0934711695 0.738183975
vt 0.0927596316 0.738183975
vt 0.0934711695 0.738907158
vt 0.0927596316 0.742523015
vt 0.0990550816 0.738183975
vt 0.0934711695 0.742523015
vt 0.092759639 0.745415688
vt 0.0990550816 0.738907158
vt 0.0997666195 0.738183975
vt 0.0997666195 0.738907158
vt 0.0990550816 0.742523015
vt 0.0997666195 0.742523015
vt 0.0934711695 0.745415688
vt 0.092759639 0.750718892
vt 0.0990550816 0.745415688
vt 0.0997666195 0.745415688
vt 0.0934711695 0.750718892
vt 0.092759639 0.758432686
vt 0.0934711769 0.758432686
vt 0.0990550816 0.750718892
vt 0.0997666195 0.750718892
vt 0.0990550816 0.758432686
vt 0.0997666195 0.758432686
vt 0.106773607 0.750607133
vt 0.109815001 0.751330316
vt 0.109815001 0.750607133
vt 0.106773607 0.751330316
vt 0.106773607 0.757005513
vt 0.109815001 0.757005513
vt 0.109815001 0.757728696
vt 0.106773607 0.757728696
vt 0.10402678 0.764850199
vt 0.103315257 0.764850199
vt 0.103315257 0.768466055
vt 0.10402678 0.768466055
vt 0.0849315077 0.758432686
vt 0.0842199773 0.758432686
vt 0.0842199773 0.764107883
vt 0.0849315077 0.764107883
vt 0.08564426 0.769278526
vt 0.0863558054 0.769278526
vt 0.0863558054 0.76566267
vt 0.08564426 0.76566267
vt 0.107485145 0.744931996
vt 0.106773607 0.744931996
vt 0.106773607 0.750607133
vt 0.107485145 0.750607133
vt 0.0893938467 0.765813589
vt 0.0893938392 0.768327713
vt 0.0900897011 0.768176794
vt 0.0900897011 0.76566267
vt 0.0863558054 0.768176794
vt 0.0870516673 0.768327713
vt 0.0870516673 0.765813589
vt 0.0863558054 0.76566267
vt 0.0893938392 0.768132389
vt 0.0893938392 0.76566267
vt 0.0886823013 0.76566267
vt 0.0886823013 0.768132389
vt 0.0870516673 0.76566267
vt 0.0870516673 0.768132389
vt 0.0877632126 0.768132389
vt 0.0877632126 0.76566267
vt 0.102181442 0.764850199
vt 0.0997666195 0.764127016
vt 0.0997666195 0.764850199
vt 0.102181442 0.764127016
vt 0.102181442 0.758451879
vt 0.0997666195 0.758451879
vt 0.0997666195 0.757728696
vt 0.102181442 0.757728696
vt 0.440662175 0.747805715
vt 0.443223715 0.747805715
vt 0.443223715 0.744189858
vt 0.440662175 0.744189858
vt 0.447669178 0.723198831
vt 0.450230062 0.723198831
vt 0.450230062 0.717523634
vt 0.447669178 0.717523634
vt 0.433546811 0.745002329
vt 0.430985272 0.745002329
vt 0.430985272 0.748618186
vt 0.433546811 0.748618186
vt 0.574220181 0.702776372
vt 0.574220181 0.704056025
vt 0.57502234 0.704056025
vt 0.57502234 0.702776372
vt 0.443076998 0.743466675
vt 0.445633888 0.743466675
vt 0.445633888 0.737791538
vt 0.443076998 0.737791538
vt 0.0830827206 0.751201034
vt 0.0792404264 0.751201034
vt 0.0792404264 0.751201034
vt 0.0830827206 0.751201034
vt 0.0842211917 0.751201034
vt 0.0842211917 0.751201034
vt 0.0842211843 0.74589777
vt 0.0842211843 0.74589777
vt 0.0842211917 0.738183975
vt 0.0842211917 0.738183975
vt 0.413674504 0.871617675
vt 0.414386064 0.871617675
vt 0.414386064 0.866314471
vt 0.413674504 0.866314471
vt 0.414769977 0.878739238
vt 0.410927683 0.878739238
vt 0.410927683 0.884042442
vt 0.414769977 0.884042442
vt 0.409504622 0.886582613
vt 0.409504622 0.890480638
vt 0.410216123 0.890480638
vt 0.410216123 0.886582613
vt 0.0970467627 0.801037192
vt 0.0970891118 0.801037192
vt 0.0970891118 0.800721526
vt 0.0911088586 0.756327271
vt 0.389699012 0.889022648
vt 0.390410572 0.889022648
vt 0.390410572 0.885118484
vt 0.389699012 0.885118484
vt 0.331823021 0.882166982
vt 0.334383935 0.882166982
vt 0.334383935 0.876491725
vt 0.331823021 0.876491725
vt 0.329404384 0.882166982
vt 0.329404384 0.876491725
vt 0.335095495 0.876491725
vt 0.334383935 0.876491725
vt 0.334383935 0.882166922
vt 0.335095495 0.882166922
vt 0.335808247 0.882166922
vt 0.336519748 0.882166922
vt 0.336519748 0.876491725
vt 0.335808247 0.876491725
vt 0.335808188 0.884625733
vt 0.336519748 0.882166982
vt 0.335808188 0.882166982
vt 0.336519748 0.884625733
vt 0.335808188 0.887229145
vt 0.336519748 0.887229145
vt 0.10636609 0.78817451
vt 0.0888341963 0.66400218
vt 0.106483713 0.787297904
vt 0.10636609 0.787297904
vt 0.311669201 0.782791257
vt 0.311669171 0.775077462
vt 0.311669171 0.775077462
vt 0.311669201 0.782791257
vt 0.311669201 0.788094521
vt 0.311669201 0.788094521
vt 0.37576741 0.821378648
vt 0.37576741 0.821378648
vt 0.375579208 0.821378648
vt 0.375579208 0.821378648
vt 0.374944091 0.821378648
vt 0.374944091 0.821378648
vt 0.08564426 0.759155691
vt 0.08564426 0.759155691
vt 0.08564426 0.761613905
vt 0.08564426 0.761613905
vt 0.08564426 0.764216661
vt 0.08564426 0.764216661
vt 0.374944091 0.820502043
vt 0.375343978 0.819226921
vt 0.374944091 0.819226921
vt 0.375579208 0.820502043
vt 0.37576741 0.819226921
vt 0.37576741 0.820502043
vt 0.375579208 0.821378648
vt 0.37576741 0.821378648
vt 0.374944091 0.821378648
vt 0.361845762 0.697206318
vt 0.316649973 0.782791257
vt 0.316649973 0.788094521
vt 0.316649973 0.788094521
vt 0.316649973 0.782791257
vt 0.316649973 0.775077462
vt 0.316649973 0.775077462
vt 0.318073034 0.796049118
vt 0.318073034 0.796049118
vt 0.318073034 0.798507333
vt 0.318073034 0.798507333
vt 0.318073034 0.801110148
vt 0.318073034 0.801110148
vt 0.629033387 0.760005116
vt 0.629033387 0.760005116
vt 0.629033387 0.760005116
vt 0.629033387 0.760005116
vt 0.629033387 0.760005116
vt 0.629033387 0.760005116
vt 0.629033387 0.760005116
vt 0.629033387 0.760005116
vt 0.629033387 0.760005116
vt 0.629033387 0.760005116
vt 0.629033387 0.760005116
vt 0.629033387 0.760005116
vt 0.629033387 0.760005116
vt 0.629033387 0.760005116
vt 0.629033387 0.760005116
vt 0.629033387 0.760005116
vt 0.629033387 0.760005116
vt 0.629033387 0.760005116
vt 0.629033387 0.760005116
vt 0.629033387 0.760005116
vt 0.629033387 0.760005116
vt 0.629033387 0.760005116
vt 0.629033387 0.760005116
vt 0.629033387 0.760005116
vt 0.629033387 0.760005116
vt 0.629033387 0.760005116
vt 0.629033387 0.760005116
vt 0.629033387 0.760005116
vt 0.629033387 0.760005116
vt 0.629033387 0.760005116
vt 0.629033387 0.760005116
vt 0.629033387 0.760005116
vt 0.629033387 0.760005116
vt 0.629033387 0.760005116
vt 0.629033387 0.760005116
vt 0.629033387 0.760005116
vt 0.629033387 0.760005116
vt 0.629033387 0.760005116
vt 0.629033387 0.760005116
vt 0.629033387 0.760005116
vt 0.591742754 0.71586585
vt 0.596004426 0.71586591
vt 0.596004426 0.69143784
vt 0.591742754 0.69143784
vt 0.596004426 0.71586591
vt 0.598135233 0.71586591
vt 0.598135233 0.69143784
vt 0.596004426 0.69143784
vt 0.606658578 0.69143784
vt 0.604527712 0.69143784
vt 0.604527712 0.71586585
vt 0.606658578 0.71586585
vt 0.604527712 0.69143784
vt 0.600266039 0.69143784
vt 0.600266039 0.71586585
vt 0.604527712 0.71586585
vt 0.589611948 0.71586585
vt 0.591742754 0.71586585
vt 0.591742754 0.69143784
vt 0.589611948 0.69143784
vt 0.600266039 0.69143784
vt 0.598135233 0.69143784
vt 0.598135233 0.71586591
vt 0.600266039 0.71586585
vt 0.606658578 0.693915129
vt 0.606658578 0.698869646
vt 0.610349238 0.701346874
vt 0.614039958 0.698869646
vt 0.610349238 0.69143784
vt 0.614039958 0.693915129
vt 0.628821731 0.758750856
vt 0.614386916 0.758750856
vt 0.614386916 0.802029669
vt 0.628821731 0.802029669
vt 0.643256545 0.758750856
vt 0.628821731 0.758750856
vt 0.628821731 0.802029669
vt 0.643256545 0.802029669
vt 0.614386916 0.802029669
vt 0.614386916 0.758750856
vt 0.584329844 0.758750856
vt 0.584329844 0.80202961
vt 0.902443171 0.224117547
vt 0.88990134 0.223607123
vt 0.88990134 0.28593722
vt 0.902443171 0.286447644
vt 0.88990134 0.223607123
vt 0.87735945 0.224117547
vt 0.87735945 0.286447644
vt 0.88990134 0.28593722
vt 0.927614391 0.223607123
vt 0.927614391 0.229737967
vt 0.940199912 0.229737967
vt 0.940199912 0.223607123
vt 0.915028751 0.223607123
vt 0.902443171 0.223607123
vt 0.902443171 0.28593719
vt 0.915028751 0.28593719
vt 0.927614391 0.223607123
vt 0.915028751 0.223607123
vt 0.915028751 0.28593719
vt 0.927614391 0.28593719
vt 0.597457051 0.715270758
vt 0.603017449 0.715270758
vt 0.603017449 0.710513532
vt 0.597457051 0.710513532
vt 0.586336195 0.71573174
vt 0.591896594 0.705756307
vt 0.586336195 0.705756307
vt 0.591896594 0.71573174
vt 0.586336195 0.730049133
vt 0.591896594 0.730049133
vt 0.586336195 0.740225017
vt 0.591896594 0.740225017
vt 0.603017449 0.705756307
vt 0.597457051 0.705756307
vt 0.597457051 0.710513532
vt 0.603017449 0.710513532
vt 0.597456992 0.730049133
vt 0.591896594 0.740225077
vt 0.597457051 0.740225017
vt 0.591896594 0.730049133
vt 0.597456992 0.71573174
vt 0.591896594 0.71573174
vt 0.597457051 0.705756307
vt 0.591896594 0.705756307
vt 0.578876793 0.73025018
vt 0.577442467 0.740225077
vt 0.584901869 0.740225077
vt 0.586336195 0.73025018
vt 0.578876793 0.715932727
vt 0.586336195 0.715932727
vt 0.577442467 0.705756307
vt 0.584901869 0.705756307
vt 0.569983006 0.730048597
vt 0.568548679 0.740225077
vt 0.576008081 0.740225077
vt 0.577442467 0.730048597
vt 0.569983006 0.715731144
vt 0.577442467 0.715731144
vt 0.568548679 0.705756307
vt 0.576008081 0.705756307
vt 0.612386346 0.674454212
vt 0.615715384 0.674454212
vt 0.615715384 0.671606004
vt 0.612386346 0.671606004
vt 0.605728209 0.674730182
vt 0.609057248 0.668757796
vt 0.605728209 0.668757796
vt 0.609057248 0.674730182
vt 0.605728209 0.683302104
vt 0.609057248 0.683302104
vt 0.605728209 0.689394474
vt 0.609057248 0.689394474
vt 0.615715384 0.668757796
vt 0.612386346 0.668757796
vt 0.612386346 0.671606004
vt 0.615715384 0.671606004
vt 0.612386286 0.683302104
vt 0.609057248 0.689394474
vt 0.612386346 0.689394474
vt 0.609057248 0.683302104
vt 0.612386286 0.674730182
vt 0.609057248 0.674730182
vt 0.612386346 0.668757796
vt 0.609057248 0.668757796
vt 0.601262212 0.683422446
vt 0.600403488 0.689394534
vt 0.604869425 0.689394474
vt 0.605728209 0.683422446
vt 0.601262212 0.674850523
vt 0.605728209 0.674850523
vt 0.600403488 0.668757796
vt 0.604869425 0.668757796
vt 0.59593749 0.683301806
vt 0.595078707 0.689394534
vt 0.599544704 0.689394474
vt 0.600403488 0.683301806
vt 0.59593749 0.674729824
vt 0.600403488 0.674729824
vt 0.595078707 0.668757796
vt 0.599544704 0.668757796
vt 0.591742754 0.71586585
vt 0.596004426 0.71586591
vt 0.596004426 0.69143784
vt 0.591742754 0.69143784
vt 0.596004426 0.71586591
vt 0.598135233 0.71586591
vt 0.598135233 0.69143784
vt 0.596004426 0.69143784
vt 0.606658578 0.69143784
vt 0.604527712 0.69143784
vt 0.604527712 0.71586585
vt 0.606658578 0.71586585
vt 0.604527712 0.69143784
vt 0.600266039 0.69143784
vt 0.600266039 0.71586585
vt 0.604527712 0.71586585
vt 0.589611948 0.71586585
vt 0.591742754 0.71586585
vt 0.591742754 0.69143784
vt 0.589611948 0.69143784
vt 0.600266039 0.69143784
vt 0.598135233 0.69143784
vt 0.598135233 0.71586591
vt 0.600266039 0.71586585
vt 0.610349238 0.701346874
vt 0.614039958 0.698869646
vt 0.614039958 0.693915129
vt 0.610349238 0.69143784
vt 0.606658578 0.698869646
vt 0.606658578 0.693915129
vn 0.000000 -1.000000 0.000000
vn 0.000000 -1.000000 0.000000
vn 0.000000 -1.000000 0.000000
vn 0.000000 -1.000000 0.000000
vn 0.000000 -1.000000 0.000000
vn 0.000000 -1.000000 0.000000
vn -1.000000 -0.000000 -0.000004
vn -1.000000 -0.000000 -0.000004
vn -1.000000 -0.000000 -0.000004
vn -1.000000 -0.000000 -0.000004
vn -1.000000 -0.000000 -0.000004
vn -1.000000 -0.000000 -0.000004
vn 1.000000 0.000000 0.000004
vn 1.000000 0.000000 0.000004
vn 1.000000 0.000000 0.000004
vn 1.000000 0.000000 0.000004
vn 1.000000 0.000000 0.000004
vn 1.000000 0.000000 0.000004
vn 1.000000 0.000000 0.000004
vn 1.000000 0.000000 0.000004
vn 1.000000 0.000000 0.000004
vn 1.000000 0.000000 0.000004
vn 0.000004 -0.000000 -1.000000
vn 0.000004 -0.000000 -1.000000
vn 0.000004 -0.000000 -1.000000
vn 0.000004 -0.000000 -1.000000
vn -1.000000 -0.000000 -0.000004
vn -1.000000 -0.000000 -0.000004
vn -1.000000 -0.000000 -0.000004
vn -1.000000 -0.000000 -0.000004
vn -0.000004 0.000000 1.000000
vn -0.000004 0.000000 1.000000
vn -0.000004 0.000000 1.000000
vn -0.000004 0.000000 1.000000
vn -0.000000 1.000000 -0.000000
vn -0.000000 1.000000 -0.000000
vn -0.000000 1.000000 -0.000000
vn -0.000000 1.000000 -0.000000
vn -1.000000 -0.000000 -0.000004
vn -1.000000 -0.000000 -0.000004
vn -1.000000 -0.000000 -0.000004
vn -1.000000 -0.000000 -0.000004
vn -1.000000 -0.000000 -0.000004
vn -1.000000 -0.000000 -0.000004
vn -1.000000 -0.000000 -0.000004
vn -1.000000 -0.000000 -0.000004
vn -1.000000 -0.000000 -0.000004
vn -1.000000 -0.000000 -0.000004
vn -1.000000 -0.000000 -0.000004
vn -1.000000 -0.000000 -0.000004
vn -1.000000 -0.000000 -0.000004
vn -1.000000 -0.000000 -0.000004
vn -1.000000 -0.000000 -0.000004
vn -1.000000 -0.000000 -0.000004
vn -1.000000 -0.000000 -0.000004
vn -1.000000 -0.000000 -0.000004
vn -1.000000 -0.000000 -0.000004
vn -1.000000 -0.000000 -0.000004
vn -1.000000 -0.000000 -0.000004
vn -1.000000 -0.000000 -0.000004
vn -1.000000 -0.000000 -0.000004
vn -1.000000 -0.000000 -0.000004
vn -0.000000 1.000000 -0.000000
vn -0.000000 1.000000 -0.000000
vn -0.000000 1.000000 -0.000000
vn -0.000000 1.000000 -0.000000
vn -0.000000 1.000000 -0.000000
vn -0.000000 1.000000 -0.000000
vn -0.000000 1.000000 -0.000000
vn -0.000000 1.000000 -0.000000
vn -0.000000 1.000000 -0.000000
vn -0.000000 1.000000 -0.000000
vn -0.000000 1.000000 -0.000000
vn -0.000000 1.000000 -0.000000
vn -0.000000 1.000000 -0.000000
vn -0.000000 1.000000 -0.000000
vn -0.000000 1.000000 -0.000000
vn -0.000000 1.000000 -0.000000
vn -0.000000 1.000000 -0.000000
vn -0.000000 1.000000 -0.000000
vn -0.000000 1.000000 -0.000000
vn -0.000000 1.000000 -0.000000
vn -0.000000 1.000000 -0.000000
vn -0.000000 1.000000 -0.000000
vn -0.000000 1.000000 -0.000000
vn -0.000000 1.000000 -0.000000
vn -1.000000 -0.000000 -0.000004
vn -1.000000 -0.000000 -0.000004
vn -1.000000 -0.000000 -0.000004
vn -1.000000 -0.000000 -0.000004
vn -1.000000 -0.000000 -0.000004
vn -1.000000 -0.000000 -0.000004
vn 1.000000 0.000000 0.000004
vn 1.000000 0.000000 0.000004
vn 1.000000 0.000000 0.000004
vn 1.000000 0.000000 0.000004
vn 1.000000 0.000000 0.000004
vn 1.000000 0.000000 0.000004
vn 1.000000 0.000000 0.000004
vn 1.000000 0.000000 0.000004
vn 1.000000 0.000000 0.000004
vn 1.000000 0.000000 0.000004
vn 1.000000 0.000000 0.000004
vn 1.000000 0.000000 0.000004
vn 1.000000 0.000000 0.000004
vn 1.000000 0.000000 0.000004
vn 1.000000 0.000000 0.000004
vn 1.000000 0.000000 0.000004
vn 1.000000 0.000000 0.000004
vn 1.000000 0.000000 0.000004
vn 1.000000 0.000000 0.000004
vn 1.000000 0.000000 0.000004
vn 1.000000 0.000000 0.000004
vn 1.000000 0.000000 0.000004
vn 1.000000 0.000000 0.000004
vn 1.000000 0.000000 0.000004
vn 1.000000 0.000000 0.000004
vn 1.000000 0.000000 0.000004
vn 1.000000 0.000000 0.000004
vn 1.000000 0.000000 0.000004
vn 1.000000 0.000000 0.000004
vn 1.000000 0.000000 0.000004
vn 0.000004 0.240652 -0.970611
vn 0.000004 0.224712 -0.974425
vn 0.000004 0.240652 -0.970611
vn 0.000004 0.230032 -0.973183
vn 0.000004 0.240652 -0.970611
vn 0.000004 0.104934 -0.994479
vn 0.000004 0.230032 -0.973183
vn 0.000004 0.240652 -0.970611
vn 0.000004 0.224712 -0.974425
vn 0.000004 0.069913 -0.997553
vn 0.000004 0.069913 -0.997553
vn 0.000004 -0.000000 -1.000000
vn 0.000004 0.104934 -0.994479
vn 0.000004 -0.000000 -1.000000
vn 0.000004 -0.000000 -1.000000
vn 0.000004 -0.000000 -1.000000
vn 0.000004 -0.000000 -1.000000
vn 0.000004 -0.000000 -1.000000
vn 0.000004 -0.000000 -1.000000
vn 0.000004 -0.000000 -1.000000
vn -1.000000 -0.000000 -0.000004
vn -1.000000 -0.000000 -0.000004
vn -1.000000 -0.000000 -0.000004
vn -1.000000 -0.000000 -0.000004
vn -0.000004 0.000000 1.000000
vn -0.000004 0.000000 1.000000
vn -0.000004 0.000000 1.000000
vn -0.000004 0.000000 1.000000
vn -0.000004 0.000000 1.000000
vn -0.000004 0.000000 1.000000
vn -0.000004 0.000000 1.000000
vn -0.000004 0.000000 1.000000
vn -0.000004 0.000000 1.000000
vn -0.000004 0.000000 1.000000
vn -0.000004 0.000000 1.000000
vn -0.000004 0.000000 1.000000
vn -0.000004 0.000000 1.000000
vn -0.000004 0.000000 1.000000
vn -0.000004 0.000000 1.000000
vn -0.000004 0.000000 1.000000
vn -0.000004 0.000000 1.000000
vn -0.000004 0.000000 1.000000
vn -0.000004 0.000000 1.000000
vn -0.000004 0.000000 1.000000
vn -1.000000 -0.000000 -0.000004
vn -1.000000 -0.000000 -0.000004
vn -1.000000 -0.000000 -0.000004
vn -1.000000 -0.000000 -0.000004
vn -1.000000 -0.000000 -0.000004
vn -1.000000 -0.000000 -0.000004
vn 0.000000 -1.000000 0.000000
vn 0.000000 -1.000000 0.000000
vn 0.000000 -1.000000 0.000000
vn 0.000000 -1.000000 0.000000
vn 0.000000 -1.000000 0.000000
vn 0.000000 -1.000000 0.000000
vn 0.000000 -1.000000 0.000000
vn 0.000000 -1.000000 0.000000
vn 0.000000 -1.000000 0.000000
vn 0.000000 -1.000000 0.000000
vn 0.000000 -1.000000 0.000000
vn 0.000000 -1.000000 0.000000
vn 0.000000 -1.000000 0.000000
vn 0.000000 -1.000000 0.000000
vn 0.000000 -1.000000 0.000000
vn 0.000000 -1.000000 0.000000
vn 0.000000 -1.000000 0.000000
vn 0.000000 -1.000000 0.000000
vn 0.000000 -1.000000 0.000000
vn 0.000000 -1.000000 0.000000
vn 0.000000 -1.000000 0.000000
vn 0.000000 -1.000000 0.000000
vn 0.000000 -1.000000 0.000000
vn 0.000000 -1.000000 0.000000
vn 0.000000 -1.000000 0.000000
vn 0.000000 -1.000000 0.000000
vn 0.000000 -1.000000 0.000000
vn 0.000000 -1.000000 0.000000
vn 0.000000 -1.000000 0.000000
vn 0.000000 -1.000000 0.000000
vn 0.000000 -1.000000 0.000000
vn 0.000000 -1.000000 0.000000
vn -0.000000 1.000000 -0.000000
vn -0.000000 1.000000 -0.000000
vn -0.000000 1.000000 -0.000000
vn -0.000000 1.000000 -0.000000
vn -0.000000 1.000000 -0.000000
vn -0.000000 1.000000 -0.000000
vn -0.000000 1.000000 -0.000000
vn -0.000000 1.000000 -0.000000
vn -0.000000 1.000000 -0.000000
vn -0.000000 1.000000 -0.000000
vn -0.000000 1.000000 -0.000000
vn -0.000000 1.000000 -0.000000
vn 0.000000 -1.000000 0.000000
vn 0.000000 -1.000000 0.000000
vn 0.000000 -1.000000 0.000000
vn 0.000000 -1.000000 0.000000
vn -1.000000 -0.000000 -0.000004
vn -1.000000 -0.000000 -0.000004
vn -1.000000 -0.000000 -0.000004
vn -1.000000 -0.000000 -0.000004
vn 1.000000 0.000000 0.000004
vn 1.000000 0.000000 0.000004
vn 1.000000 0.000000 0.000004
vn 1.000000 0.000000 0.000004
vn -0.000004 -0.208710 0.977977
vn -0.000004 -0.208710 0.977977
vn -0.000004 -0.104934 0.994479
vn -0.000004 -0.208710 0.977977
vn -0.000004 -0.208710 0.977977
vn -0.000004 -0.208710 0.977977
vn -0.000004 -0.208710 0.977977
vn -0.000004 -0.104934 0.994479
vn 0.000004 -0.000000 -1.000000
vn 0.000004 -0.000000 -1.000000
vn 0.000004 -0.000000 -1.000000
vn 0.000004 -0.000000 -1.000000
vn 0.000004 -0.000000 -1.000000
vn 0.000004 -0.000000 -1.000000
vn 0.000004 -0.000000 -1.000000
vn 0.000004 -0.000000 -1.000000
vn -1.000000 -0.000000 -0.000004
vn -1.000000 -0.000000 -0.000004
vn -1.000000 -0.000000 -0.000004
vn -1.000000 -0.000000 -0.000004
vn -0.000004 -0.104934 0.994479
vn -0.000004 0.000000 1.000000
vn -0.000004 0.000000 1.000000
vn -0.000004 -0.104934 0.994479
vn 1.000000 0.000000 0.000004
vn 1.000000 0.000000 0.000004
vn 1.000000 0.000000 0.000004
vn 1.000000 0.000000 0.000004
vn -0.000000 1.000000 -0.000000
vn -0.000000 1.000000 -0.000000
vn -0.000000 1.000000 -0.000000
vn -0.000000 1.000000 -0.000000
vn 0.000004 -0.000000 -1.000000
vn 0.000004 -0.000000 -1.000000
vn 0.000004 -0.000000 -1.000000
vn 0.000004 -0.000000 -1.000000
vn -1.000000 -0.000000 -0.000004
vn -1.000000 -0.000000 -0.000004
vn -1.000000 -0.000000 -0.000004
vn -1.000000 -0.000000 -0.000004
vn -1.000000 -0.000000 -0.000004
vn -1.000000 -0.000000 -0.000004
vn -1.000000 -0.000000 -0.000004
vn -1.000000 -0.000000 -0.000004
vn -1.000000 -0.000000 -0.000004
vn -1.000000 -0.000000 -0.000004
vn -0.000000 1.000000 -0.000000
vn -0.000000 1.000000 -0.000000
vn -0.000000 1.000000 -0.000000
vn -0.000000 1.000000 -0.000000
vn 1.000000 0.000000 0.000004
vn 1.000000 0.000000 0.000004
vn 1.000000 0.000000 0.000004
vn 1.000000 0.000000 0.000004
vn 0.000004 -0.000000 -1.000000
vn 0.000004 -0.000000 -1.000000
vn 0.000004 -0.000000 -1.000000
vn 0.000004 -0.000000 -1.000000
vn -0.000000 1.000000 -0.000000
vn -0.000000 1.000000 -0.000000
vn -0.000000 1.000000 -0.000000
vn -0.000000 1.000000 -0.000000
vn -0.000004 0.000000 1.000000
vn -0.000004 0.000000 1.000000
vn -0.000004 0.000000 1.000000
vn -0.000004 0.000000 1.000000
vn -0.000004 0.000000 1.000000
vn -0.000004 0.000000 1.000000
vn -0.000004 0.000000 1.000000
vn -0.000004 0.000000 1.000000
vn -0.000004 0.000000 1.000000
vn -0.000004 0.000000 1.000000
vn 0.000000 -1.000000 0.000000
vn 0.000000 -1.000000 0.000000
vn 0.000000 -1.000000 0.000000
vn 0.000000 -1.000000 0.000000
vn -0.000000 1.000000 -0.000000
vn -0.000000 1.000000 -0.000000
vn -0.000000 1.000000 -0.000000
vn -0.000000 1.000000 -0.000000
vn 1.000000 0.000000 0.000004
vn 1.000000 0.000000 0.000004
vn 1.000000 0.000000 0.000004
vn 1.000000 0.000000 0.000004
vn 1.000000 0.000000 0.000004
vn 1.000000 0.000000 0.000004
vn -0.000000 1.000000 -0.000000
vn -0.000000 1.000000 -0.000000
vn -0.000000 1.000000 -0.000000
vn -0.000000 1.000000 -0.000000
vn 0.000000 -1.000000 0.000000
vn 0.000000 -1.000000 0.000000
vn 0.000000 -1.000000 0.000000
vn 0.000000 -1.000000 0.000000
vn 0.000000 -1.000000 0.000000
vn 0.000000 -1.000000 0.000000
vn -0.000004 0.000000 1.000000
vn -0.000004 0.000000 1.000000
vn -0.000004 0.000000 1.000000
vn -0.000004 0.000000 1.000000
vn -0.000004 0.000000 1.000000
vn -0.000004 0.000000 1.000000
vn -1.000000 -0.000000 -0.000004
vn -1.000000 -0.000000 -0.000004
vn -1.000000 -0.000000 -0.000004
vn -1.000000 -0.000000 -0.000004
vn -1.000000 -0.000000 -0.000004
vn -1.000000 -0.000000 -0.000004
vn -1.000000 -0.000000 -0.000004
vn -1.000000 -0.000000 -0.000004
vn -1.000000 -0.000000 -0.000004
vn -1.000000 -0.000000 -0.000004
vn -1.000000 -0.000000 -0.000004
vn -1.000000 -0.000000 -0.000004
vn -1.000000 -0.000000 -0.000004
vn -1.000000 -0.000000 -0.000004
vn -1.000000 -0.000000 -0.000004
vn -1.000000 -0.000000 -0.000004
vn -0.000000 1.000000 -0.000000
vn -0.000000 1.000000 -0.000000
vn -0.000000 1.000000 -0.000000
vn -0.000000 1.000000 -0.000000
vn -0.000000 1.000000 -0.000000
vn -0.000000 1.000000 -0.000000
vn 0.000004 -0.000000 -1.000000
vn 0.000004 -0.000000 -1.000000
vn 0.000004 -0.000000 -1.000000
vn 0.000004 -0.000000 -1.000000
vn 0.000004 -0.000000 -1.000000
vn 0.000004 -0.000000 -1.000000
vn 0.000004 -0.000000 -1.000000
vn 0.000004 -0.000000 -1.000000
vn 0.000004 -0.000000 -1.000000
vn 0.000004 -0.000000 -1.000000
vn -1.000000 -0.000000 -0.000004
vn -1.000000 -0.000000 -0.000004
vn -1.000000 -0.000000 -0.000004
vn -1.000000 -0.000000 -0.000004
vn -0.000004 0.000000 1.000000
vn -0.000004 0.000000 1.000000
vn -0.000004 0.000000 1.000000
vn -0.000004 0.000000 1.000000
vn 0.000000 -1.000000 0.000000
vn 0.000000 -1.000000 0.000000
vn 0.000000 -1.000000 0.000000
vn 0.000000 -1.000000 0.000000
vn -0.000000 1.000000 -0.000000
vn -0.000000 1.000000 -0.000000
vn -0.000000 1.000000 -0.000000
vn -0.000000 1.000000 -0.000000
vn 0.000004 -0.000000 -1.000000
vn 0.000004 -0.000000 -1.000000
vn 0.000004 -0.000000 -1.000000
vn 0.000004 -0.000000 -1.000000
vn -1.000000 -0.000000 -0.000004
vn -1.000000 -0.000000 -0.000004
vn -1.000000 -0.000000 -0.000004
vn -1.000000 -0.000000 -0.000004
vn -0.000004 0.000000 1.000000
vn -0.000004 0.000000 1.000000
vn -0.000004 0.000000 1.000000
vn -0.000004 0.000000 1.000000
vn 0.000000 -1.000000 0.000000
vn 0.000000 -1.000000 0.000000
vn 0.000000 -1.000000 0.000000
vn 0.000000 -1.000000 0.000000
vn -0.000000 1.000000 -0.000000
vn -0.000000 1.000000 -0.000000
vn -0.000000 1.000000 -0.000000
vn -0.000000 1.000000 -0.000000
vn 0.000002 0.866026 -0.500000
vn 0.000002 0.866026 -0.500000
vn 0.000002 0.866026 -0.500000
vn 0.000002 0.866026 -0.500000
vn 0.000004 -0.000000 -1.000000
vn 0.000004 -0.000000 -1.000000
vn 0.000004 -0.000000 -1.000000
vn 0.000004 -0.000000 -1.000000
vn 0.000002 -0.866025 -0.500001
vn 0.000002 -0.866025 -0.500001
vn 0.000002 -0.866025 -0.500001
vn 0.000002 -0.866025 -0.500001
vn -0.000002 -0.866026 0.500000
vn -0.000002 -0.866026 0.500000
vn -0.000002 -0.866026 0.500000
vn -0.000002 -0.866026 0.500000
vn -0.000002 0.866025 0.500001
vn -0.000002 0.866025 0.500001
vn -0.000002 0.866025 0.500001
vn -0.000002 0.866025 0.500001
vn -0.000004 0.000000 1.000000
vn -0.000004 0.000000 1.000000
vn -0.000004 0.000000 1.000000
vn -0.000004 0.000000 1.000000
vn 1.000000 0.000000 0.000004
vn 1.000000 0.000000 0.000004
vn 1.000000 0.000000 0.000004
vn 1.000000 0.000000 0.000004
vn 1.000000 0.000000 0.000004
vn 1.000000 0.000000 0.000004
vn 0.000004 -0.000000 -1.000000
vn 0.000004 -0.000000 -1.000000
vn 0.000004 -0.000000 -1.000000
vn 0.000004 -0.000000 -1.000000
vn -0.000004 0.000000 1.000000
vn -0.000004 0.000000 1.000000
vn -0.000004 0.000000 1.000000
vn -0.000004 0.000000 1.000000
vn -0.000000 1.000000 -0.000000
vn -0.000000 1.000000 -0.000000
vn -0.000000 1.000000 -0.000000
vn -0.000000 1.000000 -0.000000
vn 1.000000 0.000000 0.000004
vn 1.000000 0.000000 0.000004
vn 1.000000 0.000000 0.000004
vn 1.000000 0.000000 0.000004
vn -1.000000 -0.000000 -0.000004
vn -1.000000 -0.000000 -0.000004
vn -1.000000 -0.000000 -0.000004
vn -1.000000 -0.000000 -0.000004
vn -0.000004 0.000000 1.000000
vn -0.000004 0.000000 1.000000
vn -0.000004 0.000000 1.000000
vn -0.000004 0.000000 1.000000
vn 0.000000 -0.996529 -0.083252
vn 0.000000 -0.996529 -0.083252
vn 0.000000 -0.996529 -0.083252
vn 0.000000 -0.996529 -0.083252
vn -0.000000 0.996529 0.083252
vn -0.000000 0.996529 0.083252
vn -0.000000 0.996529 0.083252
vn -0.000000 0.996529 0.083252
vn 1.000000 0.000000 0.000004
vn 1.000000 0.000000 0.000004
vn 1.000000 0.000000 0.000004
vn 1.000000 0.000000 0.000004
vn -0.045705 -0.000000 -0.998955
vn -0.091319 -0.000000 -0.995822
vn -0.091319 -0.000000 -0.995822
vn -0.045705 -0.000000 -0.998955
vn 0.044814 -0.000000 -0.998995
vn 0.044814 -0.000000 -0.998995
vn 0.089533 -0.000000 -0.995984
vn 0.089533 -0.000000 -0.995984
vn -1.000000 -0.000000 -0.000004
vn -1.000000 -0.000000 -0.000004
vn -1.000000 -0.000000 -0.000004
vn -1.000000 -0.000000 -0.000004
vn -0.044814 0.000000 0.998995
vn -0.089533 0.000000 0.995984
vn -0.089533 0.000000 0.995984
vn -0.044814 0.000000 0.998995
vn 0.045705 0.000000 0.998955
vn 0.045705 0.000000 0.998955
vn 0.091319 0.000000 0.995822
vn 0.091319 0.000000 0.995822
vn 0.000000 -1.000000 0.000000
vn 0.000000 -1.000000 0.000000
vn 0.000000 -1.000000 0.000000
vn 0.000000 -1.000000 0.000000
vn 0.000000 -1.000000 0.000000
vn 0.000000 -1.000000 0.000000
vn 0.000000 -1.000000 0.000000
vn 0.000000 -1.000000 0.000000
vn -0.000000 1.000000 -0.000000
vn -0.000000 1.000000 -0.000000
vn -0.000000 1.000000 -0.000000
vn -0.000000 1.000000 -0.000000
vn -0.000000 1.000000 -0.000000
vn -0.000000 1.000000 -0.000000
vn -0.000000 1.000000 -0.000000
vn -0.000000 1.000000 -0.000000
vn -1.000000 -0.000000 -0.000004
vn -1.000000 -0.000000 -0.000004
vn -1.000000 -0.000000 -0.000004
vn -1.000000 -0.000000 -0.000004
vn 0.045704 0.000000 0.998955
vn 0.091317 0.000000 0.995822
vn 0.091317 0.000000 0.995822
vn 0.045704 0.000000 0.998955
vn -0.044815 0.000000 0.998995
vn -0.044815 0.000000 0.998995
vn -0.089535 0.000000 0.995984
vn -0.089535 0.000000 0.995984
vn 1.000000 0.000000 0.000004
vn 1.000000 0.000000 0.000004
vn 1.000000 0.000000 0.000004
vn 1.000000 0.000000 0.000004
vn 0.044815 -0.000000 -0.998995
vn 0.089535 -0.000000 -0.995984
vn 0.089535 -0.000000 -0.995984
vn 0.044815 -0.000000 -0.998995
vn -0.045704 -0.000000 -0.998955
vn -0.045704 -0.000000 -0.998955
vn -0.091317 -0.000000 -0.995822
vn -0.091317 -0.000000 -0.995822
vn 0.000000 -1.000000 0.000000
vn 0.000000 -1.000000 0.000000
vn 0.000000 -1.000000 0.000000
vn 0.000000 -1.000000 0.000000
vn 0.000000 -1.000000 0.000000
vn 0.000000 -1.000000 0.000000
vn 0.000000 -1.000000 0.000000
vn 0.000000 -1.000000 0.000000
vn -0.000000 1.000000 -0.000000
vn -0.000000 1.000000 -0.000000
vn -0.000000 1.000000 -0.000000
vn -0.000000 1.000000 -0.000000
vn -0.000000 1.000000 -0.000000
vn -0.000000 1.000000 -0.000000
vn -0.000000 1.000000 -0.000000
vn -0.000000 1.000000 -0.000000
vn 0.000004 -0.500000 -0.866025
vn 0.000004 -0.500000 -0.866025
vn 0.000004 -0.500000 -0.866025
vn 0.000004 -0.500000 -0.866025
vn 0.000000 -1.000000 0.000000
vn 0.000000 -1.000000 0.000000
vn 0.000000 -1.000000 0.000000
vn 0.000000 -1.000000 0.000000
vn -0.000004 -0.500000 0.866026
vn -0.000004 -0.500000 0.866026
vn -0.000004 -0.500000 0.866026
vn -0.000004 -0.500000 0.866026
vn -0.000004 0.500000 0.866025
vn -0.000004 0.500000 0.866025
vn -0.000004 0.500000 0.866025
vn -0.000004 0.500000 0.866025
vn 0.000004 0.500000 -0.866025
vn 0.000004 0.500000 -0.866025
vn 0.000004 0.500000 -0.866025
vn 0.000004 0.500000 -0.866025
vn -0.000000 1.000000 -0.000000
vn -0.000000 1.000000 -0.000000
vn -0.000000 1.000000 -0.000000
vn -0.000000 1.000000 -0.000000
vn 1.000000 0.000000 0.000004
vn 1.000000 0.000000 0.000004
vn 1.000000 0.000000 0.000004
vn 1.000000 0.000000 0.000004
vn 1.000000 0.000000 0.000004
vn 1.000000 0.000000 0.000004
f 1/1/1 2/2/2 3/3/3
f 4/4/4 5/5/5 6/6/6
f 7/7/7 8/8/8 9/9/9
f 10/10/10 11/11/11 12/12/12
f 13/13/13 14/14/14 15/15/15
f 16/16/16 17/17/17 18/18/18
f 19/19/19 20/20/20 21/21/21
f 19/19/19 21/21/21 22/22/22
f 23/23/23 24/24/24 25/25/25
f 23/23/23 25/25/25 26/26/26
f 27/27/27 28/28/28 29/29/29
f 27/27/27 29/29/29 30/30/30
f 31/31/31 32/32/32 33/33/33
f 31/31/31 33/33/33 34/34/34
f 35/35/35 36/36/36 37/37/37
f 35/35/35 37/37/37 38/38/38
f 39/39/39 40/40/40 41/41/41
f 39/39/39 42/42/42 40/40/40
f 43/43/43 42/42/42 39/39/39
f 43/43/43 44/44/44 42/42/42
f 45/45/45 44/44/44 43/43/43
f 45/45/45 46/46/46 44/44/44
f 47/47/47 45/45/45 43/43/43
f 47/47/47 43/43/43 48/48/48
f 49/49/49 47/47/47 48/48/48
f 50/50/50 45/45/45 47/47/47
f 49/49/49 48/48/48 51/51/51
f 52/52/52 46/46/46 45/45/45
f 50/50/50 52/52/52 45/45/45
f 52/52/52 53/53/53 46/46/46
f 54/54/54 49/49/49 51/51/51
f 54/54/54 51/51/51 55/55/55
f 56/56/56 49/49/49 54/54/54
f 56/56/56 57/57/57 49/49/49
f 58/58/58 57/57/57 56/56/56
f 58/58/58 59/59/59 57/57/57
f 59/59/59 50/50/50 57/57/57
f 59/59/59 60/60/60 50/50/50
f 60/60/60 52/52/52 50/50/50
f 60/60/60 61/61/61 52/52/52
f 61/61/61 53/53/53 52/52/52
f 61/61/61 62/62/62 53/53/53
f 63/63/63 64/64/64 65/65/65
f 63/63/63 65/65/65 66/66/66
f 66/66/66 65/65/65 67/67/67
f 66/66/66 67/67/67 68/68/68
f 68/68/68 67/67/67 69/69/69
f 68/68/68 69/69/69 70/70/70
f 71/71/71 68/68/68 70/70/70
f 71/71/71 70/70/70 72/72/72
f 73/73/73 66/66/66 68/68/68
f 73/73/73 68/68/68 71/71/71
f 74/74/74 71/71/71 72/72/72
f 74/74/74 72/72/72 75/75/75
f 76/76/76 71/71/71 74/74/74
f 76/76/76 73/73/73 71/71/71
f 77/77/77 73/73/73 76/76/76
f 77/77/77 78/78/78 73/73/73
f 78/78/78 66/66/66 73/73/73
f 78/78/78 63/63/63 66/66/66
f 79/79/79 63/63/63 78/78/78
f 79/79/79 80/80/80 63/63/63
f 81/81/81 80/80/80 79/79/79
f 82/82/82 81/81/81 79/79/79
f 82/82/82 79/79/79 83/83/83
f 81/81/81 84/84/84 80/80/80
f 84/84/84 85/85/85 80/80/80
f 84/84/84 86/86/86 85/85/85
f 87/87/87 88/88/88 89/89/89
f 87/87/87 90/90/90 88/88/88
f 91/91/91 90/90/90 87/87/87
f 91/91/91 92/92/92 90/90/90
f 93/93/93 94/94/94 95/95/95
f 93/93/93 96/96/96 94/94/94
f 97/97/97 96/96/96 93/93/93
f 96/96/96 98/98/98 94/94/94
f 97/97/97 99/99/99 96/96/96
f 100/100/100 99/99/99 97/97/97
f 100/100/100 101/101/101 99/99/99
f 96/96/96 102/102/102 98/98/98
f 101/101/101 103/103/103 99/99/99
f 102/102/102 104/104/104 98/98/98
f 101/101/101 105/105/105 103/103/103
f 102/102/102 106/106/106 104/104/104
f 103/103/103 106/106/106 102/102/102
f 106/106/106 107/107/107 104/104/104
f 106/106/106 108/108/108 107/107/107
f 103/103/103 109/109/109 106/106/106
f 109/109/109 108/108/108 106/106/106
f 105/105/105 109/109/109 103/103/103
f 109/109/109 110/110/110 108/108/108
f 105/105/105 111/111/111 109/109/109
f 111/111/111 110/110/110 109/109/109
f 111/111/111 112/112/112 110/110/110
f 113/113/113 111/111/111 105/105/105
f 114/114/114 112/112/112 111/111/111
f 113/113/113 114/114/114 111/111/111
f 114/114/114 115/115/115 112/112/112
f 116/116/116 115/115/115 114/114/114
f 116/116/116 117/117/117 115/115/115
f 118/118/118 116/116/116 114/114/114
f 118/118/118 114/114/114 113/113/113
f 119/119/119 118/118/118 113/113/113
f 119/119/119 113/113/113 120/120/120
f 121/121/121 119/119/119 120/120/120
f 121/121/121 120/120/120 122/122/122
f 123/123/123 124/124/124 125/125/125
f 123/123/123 126/126/126 124/124/124
f 127/127/127 126/126/126 123/123/123
f 126/126/126 128/128/128 124/124/124
f 127/127/127 129/129/129 126/126/126
f 130/130/130 129/129/129 127/127/127
f 130/130/130 131/131/131 129/129/129
f 126/126/126 132/132/132 128/128/128
f 131/131/131 133/133/133 129/129/129
f 132/132/132 134/134/134 128/128/128
f 131/131/131 135/135/135 133/133/133
f 132/132/132 136/136/136 134/134/134
f 133/133/133 136/136/136 132/132/132
f 136/136/136 137/137/137 134/134/134
f 136/136/136 138/138/138 137/137/137
f 135/135/135 139/139/139 133/133/133
f 133/133/133 139/139/139 136/136/136
f 139/139/139 138/138/138 136/136/136
f 135/135/135 140/140/140 139/139/139
f 139/139/139 141/141/141 138/138/138
f 140/140/140 141/141/141 139/139/139
f 140/140/140 142/142/142 141/141/141
f 143/143/143 144/144/144 145/145/145
f 143/143/143 145/145/145 146/146/146
f 147/147/147 148/148/148 149/149/149
f 147/147/147 150/150/150 148/148/148
f 151/151/151 150/150/150 147/147/147
f 150/150/150 152/152/152 148/148/148
f 150/150/150 153/153/153 152/152/152
f 153/153/153 154/154/154 152/152/152
f 151/151/151 155/155/155 150/150/150
f 156/156/156 155/155/155 151/151/151
f 156/156/156 157/157/157 155/155/155
f 157/157/157 158/158/158 155/155/155
f 157/157/157 159/159/159 158/158/158
f 153/153/153 160/160/160 154/154/154
f 160/160/160 161/161/161 154/154/154
f 160/160/160 162/162/162 161/161/161
f 159/159/159 163/163/163 158/158/158
f 163/163/163 162/162/162 160/160/160
f 159/159/159 164/164/164 163/163/163
f 163/163/163 165/165/165 162/162/162
f 164/164/164 165/165/165 163/163/163
f 164/164/164 166/166/166 165/165/165
f 167/167/167 168/168/168 169/169/169
f 167/167/167 170/170/170 168/168/168
f 171/171/171 170/170/170 167/167/167
f 171/171/171 172/172/172 170/170/170
f 173/173/173 174/174/174 175/175/175
f 173/173/173 176/176/176 174/174/174
f 177/177/177 176/176/176 173/173/173
f 176/176/176 178/178/178 174/174/174
f 177/177/177 179/179/179 176/176/176
f 180/180/180 179/179/179 177/177/177
f 176/176/176 181/181/181 178/178/178
f 179/179/179 181/181/181 176/176/176
f 181/181/181 182/182/182 178/178/178
f 181/181/181 183/183/183 182/182/182
f 184/184/184 183/183/183 181/181/181
f 179/179/179 184/184/184 181/181/181
f 184/184/184 185/185/185 183/183/183
f 180/180/180 186/186/186 179/179/179
f 186/186/186 184/184/184 179/179/179
f 187/187/187 186/186/186 180/180/180
f 188/188/188 185/185/185 184/184/184
f 186/186/186 188/188/188 184/184/184
f 188/188/188 189/189/189 185/185/185
f 187/187/187 190/190/190 186/186/186
f 190/190/190 188/188/188 186/186/186
f 191/191/191 190/190/190 187/187/187
f 191/191/191 192/192/192 190/190/190
f 193/193/193 189/189/189 188/188/188
f 190/190/190 193/193/193 188/188/188
f 192/192/192 193/193/193 190/190/190
f 193/193/193 194/194/194 189/189/189
f 192/192/192 195/195/195 193/193/193
f 195/195/195 194/194/194 193/193/193
f 195/195/195 196/196/196 194/194/194
f 197/197/197 198/198/198 199/199/199
f 197/197/197 200/200/200 198/198/198
f 198/198/198 200/200/200 201/201/201
f 198/198/198 201/201/201 202/202/202
f 203/203/203 202/202/202 201/201/201
f 203/203/203 201/201/201 204/204/204
f 205/205/205 206/206/206 207/207/207
f 205/205/205 207/207/207 208/208/208
f 209/209/209 210/210/210 211/211/211
f 209/209/209 211/211/211 212/212/212
f 213/213/213 214/214/214 215/215/215
f 213/213/213 215/215/215 216/216/216
f 217/217/217 218/218/218 219/219/219
f 217/217/217 219/219/219 220/220/220
f 221/221/221 222/222/222 223/223/223
f 221/221/221 223/223/223 224/224/224
f 225/225/225 226/226/226 227/227/227
f 225/225/225 227/227/227 228/228/228
f 229/229/229 230/230/230 231/231/231
f 229/229/229 231/231/231 232/232/232
f 233/233/233 234/234/234 235/235/235
f 233/233/233 235/235/235 236/236/236
f 237/237/237 238/238/238 239/239/239
f 237/237/237 240/240/240 238/238/238
f 238/238/238 240/240/240 241/241/241
f 238/238/238 241/241/241 242/242/242
f 243/243/243 242/242/242 241/241/241
f 243/243/243 241/241/241 244/244/244
f 245/245/245 246/246/246 247/247/247
f 245/245/245 247/247/247 248/248/248
f 249/249/249 250/250/250 251/251/251
f 249/249/249 251/251/251 252/252/252
f 253/253/253 254/254/254 255/255/255
f 253/253/253 255/255/255 256/256/256
f 257/257/257 258/258/258 259/259/259
f 257/257/257 259/259/259 260/260/260
f 261/261/261 262/262/262 263/263/263
f 261/261/261 263/263/263 264/264/264
f 265/265/265 266/266/266 267/267/267
f 265/265/265 268/268/268 266/266/266
f 269/269/269 268/268/268 265/265/265
f 269/269/269 270/270/270 268/268/268
f 271/271/271 270/270/270 269/269/269
f 271/271/271 272/272/272 270/270/270
f 273/273/273 272/272/272 271/271/271
f 273/273/273 274/274/274 272/272/272
f 275/275/275 276/276/276 277/277/277
f 275/275/275 277/277/277 278/278/278
f 279/279/279 280/280/280 281/281/281
f 279/279/279 281/281/281 282/282/282
f 283/283/283 284/284/284 285/285/285
f 283/283/283 285/285/285 286/286/286
f 287/287/287 288/288/288 289/289/289
f 287/287/287 289/289/289 290/290/290
f 291/291/291 292/292/292 293/293/293
f 291/291/291 293/293/293 294/294/294
f 295/295/295 296/296/296 297/297/297
f 295/295/295 297/297/297 298/298/298
f 299/299/299 295/295/295 298/298/298
f 299/299/299 298/298/298 300/300/300
f 301/301/301 302/302/302 303/303/303
f 301/301/301 303/303/303 304/304/304
f 305/305/305 306/306/306 307/307/307
f 305/305/305 307/307/307 308/308/308
f 309/309/309 310/310/310 311/311/311
f 309/309/309 312/312/312 310/310/310
f 313/313/313 312/312/312 309/309/309
f 313/313/313 314/314/314 312/312/312
f 315/315/315 316/316/316 317/317/317
f 315/315/315 317/317/317 318/318/318
f 319/319/319 320/320/320 321/321/321
f 319/319/319 322/322/322 320/320/320
f 323/323/323 322/322/322 319/319/319
f 323/323/323 324/324/324 322/322/322
f 325/325/325 326/326/326 327/327/327
f 325/325/325 327/327/327 328/328/328
f 328/328/328 327/327/327 329/329/329
f 328/328/328 329/329/329 330/330/330
f 331/331/331 332/332/332 333/333/333
f 331/331/331 333/333/333 334/334/334
f 334/334/334 333/333/333 335/335/335
f 334/334/334 335/335/335 336/336/336
f 337/337/337 338/338/338 339/339/339
f 337/337/337 340/340/340 338/338/338
f 340/340/340 341/341/341 338/338/338
f 340/340/340 342/342/342 341/341/341
f 343/343/343 342/342/342 340/340/340
f 343/343/343 344/344/344 342/342/342
f 340/340/340 345/345/345 343/343/343
f 340/340/340 346/346/346 345/345/345
f 347/347/347 348/348/348 349/349/349
f 347/347/347 350/350/350 348/348/348
f 351/351/351 350/350/350 347/347/347
f 351/351/351 352/352/352 350/350/350
f 353/353/353 354/354/354 355/355/355
f 353/353/353 355/355/355 356/356/356
f 356/356/356 355/355/355 357/357/357
f 356/356/356 357/357/357 358/358/358
f 359/359/359 360/360/360 361/361/361
f 359/359/359 361/361/361 362/362/362
f 363/363/363 364/364/364 365/365/365
f 363/363/363 365/365/365 366/366/366
f 367/367/367 368/368/368 369/369/369
f 367/367/367 369/369/369 370/370/370
f 371/371/371 372/372/372 373/373/373
f 371/371/371 373/373/373 374/374/374
f 375/375/375 376/376/376 377/377/377
f 375/375/375 377/377/377 378/378/378
f 379/379/379 380/380/380 381/381/381
f 379/379/379 381/381/381 382/382/382
f 383/383/383 384/384/384 385/385/385
f 383/383/383 385/385/385 386/386/386
f 387/387/387 388/388/388 389/389/389
f 387/387/387 389/389/389 390/390/390
f 391/391/391 392/392/392 393/393/393
f 391/391/391 393/393/393 394/394/394
f 395/395/395 396/396/396 397/397/397
f 395/395/395 397/397/397 398/398/398
f 399/399/399 400/400/400 401/401/401
f 399/399/399 401/401/401 402/402/402
f 403/403/403 404/404/404 405/405/405
f 403/403/403 405/405/405 406/406/406
f 407/407/407 408/408/408 409/409/409
f 407/407/407 409/409/409 410/410/410
f 411/411/411 412/412/412 413/413/413
f 411/411/411 413/413/413 414/414/414
f 415/415/415 416/416/416 417/417/417
f 415/415/415 417/417/417 418/418/418
f 419/419/419 420/420/420 421/421/421
f 419/419/419 421/421/421 422/422/422
f 423/423/423 424/424/424 425/425/425
f 425/425/425 426/426/426 423/423/423
f 426/426/426 427/427/427 423/423/423
f 426/426/426 428/428/428 427/427/427
f 429/429/429 430/430/430 431/431/431
f 429/429/429 431/431/431 432/432/432
f 433/433/433 434/434/434 435/435/435
f 433/433/433 435/435/435 436/436/436
f 437/437/437 438/438/438 439/439/439
f 437/437/437 439/439/439 440/440/440
f 441/441/441 442/442/442 443/443/443
f 441/441/441 443/443/443 444/444/444
f 445/445/445 446/446/446 447/447/447
f 445/445/445 447/447/447 448/448/448
f 449/449/449 450/450/450 451/451/451
f 449/449/449 451/451/451 452/452/452
f 453/453/453 454/454/454 455/455/455
f 453/453/453 455/455/455 456/456/456
f 457/457/457 458/458/458 459/459/459
f 457/457/457 459/459/459 460/460/460
f 461/461/461 462/462/462 463/463/463
f 461/461/461 463/463/463 464/464/464
f 465/465/465 466/466/466 467/467/467
f 465/465/465 468/468/468 466/466/466
f 469/469/469 468/468/468 465/465/465
f 469/469/469 470/470/470 468/468/468
f 471/471/471 470/470/470 469/469/469
f 471/471/471 472/472/472 470/470/470
f 473/473/473 474/474/474 475/475/475
f 473/473/473 475/475/475 476/476/476
f 477/477/477 478/478/478 479/479/479
f 477/477/477 480/480/480 478/478/478
f 481/481/481 480/480/480 477/477/477
f 481/481/481 482/482/482 480/480/480
f 483/483/483 482/482/482 481/481/481
f 483/483/483 484/484/484 482/482/482
f 485/485/485 486/486/486 487/487/487
f 485/485/485 487/487/487 488/488/488
f 489/489/489 485/485/485 488/488/488
f 489/489/489 488/488/488 490/490/490
f 491/491/491 489/489/489 490/490/490
f 491/491/491 490/490/490 492/492/492
f 493/493/493 494/494/494 495/495/495
f 493/493/493 495/495/495 496/496/496
f 497/497/497 493/493/493 496/496/496
f 497/497/497 496/496/496 498/498/498
f 499/499/499 497/497/497 498/498/498
f 499/499/499 498/498/498 500/500/500
f 501/501/501 502/502/502 503/503/503
f 501/501/501 503/503/503 504/504/504
f 505/505/505 506/506/506 507/507/507
f 505/505/505 508/508/508 506/506/506
f 509/509/509 508/508/508 505/505/505
f 509/509/509 510/510/510 508/508/508
f 511/511/511 510/510/510 509/509/509
f 511/511/511 512/512/512 510/510/510
f 513/513/513 514/514/514 515/515/515
f 513/513/513 515/515/515 516/516/516
f 517/517/517 518/518/518 519/519/519
f 517/517/517 520/520/520 518/518/518
f 521/521/521 520/520/520 517/517/517
f 521/521/521 522/522/522 520/520/520
f 523/523/523 522/522/522 521/521/521
f 523/523/523 524/524/524 522/522/522
f 525/525/525 526/526/526 527/527/527
f 525/525/525 527/527/527 528/528/528
f 529/529/529 525/525/525 528/528/528
f 529/529/529 528/528/528 530/530/530
f 531/531/531 529/529/529 530/530/530
f 531/531/531 530/530/530 532/532/532
f 533/533/533 534/534/534 535/535/535
f 533/533/533 535/535/535 536/536/536
f 537/537/537 533/533/533 536/536/536
f 537/537/537 536/536/536 538/538/538
f 539/539/539 537/537/537 538/538/538
f 539/539/539 538/538/538 540/540/540
f 541/541/541 542/542/542 543/543/543
f 541/541/541 543/543/543 544/544/544
f 545/545/545 546/546/546 547/547/547
f 545/545/545 547/547/547 548/548/548
f 549/549/549 550/550/550 551/551/551
f 549/549/549 551/551/551 552/552/552
f 553/553/553 554/554/554 555/555/555
f 553/553/553 555/555/555 556/556/556
f 557/557/557 558/558/558 559/559/559
f 557/557/557 559/559/559 560/560/560
f 561/561/561 562/562/562 563/563/563
f 561/561/561 563/563/563 564/564/564
f 565/565/565 566/566/566 567/567/567
f 567/567/567 568/568/568 565/565/565
f 568/568/568 569/569/569 565/565/565
f 568/568/568 570/570/570 569/569/569
