g Model_0
v 1.230963 -0.125000 -1.211159
v 1.180968 -0.125001 -2.457660
v 1.180969 0.124999 -2.523199
v 1.230963 0.125000 -1.211159
v 1.230962 -0.125000 -0.961159
v 1.230963 1.000000 -1.211159
v 1.180969 0.874953 -2.487351
v 1.230962 0.125000 -0.961159
v 1.230957 -0.125000 0.321927
v 1.230962 1.125000 -0.872898
v 1.230959 1.875000 -0.211159
v 1.230960 1.875000 -0.511159
v 1.230957 1.125000 0.321927
v 1.230957 0.125000 0.321927
v 1.230956 -0.125000 0.571927
v 1.230958 2.159031 0.033043
v 1.230959 2.125000 -0.216957
v 1.230957 1.935082 0.321926
v 1.230957 2.185082 0.321926
v 1.230955 2.185082 0.571926
v 1.230955 1.935082 0.571926
v 1.230954 2.181914 1.033011
v 1.230956 1.125000 0.571927
v 1.230953 1.893495 1.229798
v 1.230952 2.135965 1.411252
v 1.230956 0.125000 0.571927
v 1.230952 -0.124999 1.506617
v 1.230952 1.125001 1.442840
v 1.230951 1.875001 1.543123
v 1.230951 2.109122 1.661252
v 1.230952 0.125001 1.506617
v 1.230951 -0.124999 1.756617
v 1.230951 1.125001 1.756617
v 1.230951 1.825001 1.793123
v 1.230950 2.075001 1.911252
v 1.230951 0.125001 1.756617
v 1.230949 -0.125000 2.091771
v 1.230949 0.125000 2.110712
v 1.230949 -0.125000 2.326925
v 1.230949 0.125000 2.364807
v 1.230950 1.125001 2.006617
v 1.230949 1.125001 2.256617
v 1.230950 1.825001 2.043124
v 1.230949 1.831200 2.108875
v 1.230949 2.017902 2.115065
v 0.930968 -0.125001 -2.457661
v 1.180968 -0.125001 -2.457660
v 1.230963 -0.125000 -1.211159
v 0.980963 -0.125000 -1.211160
v -0.930947 -0.125001 -2.457668
v 1.230962 -0.125000 -0.961159
v -0.980953 -0.125001 -1.211168
v -1.180947 -0.125001 -2.457669
v -1.230953 -0.125001 -1.211169
v 0.980962 -0.125000 -0.961160
v 1.230957 -0.125000 0.321927
v -0.980954 -0.125000 -0.961168
v -1.230954 -0.125000 -0.961169
v 0.980957 -0.125000 0.321926
v 1.230956 -0.125000 0.571927
v -0.980959 -0.125000 0.321918
v -1.230959 -0.125000 0.321917
v 0.980956 -0.125000 0.571926
v 1.230952 -0.124999 1.506617
v -0.980961 -0.125000 0.571918
v -1.230961 -0.125000 0.571917
v 0.980952 -0.124999 1.506616
v 1.230951 -0.124999 1.756617
v -0.980965 -0.125000 1.506608
v -1.230965 -0.125000 1.506607
v 0.980951 -0.124999 1.756616
v -0.980966 -0.125000 1.756608
v -1.230966 -0.125000 1.756607
v -1.230967 -0.125000 2.091761
v -0.980967 -0.125000 2.091762
v -1.230968 -0.125000 2.326915
v -0.980968 -0.125000 2.326916
v 0.980949 -0.125000 2.091770
v 1.230949 -0.125000 2.091771
v 0.980949 -0.125000 2.326924
v 1.230949 -0.125000 2.326925
v -1.180948 0.124999 -2.523208
v -1.180948 0.874953 -2.487360
v -0.930948 0.999953 -2.487359
v -0.930948 0.124999 -2.523207
v 0.930969 0.999953 -2.487352
v -0.930947 -0.125001 -2.457668
v -1.180947 -0.125001 -2.457669
v 0.930968 -0.125001 -2.457661
v 0.930969 0.124999 -2.523200
v 1.180969 0.874953 -2.487351
v 1.180968 -0.125001 -2.457660
v 1.180969 0.124999 -2.523199
v 0.930969 0.999953 -2.487352
v 1.230963 1.000000 -1.211159
v 1.180969 0.874953 -2.487351
v 0.980963 1.125000 -1.211160
v -0.930948 0.999953 -2.487359
v -0.980953 1.125000 -1.211167
v -1.180948 0.874953 -2.487360
v -1.230953 1.000000 -1.211168
v -0.980966 1.125001 2.006609
v -0.980965 0.125000 1.906610
v -0.980965 0.125000 1.756610
v -0.980965 1.125000 1.756609
v -0.980964 0.125000 1.442833
v -0.980964 1.125000 1.442833
v -0.980960 0.125000 0.571919
v -0.980960 1.125000 0.571919
v -0.980959 0.125000 0.321919
v -0.980959 1.125000 0.321919
v -0.980954 0.125000 -0.861167
v -0.980955 1.125000 -0.872907
v -0.980953 0.125000 -1.111167
v -0.980953 1.125000 -1.211167
v 0.980956 1.125000 0.571926
v 0.980952 1.125001 1.442839
v 1.230952 1.125001 1.442840
v 1.230956 1.125000 0.571927
v -1.230960 1.125000 0.571918
v -1.230964 1.125000 1.442831
v -0.980964 1.125000 1.442833
v -0.980960 1.125000 0.571919
v 0.980962 1.125000 -0.872900
v 0.980957 1.125000 0.321926
v 1.230957 1.125000 0.321927
v 1.230962 1.125000 -0.872898
v -1.230955 1.125000 -0.872908
v -1.230959 1.125000 0.321918
v -0.980959 1.125000 0.321919
v -0.980955 1.125000 -0.872907
v -0.980959 1.125000 0.321919
v -0.980959 1.935081 0.321919
v -0.980960 1.935081 0.571919
v -0.980960 1.125000 0.571919
v 0.980962 0.125000 -0.861160
v 0.980963 1.125000 -1.211160
v 0.980963 0.125000 -1.111160
v 0.980962 1.125000 -0.872900
v 0.980957 0.125000 0.321926
v 0.980957 1.125000 0.321926
v 0.980956 0.125000 0.571926
v 0.980956 1.125000 0.571926
v 0.980952 0.125001 1.442839
v 0.980952 1.125001 1.442839
v 0.980951 0.125001 1.756616
v 0.980951 1.125001 1.756616
v 0.980950 0.125001 1.906616
v 0.980950 1.125001 2.006615
v -0.980966 1.125001 2.006609
v -0.980967 1.125001 2.256609
v 0.980949 1.125001 2.256616
v 0.980950 1.125001 2.006615
v 0.980963 0.125000 -1.111160
v 0.980963 1.125000 -1.211160
v -0.980953 1.125000 -1.211167
v -0.980953 0.125000 -1.111167
v -0.980953 0.125000 -1.111167
v 0.980962 0.125000 -0.861160
v 0.980963 0.125000 -1.111160
v -0.980954 0.125000 -0.861167
v 0.980957 0.125000 0.321926
v -0.980959 0.125000 0.321919
v 0.980956 0.125000 0.571926
v -0.980960 0.125000 0.571919
v 0.980952 0.125001 1.442839
v -0.980964 0.125000 1.442833
v 0.980951 0.125001 1.756616
v -0.980965 0.125000 1.756610
v 0.980950 0.125001 1.906616
v -0.980965 0.125000 1.906610
v -0.980960 1.125000 0.571919
v -0.980960 1.935081 0.571919
v -1.230961 1.935081 0.571918
v -1.230960 1.125000 0.571918
v -0.980955 1.125000 -0.872907
v -0.980958 1.875000 -0.211167
v -1.230958 1.875000 -0.211168
v -1.230955 1.125000 -0.872908
v -1.230956 1.875000 -0.511168
v -1.230958 2.125000 -0.216966
v -0.980958 2.125000 -0.216965
v -0.980956 1.875000 -0.511167
v -1.230953 1.000000 -1.211168
v -0.980953 1.125000 -1.211167
v 0.980959 2.125000 -0.216958
v 0.980960 1.875000 -0.511160
v 1.230959 2.125000 -0.216957
v 1.230960 1.875000 -0.511159
v 0.980963 1.125000 -1.211160
v 1.230963 1.000000 -1.211159
v -0.980953 1.125000 -1.211167
v -0.980956 1.875000 -0.511167
v -0.980958 1.875000 -0.211167
v -0.980955 1.125000 -0.872907
v -1.230959 1.125000 0.321918
v -1.230959 1.935081 0.321918
v -0.980959 1.935081 0.321919
v -0.980959 1.125000 0.321919
v 1.230962 1.125000 -0.872898
v 1.230959 1.875000 -0.211159
v 0.980959 1.875000 -0.211160
v 0.980962 1.125000 -0.872900
v 1.230956 1.125000 0.571927
v 1.230955 1.935082 0.571926
v 0.980955 1.935082 0.571925
v 0.980956 1.125000 0.571926
v -1.230964 1.125000 1.442831
v -1.230963 1.893494 1.229790
v -0.980963 1.873251 1.229791
v -0.980964 1.125000 1.442833
v 0.980956 1.125000 0.571926
v 0.980955 1.935082 0.571925
v 0.980957 1.935082 0.321925
v 0.980957 1.125000 0.321926
v 0.980951 1.125001 1.756616
v 0.980953 1.893495 1.229797
v 0.980952 1.125001 1.442839
v 0.980951 1.846476 1.543122
v 0.980950 1.125001 2.006615
v 0.980951 1.825001 1.793122
v 0.980949 1.125001 2.256616
v 0.980950 1.825001 2.043122
v 0.980952 1.125001 1.442839
v 0.980953 1.893495 1.229797
v 1.230953 1.893495 1.229798
v 1.230952 1.125001 1.442840
v 0.980962 1.125000 -0.872900
v 0.980959 1.875000 -0.211160
v 0.980960 1.875000 -0.511160
v 0.980963 1.125000 -1.211160
v 0.980957 1.125000 0.321926
v 0.980957 1.935082 0.321925
v 1.230957 1.935082 0.321926
v 1.230957 1.125000 0.321927
v -0.980964 1.125000 1.442833
v -0.980963 1.873251 1.229791
v -0.980964 1.846476 1.543116
v -0.980965 1.125000 1.756609
v -0.980965 1.825001 1.793116
v -0.980966 1.125001 2.006609
v -0.980966 1.825001 2.043116
v -0.980967 1.125001 2.256609
v 0.980959 2.125000 -0.216958
v 1.230958 2.159031 0.033043
v 1.230959 2.125000 -0.216957
v 0.980958 2.159031 0.033042
v -0.980959 2.159031 0.033035
v -0.980958 2.125000 -0.216965
v -1.230958 2.125000 -0.216966
v -1.230959 2.159031 0.033034
v -1.230959 2.185082 0.283034
v 0.980957 2.185082 0.321925
v 1.230957 2.185082 0.321926
v 1.230955 2.185082 0.571926
v -0.980959 2.185082 0.283035
v -0.980960 2.185082 0.533035
v -1.230960 2.185082 0.533034
v -1.230962 2.156914 1.033002
v 0.980955 2.185082 0.571925
v -0.980962 2.156914 1.033003
v 0.980954 2.181914 1.033010
v 1.230954 2.181914 1.033011
v 1.230952 2.135965 1.411252
v -0.980964 2.135965 1.411244
v -1.230964 2.135965 1.411243
v 0.980952 2.135965 1.411251
v 0.980951 2.109122 1.661251
v 1.230951 2.109122 1.661252
v 1.230950 2.075001 1.911252
v -0.980965 2.109122 1.661244
v -1.230965 2.109122 1.661243
v 0.980950 2.075001 1.911251
v 1.230949 2.017902 2.115065
v 0.980949 2.017902 2.115064
v -0.980966 2.075001 1.911244
v -1.230966 2.075001 1.911243
v -0.980966 2.017900 2.115057
v -1.230966 2.017900 2.115056
v -1.230963 1.893494 1.229790
v -1.230961 1.935081 0.571918
v -0.980960 1.935081 0.571919
v -0.980963 1.873251 1.229791
v 0.980953 1.893495 1.229797
v 0.980951 1.846476 1.543122
v -0.980964 1.846476 1.543116
v -0.980965 1.825001 1.793116
v 0.980951 1.825001 1.793122
v -0.980966 1.825001 2.043116
v 0.980950 1.825001 2.043122
v 0.980955 1.935082 0.571925
v 1.230955 1.935082 0.571926
v 1.230953 1.893495 1.229798
v 0.980957 1.935082 0.321925
v -0.980959 1.935081 0.321919
v -0.980958 1.875000 -0.211167
v -1.230959 1.935081 0.321918
v -1.230958 1.875000 -0.211168
v 0.980959 1.875000 -0.211160
v 1.230959 1.875000 -0.211159
v 1.230957 1.935082 0.321926
v -0.980966 1.831199 2.108867
v -1.230966 1.831199 2.108866
v -1.230966 1.825001 2.043115
v 0.980949 1.831200 2.108874
v 1.230950 1.825001 2.043124
v 1.230949 1.831200 2.108875
v 0.980949 -0.125000 2.326924
v 1.230949 -0.125000 2.326925
v 1.230949 0.125000 2.364807
v 0.980948 0.125000 2.364806
v -0.980968 -0.125000 2.326916
v 0.980949 1.125001 2.256616
v 1.230949 1.125001 2.256617
v 0.980950 1.825001 2.043122
v 1.230950 1.825001 2.043124
v -0.980967 1.125001 2.256609
v -0.980967 0.125000 2.364800
v -1.230968 -0.125000 2.326915
v -1.230967 0.125000 2.364799
v -1.230967 1.125001 2.256608
v -1.230966 1.825001 2.043115
v -0.980966 1.825001 2.043116
v -1.230967 -0.125000 2.091761
v -1.230968 -0.125000 2.326915
v -1.230967 0.125000 2.364799
v -1.230966 0.125000 2.110703
v -1.230966 -0.125000 1.756607
v -1.230967 1.125001 2.256608
v -1.230965 0.125000 1.756609
v -1.230965 -0.125000 1.506607
v -1.230966 1.125000 2.006608
v -1.230964 0.125000 1.506609
v -1.230961 -0.125000 0.571917
v -1.230965 1.825001 1.793115
v -1.230966 1.825001 2.043115
v -1.230960 0.125000 0.571918
v -1.230959 -0.125000 0.321917
v -1.230959 0.125000 0.321918
v -1.230954 -0.125000 -0.961169
v -1.230954 0.125000 -0.961168
v -1.230953 -0.125001 -1.211169
v -1.230953 0.124999 -1.211168
v -1.180947 -0.125001 -2.457669
v -1.180948 0.124999 -2.523208
v -1.180948 0.874953 -2.487360
v -1.230953 1.000000 -1.211168
v -1.230955 1.125000 -0.872908
v -1.230956 1.875000 -0.511168
v -1.230959 1.125000 0.321918
v -1.230958 1.875000 -0.211168
v -1.230958 2.125000 -0.216966
v -1.230959 2.159031 0.033034
v -1.230959 2.185082 0.283034
v -1.230959 1.935081 0.321918
v -1.230960 1.125000 0.571918
v -1.230961 1.935081 0.571918
v -1.230960 2.185082 0.533034
v -1.230964 1.125000 1.442831
v -1.230962 2.156914 1.033002
v -1.230963 1.893494 1.229790
v -1.230965 1.125000 1.756608
v -1.230964 1.825000 1.543115
v -1.230964 2.135965 1.411243
v -1.230965 2.109122 1.661243
v -1.230966 2.075001 1.911243
v -1.230966 2.017900 2.115056
v -1.230966 1.831199 2.108866
v 0.980960 1.875000 -0.511160
v 0.980959 1.875000 -0.211160
v -0.980958 1.875000 -0.211167
v -0.980956 1.875000 -0.511167
v 0.980950 1.125001 2.006615
v 0.980950 0.125001 1.906616
v -0.980965 0.125000 1.906610
v -0.980966 1.125001 2.006609
v -0.980966 1.831199 2.108867
v -1.230966 2.017900 2.115056
v -1.230966 1.831199 2.108866
v -0.980966 2.017900 2.115057
v 0.980949 1.831200 2.108874
v 0.980949 2.017902 2.115064
v 1.230949 1.831200 2.108875
v 1.230949 2.017902 2.115065
v 0.930947 -0.076025 2.559203
v 0.930947 -0.273431 2.559203
v 0.930956 -0.106347 0.559203
v 0.930956 0.091060 0.559203
v 0.733550 0.091060 0.559202
v 0.733550 -0.106347 0.559202
v 0.733541 -0.273431 2.559202
v 0.733541 -0.076025 2.559202
v 0.733541 -0.076025 2.559202
v 0.733541 -0.273431 2.559202
v 0.930947 -0.273431 2.559203
v 0.930947 -0.076025 2.559203
v 0.930947 -0.273431 2.559203
v 0.733541 -0.273431 2.559202
v 0.733550 -0.106347 0.559202
v 0.930956 -0.106347 0.559203
v 0.733541 -0.076025 2.559202
v 0.930947 -0.076025 2.559203
v 0.930956 0.091060 0.559203
v 0.733550 0.091060 0.559202
v 1.260811 0.100803 -2.254358
v 1.260812 -0.158647 -2.254358
v 1.260813 -0.158647 -2.602415
v 1.260813 0.100803 -2.602415
v -0.531249 0.100803 -2.669350
v -1.261049 -0.158647 -2.602426
v -1.261049 0.100802 -2.602426
v -0.531249 -0.158647 -2.669350
v 0.516267 0.100803 -2.669346
v 0.516267 -0.158647 -2.669346
v 1.260813 0.100803 -2.602415
v 1.260813 -0.158647 -2.602415
v -1.261049 0.100802 -2.602426
v -1.261049 -0.158647 -2.602426
v -1.261051 -0.158647 -2.254369
v -1.261051 0.100803 -2.254369
v 0.516266 0.100803 -2.321288
v 1.260812 -0.158647 -2.254358
v 1.260811 0.100803 -2.254358
v 0.516266 -0.158647 -2.321288
v -0.531250 0.100803 -2.321293
v -0.531250 -0.158647 -2.321293
v -1.261051 0.100803 -2.254369
v -1.261051 -0.158647 -2.254369
v -0.531250 -0.158647 -2.321293
v -1.261051 -0.158647 -2.254369
v -1.261049 -0.158647 -2.602426
v -0.531249 -0.158647 -2.669350
v 0.516266 -0.158647 -2.321288
v 0.516267 -0.158647 -2.669346
v 1.260812 -0.158647 -2.254358
v 1.260813 -0.158647 -2.602415
v 0.516266 0.100803 -2.321288
v 1.260811 0.100803 -2.254358
v 1.260813 0.100803 -2.602415
v 0.516267 0.100803 -2.669346
v -0.531250 0.100803 -2.321293
v -0.531249 0.100803 -2.669350
v -1.261051 0.100803 -2.254369
v -1.261049 0.100802 -2.602426
v -1.260814 0.100804 2.068073
v -1.260814 -0.158646 2.068073
v -1.260816 -0.158646 2.416131
v -1.260816 0.100804 2.416131
v 0.531246 0.100804 2.483068
v 1.261046 -0.158646 2.416146
v 1.261046 0.100804 2.416146
v 0.531246 -0.158646 2.483069
v -0.516270 0.100804 2.483063
v -0.516270 -0.158646 2.483063
v -1.260816 0.100804 2.416131
v -1.260816 -0.158646 2.416131
v 1.261046 0.100804 2.416146
v 1.261046 -0.158646 2.416146
v 1.261048 -0.158646 2.068088
v 1.261048 0.100804 2.068088
v -0.516268 0.100804 2.135005
v -1.260814 -0.158646 2.068073
v -1.260814 0.100804 2.068073
v -0.516268 -0.158646 2.135005
v 0.531248 0.100804 2.135011
v 0.531248 -0.158646 2.135011
v 1.261048 0.100804 2.068088
v 1.261048 -0.158646 2.068088
v 0.531248 -0.158646 2.135011
v 1.261048 -0.158646 2.068088
v 1.261046 -0.158646 2.416146
v 0.531246 -0.158646 2.483069
v -0.516268 -0.158646 2.135005
v -0.516270 -0.158646 2.483063
v -1.260814 -0.158646 2.068073
v -1.260816 -0.158646 2.416131
v -0.516268 0.100804 2.135005
v -1.260814 0.100804 2.068073
v -1.260816 0.100804 2.416131
v -0.516270 0.100804 2.483063
v 0.531248 0.100804 2.135011
v 0.531246 0.100804 2.483068
v 1.261048 0.100804 2.068088
v 1.261046 0.100804 2.416146
v 0.491600 0.825177 -2.565935
v 0.491600 0.509112 -2.565935
v -0.506583 0.509112 -2.565939
v -0.506583 0.825177 -2.565940
v 0.491599 0.509112 -2.440545
v -0.506583 0.509112 -2.440549
v -0.506583 0.509112 -2.565939
v 0.491600 0.509112 -2.565935
v -0.506583 0.825177 -2.440549
v 0.491599 0.825177 -2.440545
v 0.491600 0.825177 -2.565935
v -0.506583 0.825177 -2.565940
v 0.491600 0.509112 -2.565935
v 0.491600 0.825177 -2.565935
v 0.491599 0.825177 -2.440545
v 0.491599 0.509112 -2.440545
v -0.506583 0.509112 -2.565939
v -0.506583 0.509112 -2.440549
v -0.506583 0.825177 -2.440549
v -0.506583 0.825177 -2.565940
vt 0.307500869 0.42872867
vt 0.41092518 0.428729355
vt 0.416354656 0.408002108
vt 0.307500899 0.408002347
vt 0.286774606 0.42872858
vt 0.307500899 0.335460305
vt 0.413384736 0.345827132
vt 0.286774606 0.408002257
vt 0.180400267 0.428728431
vt 0.279457361 0.325097144
vt 0.224595875 0.262918353
vt 0.249467373 0.262918383
vt 0.180400327 0.325097114
vt 0.180400267 0.408002168
vt 0.159673974 0.428728431
vt 0.204350263 0.239370719
vt 0.225076541 0.24219209
vt 0.180400386 0.257937253
vt 0.180400401 0.237210974
vt 0.159674108 0.237210944
vt 0.159674108 0.257937223
vt 0.121447898 0.237473562
vt 0.159674048 0.325097084
vt 0.105133206 0.261384994
vt 0.0900898278 0.24128294
vt 0.159673989 0.408002168
vt 0.0821833834 0.428728372
vt 0.0874709263 0.325097024
vt 0.0791569948 0.262918234
vt 0.0693635419 0.243508369
vt 0.0821834356 0.408002108
vt 0.0614571087 0.428728342
vt 0.0614572577 0.325096995
vt 0.0584307164 0.267063469
vt 0.0486372449 0.24633716
vt 0.0614571795 0.408002108
vt 0.0336711481 0.428728342
vt 0.0321008973 0.408002108
vt 0.0141757019 0.428728431
vt 0.0110351173 0.408002108
vt 0.0407309793 0.325096995
vt 0.0200046822 0.325096965
vt 0.0377044082 0.267063469
vt 0.0322532319 0.266549498
vt 0.0317400843 0.251070976
vt 0.407701403 0.0359066613
vt 0.407701343 0.0151804285
vt 0.304360271 0.0110352365
vt 0.304360271 0.0317614861
vt 0.407701552 0.190268859
vt 0.283634067 0.0110352561
vt 0.304360449 0.194414303
vt 0.407701582 0.210995167
vt 0.304360479 0.215140596
vt 0.283634067 0.0317614935
vt 0.177259788 0.0110352561
vt 0.283634186 0.194414333
vt 0.283634186 0.215140611
vt 0.177259788 0.0317615084
vt 0.156533554 0.0110352561
vt 0.177259773 0.194414422
vt 0.177259773 0.215140715
vt 0.156533569 0.031761501
vt 0.0790430307 0.0110351965
vt 0.156533465 0.194414422
vt 0.156533465 0.215140715
vt 0.0790430084 0.0317614339
vt 0.0583167933 0.0110351769
vt 0.0790428668 0.194414377
vt 0.0790428594 0.215140671
vt 0.0583167933 0.031761419
vt 0.0583165847 0.194414362
vt 0.0583165623 0.215140656
vt 0.030530585 0.215140611
vt 0.030530585 0.194414318
vt 0.0110351173 0.215140566
vt 0.0110351173 0.194414258
vt 0.0305308234 0.0317614004
vt 0.0305308625 0.0110351369
vt 0.0110354349 0.0317613594
vt 0.0110354349 0.0110351173
vt 0.433081269 0.841962218
vt 0.433084339 0.779716969
vt 0.412353903 0.769363046
vt 0.412355095 0.841961503
vt 0.257992476 0.769363046
vt 0.412354767 0.863388062
vt 0.433080703 0.863388479
vt 0.257992029 0.863389254
vt 0.257991463 0.841962397
vt 0.237261847 0.779717147
vt 0.237265676 0.86338985
vt 0.237265021 0.841963172
vt 0.683238864 0.117344707
vt 0.655947328 0.0121401884
vt 0.660092533 0.118449628
vt 0.67909354 0.0110352561
vt 0.837601125 0.117344625
vt 0.84174639 0.0110351173
vt 0.860747457 0.118449546
vt 0.864892662 0.0121400589
vt 0.531519532 0.679135442
vt 0.539810061 0.762040555
vt 0.552245796 0.762040555
vt 0.552245796 0.679135442
vt 0.578259528 0.762040555
vt 0.578259528 0.679135442
vt 0.650462687 0.762040555
vt 0.650462687 0.679135442
vt 0.671188951 0.762040555
vt 0.671188891 0.679135442
vt 0.769272745 0.762040555
vt 0.770246089 0.679135442
vt 0.789999068 0.762040555
vt 0.798289597 0.679135442
vt 0.7935431 0.826907277
vt 0.721340001 0.826907277
vt 0.721340001 0.8476336
vt 0.7935431 0.8476336
vt 0.7935431 0.784110725
vt 0.721340001 0.784110725
vt 0.721340001 0.804837048
vt 0.7935431 0.804837048
vt 0.962270617 0.336184442
vt 0.863213599 0.336184442
vt 0.863213599 0.356910765
vt 0.962270617 0.356910706
vt 0.962270677 0.378980964
vt 0.863213599 0.378980964
vt 0.863213599 0.399707228
vt 0.962270677 0.399707228
vt 0.886962891 0.0110351173
vt 0.886962891 0.0781949684
vt 0.907689214 0.0781949684
vt 0.907689214 0.0110351173
vt 0.475014925 0.664387703
vt 0.504031777 0.747292757
vt 0.495741248 0.664387703
vt 0.475988239 0.747292757
vt 0.376931131 0.664387703
vt 0.37693119 0.747292757
vt 0.356204867 0.664387703
vt 0.356204897 0.747292757
vt 0.284001768 0.664387763
vt 0.284001797 0.747292876
vt 0.257988095 0.664387822
vt 0.257988125 0.747292876
vt 0.245552331 0.664387822
vt 0.237261847 0.747292876
vt 0.201207697 0.988964617
vt 0.201207697 0.968238473
vt 0.0385547467 0.968238533
vt 0.0385547392 0.988964856
vt 0.678490341 0.496807665
vt 0.6784904 0.580126226
vt 0.84114325 0.580126047
vt 0.841143131 0.496807486
vt 0.678490639 0.22454831
vt 0.84114337 0.245274648
vt 0.84114337 0.224548355
vt 0.678490579 0.245274544
vt 0.84114331 0.343358427
vt 0.67849052 0.343358368
vt 0.84114325 0.364084721
vt 0.67849052 0.364084601
vt 0.841143131 0.43628782
vt 0.6784904 0.436287731
vt 0.841143072 0.462301522
vt 0.678490341 0.462301403
vt 0.841143072 0.474737287
vt 0.678490341 0.474737287
vt 0.488420844 0.574345231
vt 0.488420844 0.641505122
vt 0.509147108 0.641505122
vt 0.509147108 0.574345231
vt 0.445624322 0.555791438
vt 0.445624322 0.638713062
vt 0.466350585 0.638713062
vt 0.466350645 0.555791438
vt 0.563527405 0.45187968
vt 0.531519711 0.45187968
vt 0.531519711 0.472605914
vt 0.563527405 0.472605944
vt 0.656420112 0.450799584
vt 0.648580849 0.472606003
vt 0.531519592 0.635258615
vt 0.563527286 0.635258675
vt 0.531519532 0.655984938
vt 0.563527286 0.655984938
vt 0.648580849 0.635258794
vt 0.656420112 0.657065213
vt 0.965237379 0.293612838
vt 0.880183876 0.293612838
vt 0.863213599 0.311795294
vt 0.946102738 0.314114213
vt 0.88709271 0.107764408
vt 0.88709271 0.174924254
vt 0.907819033 0.174924254
vt 0.907819033 0.107764408
vt 0.445624322 0.450799584
vt 0.445624352 0.533721209
vt 0.466350585 0.533721209
vt 0.466350645 0.450799584
vt 0.863213599 0.511007547
vt 0.863213599 0.578167439
vt 0.883939922 0.578167439
vt 0.883939922 0.511007547
vt 0.906015098 0.421777487
vt 0.906010091 0.487892389
vt 0.926741362 0.486276716
vt 0.926741362 0.421777487
vt 0.863213599 0.421777487
vt 0.863213599 0.488937378
vt 0.883939922 0.488937378
vt 0.883939922 0.421777487
vt 0.05248769 0.88128078
vt 0.096163623 0.944992781
vt 0.0785014033 0.88128078
vt 0.0701873973 0.941094697
vt 0.0317614153 0.88128078
vt 0.0494611301 0.939314306
vt 0.0110351173 0.88128078
vt 0.0287348442 0.939314306
vt 0.906010091 0.509962618
vt 0.906010091 0.576077521
vt 0.926736414 0.57607758
vt 0.926736414 0.509962618
vt 0.488420874 0.469353408
vt 0.488420844 0.552275002
vt 0.50707078 0.535819829
vt 0.509449303 0.450799584
vt 0.455154568 0.769363046
vt 0.455154568 0.836522937
vt 0.475880831 0.836522937
vt 0.475880831 0.769363046
vt 0.136708483 0.946168184
vt 0.201207682 0.946168244
vt 0.191959471 0.921792805
vt 0.129585028 0.921148837
vt 0.184571534 0.902346313
vt 0.123909436 0.901214778
vt 0.178895965 0.882412255
vt 0.11823386 0.88128078
vt 0.0317627639 0.859210372
vt 0.0110359406 0.838292718
vt 0.0110361287 0.859210551
vt 0.0317626707 0.83829248
vt 0.194418147 0.838292897
vt 0.194418147 0.859210372
vt 0.215144381 0.859210253
vt 0.215144217 0.838292897
vt 0.215144023 0.817454696
vt 0.0317623019 0.814244807
vt 0.0110355737 0.814245164
vt 0.0110351173 0.793518543
vt 0.194418296 0.817454517
vt 0.194418222 0.796728194
vt 0.215143859 0.796729147
vt 0.215148345 0.755214751
vt 0.0317616537 0.793518126
vt 0.19442074 0.755209327
vt 0.0317591988 0.755296111
vt 0.0110351872 0.755290329
vt 0.0110518197 0.723700404
vt 0.194435 0.723801196
vt 0.215160325 0.723810673
vt 0.0317785591 0.72371155
vt 0.0317896493 0.702865839
vt 0.0110630505 0.702854574
vt 0.0110745793 0.681935728
vt 0.194445357 0.702956319
vt 0.215170771 0.702966809
vt 0.031801194 0.681947172
vt 0.0110843228 0.664387703
vt 0.0318109691 0.664399207
vt 0.194456324 0.68203795
vt 0.215182006 0.682049155
vt 0.19446592 0.664490402
vt 0.215191618 0.664501786
vt 0.511662781 0.428729355
vt 0.566312551 0.428672403
vt 0.566290915 0.407946169
vt 0.511509597 0.407935858
vt 0.511697352 0.245274559
vt 0.4854303 0.245284498
vt 0.485438734 0.407937229
vt 0.464636087 0.407938331
vt 0.464627743 0.2452856
vt 0.443909824 0.407939374
vt 0.44390142 0.245286673
vt 0.566347122 0.245293424
vt 0.566354275 0.22456716
vt 0.511704504 0.22454831
vt 0.587073386 0.245300561
vt 0.587017179 0.407953292
vt 0.631492496 0.40796864
vt 0.587010026 0.428679556
vt 0.631485403 0.428694904
vt 0.631548643 0.245315894
vt 0.631555796 0.224589646
vt 0.587080479 0.224574283
vt 0.438434541 0.407939702
vt 0.438435614 0.428665996
vt 0.443910897 0.428665698
vt 0.438425988 0.245286956
vt 0.443900317 0.224560097
vt 0.438424915 0.224560395
vt 0.450498194 0.0110351173
vt 0.429771841 0.0110351322
vt 0.42977187 0.0319980569
vt 0.450498164 0.0319980569
vt 0.613150835 0.0110351369
vt 0.450498194 0.115387022
vt 0.42977187 0.11538703
vt 0.450498223 0.176059857
vt 0.42977187 0.176059872
vt 0.613150835 0.115386911
vt 0.613150775 0.0319980197
vt 0.633877099 0.0110351322
vt 0.633877039 0.0319980197
vt 0.633877039 0.115386903
vt 0.633877039 0.176059574
vt 0.613150835 0.176059589
vt 0.0336713269 0.450799763
vt 0.0141758993 0.450799704
vt 0.0110351173 0.471525967
vt 0.0321008787 0.471526057
vt 0.0614572875 0.450799823
vt 0.0200045053 0.55443114
vt 0.0614571571 0.471526086
vt 0.0821835697 0.450799853
vt 0.0407307819 0.55443114
vt 0.0821834281 0.471526116
vt 0.159674108 0.450799972
vt 0.0584303886 0.612464726
vt 0.0377041325 0.612464726
vt 0.159673974 0.471526235
vt 0.180400386 0.450800002
vt 0.180400237 0.471526295
vt 0.286774725 0.450800091
vt 0.286774635 0.471526355
vt 0.307501018 0.450800091
vt 0.307500958 0.471526414
vt 0.410925329 0.450799584
vt 0.416354775 0.471526891
vt 0.413384736 0.533701897
vt 0.30750078 0.544068456
vt 0.279457211 0.554431498
vt 0.249467075 0.616610289
vt 0.180400148 0.554431379
vt 0.224595577 0.616610289
vt 0.225076199 0.637336493
vt 0.204349935 0.640157759
vt 0.183623672 0.642317474
vt 0.180400044 0.62159121
vt 0.159673855 0.554431319
vt 0.15967375 0.621591151
vt 0.162897393 0.642317474
vt 0.0874707177 0.5544312
vt 0.121447518 0.639982104
vt 0.105132863 0.61814326
vt 0.0614570491 0.5544312
vt 0.0791566446 0.612464726
vt 0.090089418 0.638245285
vt 0.0693631545 0.636019826
vt 0.0486368909 0.63319093
vt 0.0317397676 0.628457069
vt 0.0322530121 0.612978578
vt 0.656420112 0.245324448
vt 0.631548643 0.245315894
vt 0.631492496 0.40796864
vt 0.656364083 0.407977194
vt 0.820359707 0.841788173
vt 0.903678298 0.841788173
vt 0.903678298 0.679135442
vt 0.820359707 0.679135442
vt 0.714898944 0.971586883
vt 0.735625744 0.987072945
vt 0.735625088 0.971586049
vt 0.7148996 0.987073779
vt 0.552245915 0.971593618
vt 0.552246511 0.987080634
vt 0.531519532 0.971594453
vt 0.531520188 0.987081528
vt 0.532882094 0.800476789
vt 0.531519592 0.816785932
vt 0.697907329 0.816785991
vt 0.699269772 0.800476789
vt 0.699269772 0.849461198
vt 0.697907329 0.833151937
vt 0.531519532 0.833151937
vt 0.532882094 0.849461198
vt 0.942114532 0.746427417
vt 0.942114532 0.730061352
vt 0.925748527 0.730061352
vt 0.925748527 0.746427417
vt 0.531519592 0.816785932
vt 0.531519532 0.833151937
vt 0.697907329 0.833151937
vt 0.697907329 0.816785991
vt 0.532882094 0.784110725
vt 0.532882094 0.800476789
vt 0.699269772 0.800476789
vt 0.699269772 0.784110725
vt 0.925748527 0.707991183
vt 0.947258234 0.707991183
vt 0.947258234 0.679135442
vt 0.925748527 0.679135442
vt 0.386081755 0.941934705
vt 0.446839839 0.963444412
vt 0.446839839 0.941934705
vt 0.386081755 0.963444412
vt 0.299237341 0.941934705
vt 0.299237341 0.963444412
vt 0.237261847 0.941934764
vt 0.237261847 0.963444412
vt 0.938491404 0.623706162
vt 0.938491404 0.602196455
vt 0.909635723 0.602196455
vt 0.909635723 0.623706162
vt 0.59349519 0.94951576
vt 0.531519532 0.928005993
vt 0.531519532 0.94951582
vt 0.59349519 0.928005993
vt 0.680339515 0.94951576
vt 0.680339515 0.928005993
vt 0.74109751 0.94951576
vt 0.74109751 0.928005993
vt 0.680090606 0.900387108
vt 0.740594685 0.905935824
vt 0.740594745 0.877080023
vt 0.680090606 0.871531427
vt 0.593246222 0.900387108
vt 0.593246222 0.871531427
vt 0.531519532 0.905935764
vt 0.531519532 0.877080023
vt 0.298988461 0.891008675
vt 0.237261847 0.885460079
vt 0.237261847 0.91431582
vt 0.298988461 0.919864476
vt 0.385832846 0.891008675
vt 0.385832846 0.919864476
vt 0.446336985 0.885460079
vt 0.446336985 0.91431582
vt 0.509449303 0.93662113
vt 0.509449244 0.915111423
vt 0.480593503 0.915111482
vt 0.480593532 0.936621189
vt 0.823423028 0.893041134
vt 0.762664974 0.871531487
vt 0.762664974 0.893041134
vt 0.823423028 0.871531427
vt 0.910267413 0.893041134
vt 0.910267293 0.871531427
vt 0.972242892 0.893041134
vt 0.972242892 0.871531427
vt 0.480593503 0.871531487
vt 0.480593532 0.893041193
vt 0.509449303 0.893041134
vt 0.509449244 0.871531427
vt 0.910770059 0.928005993
vt 0.972745597 0.94951576
vt 0.972745597 0.928005993
vt 0.910770059 0.94951576
vt 0.823925674 0.928005993
vt 0.823925674 0.94951576
vt 0.763167679 0.928006113
vt 0.763167679 0.94951576
vt 0.738994479 0.607745051
vt 0.678490341 0.602196455
vt 0.678490341 0.631052256
vt 0.738994479 0.636600852
vt 0.825838804 0.607745051
vt 0.825838804 0.636600852
vt 0.887565494 0.602196455
vt 0.887565494 0.631052196
vt 0.803295851 0.169375598
vt 0.86502248 0.17492424
vt 0.86502248 0.146068498
vt 0.803295851 0.140519857
vt 0.716451466 0.169375643
vt 0.716451466 0.140519857
vt 0.655947328 0.174924254
vt 0.655947328 0.146068484
vt 0.873609066 0.234943762
vt 0.873609066 0.261147141
vt 0.956363499 0.261147171
vt 0.956363499 0.234943777
vt 0.873609066 0.271542609
vt 0.956363499 0.271542609
vt 0.956363499 0.261147171
vt 0.873609066 0.261147141
vt 0.956363499 0.22454831
vt 0.873609066 0.22454831
vt 0.873609066 0.234943762
vt 0.956363499 0.234943777
vt 0.873609066 0.261147141
vt 0.873609066 0.234943762
vt 0.863213599 0.234943762
vt 0.863213599 0.261147141
vt 0.956363499 0.261147171
vt 0.966758966 0.261147171
vt 0.966758966 0.234943777
vt 0.956363499 0.234943777
vn 0.999806 -0.002560 -0.019527
vn 0.999224 -0.005120 -0.039050
vn 0.999243 -0.002134 -0.038847
vn 0.999811 -0.001067 -0.019425
vn 1.000000 0.000000 0.000004
vn 0.999917 0.000284 -0.012881
vn 0.999253 0.000853 -0.038644
vn 1.000000 0.000000 0.000004
vn 1.000000 0.000000 0.000004
vn 1.000000 0.000000 0.000004
vn 1.000000 0.000000 0.000004
vn 1.000000 0.000000 0.000004
vn 1.000000 0.000000 0.000004
vn 1.000000 0.000000 0.000004
vn 1.000000 0.000000 0.000004
vn 1.000000 0.000000 0.000004
vn 1.000000 0.000000 0.000004
vn 1.000000 0.000000 0.000004
vn 1.000000 0.000000 0.000004
vn 1.000000 0.000000 0.000004
vn 1.000000 0.000000 0.000004
vn 1.000000 0.000000 0.000004
vn 1.000000 0.000000 0.000004
vn 1.000000 0.000000 0.000004
vn 1.000000 0.000000 0.000004
vn 1.000000 0.000000 0.000004
vn 1.000000 0.000000 0.000004
vn 1.000000 0.000000 0.000004
vn 1.000000 0.000000 0.000004
vn 1.000000 0.000000 0.000004
vn 1.000000 0.000000 0.000004
vn 1.000000 0.000000 0.000004
vn 1.000000 0.000000 0.000004
vn 1.000000 0.000000 0.000004
vn 1.000000 0.000000 0.000004
vn 1.000000 0.000000 0.000004
vn 1.000000 0.000000 0.000004
vn 1.000000 0.000000 0.000004
vn 1.000000 0.000000 0.000004
vn 1.000000 0.000000 0.000004
vn 1.000000 0.000000 0.000004
vn 1.000000 0.000000 0.000004
vn 1.000000 0.000000 0.000004
vn 1.000000 0.000000 0.000004
vn 1.000000 0.000000 0.000004
vn 0.000000 -1.000000 0.000000
vn 0.000000 -1.000000 0.000000
vn 0.000000 -1.000000 0.000000
vn 0.000000 -1.000000 0.000000
vn 0.000000 -1.000000 0.000000
vn 0.000000 -1.000000 0.000000
vn 0.000000 -1.000000 0.000000
vn 0.000000 -1.000000 0.000000
vn 0.000000 -1.000000 0.000000
vn 0.000000 -1.000000 0.000000
vn 0.000000 -1.000000 0.000000
vn 0.000000 -1.000000 0.000000
vn 0.000000 -1.000000 0.000000
vn 0.000000 -1.000000 0.000000
vn 0.000000 -1.000000 0.000000
vn 0.000000 -1.000000 0.000000
vn 0.000000 -1.000000 0.000000
vn 0.000000 -1.000000 0.000000
vn 0.000000 -1.000000 0.000000
vn 0.000000 -1.000000 0.000000
vn 0.000000 -1.000000 0.000000
vn 0.000000 -1.000000 0.000000
vn 0.000000 -1.000000 0.000000
vn 0.000000 -1.000000 0.000000
vn 0.000000 -1.000000 0.000000
vn 0.000000 -1.000000 0.000000
vn 0.000000 -1.000000 0.000000
vn 0.000000 -1.000000 0.000000
vn 0.000000 -1.000000 0.000000
vn 0.000000 -1.000000 0.000000
vn 0.000000 -1.000000 0.000000
vn 0.000000 -1.000000 0.000000
vn 0.000000 -1.000000 0.000000
vn 0.000000 -1.000000 0.000000
vn 0.000000 -1.000000 0.000000
vn 0.000000 -1.000000 0.000000
vn -0.005568 -0.105950 -0.994356
vn -0.011015 0.044078 -0.998967
vn -0.005505 0.042508 -0.999081
vn -0.002782 -0.106731 -0.994284
vn 0.005514 0.042508 -0.999081
vn 0.000004 -0.253587 -0.967313
vn 0.000004 -0.253587 -0.967313
vn 0.000004 -0.253587 -0.967313
vn 0.002790 -0.106731 -0.994284
vn 0.011024 0.044078 -0.998967
vn 0.000004 -0.253587 -0.967312
vn 0.005577 -0.105950 -0.994356
vn 0.228430 0.968011 -0.103798
vn 0.326362 0.826238 -0.459150
vn 0.444761 0.889522 -0.104582
vn 0.218821 0.913463 -0.343078
vn -0.228429 0.968011 -0.103800
vn -0.218819 0.913463 -0.343079
vn -0.444761 0.889522 -0.104586
vn -0.326358 0.826238 -0.459153
vn 1.000000 0.000000 0.000004
vn 1.000000 0.000000 0.000004
vn 1.000000 0.000000 0.000004
vn 1.000000 0.000000 0.000004
vn 1.000000 0.000000 0.000004
vn 1.000000 0.000000 0.000004
vn 1.000000 0.000000 0.000004
vn 1.000000 0.000000 0.000004
vn 1.000000 0.000000 0.000004
vn 1.000000 0.000000 0.000004
vn 1.000000 0.000000 0.000004
vn 1.000000 0.000000 0.000004
vn 1.000000 0.000000 0.000004
vn 1.000000 0.000000 0.000004
vn -0.000000 1.000000 -0.000000
vn -0.000000 1.000000 -0.000000
vn -0.000000 1.000000 -0.000000
vn -0.000000 1.000000 -0.000000
vn -0.000000 1.000000 -0.000000
vn -0.000000 1.000000 -0.000000
vn -0.000000 1.000000 -0.000000
vn -0.000000 1.000000 -0.000000
vn -0.000000 1.000000 -0.000000
vn -0.000000 1.000000 -0.000000
vn -0.000000 1.000000 -0.000000
vn -0.000000 1.000000 -0.000000
vn -0.000000 1.000000 -0.000000
vn -0.000000 1.000000 -0.000000
vn -0.000000 1.000000 -0.000000
vn -0.000000 1.000000 -0.000000
vn 1.000000 0.000000 0.000004
vn 1.000000 0.000000 0.000004
vn 1.000000 0.000000 0.000004
vn 1.000000 0.000000 0.000004
vn -1.000000 -0.000000 -0.000004
vn -1.000000 -0.000000 -0.000004
vn -1.000000 -0.000000 -0.000004
vn -1.000000 -0.000000 -0.000004
vn -1.000000 -0.000000 -0.000004
vn -1.000000 -0.000000 -0.000004
vn -1.000000 -0.000000 -0.000004
vn -1.000000 -0.000000 -0.000004
vn -1.000000 -0.000000 -0.000004
vn -1.000000 -0.000000 -0.000004
vn -1.000000 -0.000000 -0.000004
vn -1.000000 -0.000000 -0.000004
vn -1.000000 -0.000000 -0.000004
vn -1.000000 -0.000000 -0.000004
vn -0.000000 1.000000 -0.000000
vn -0.000000 1.000000 -0.000000
vn -0.000000 1.000000 -0.000000
vn -0.000000 1.000000 -0.000000
vn -0.000004 0.099504 0.995037
vn -0.000004 0.099504 0.995037
vn -0.000004 0.099504 0.995037
vn -0.000004 0.099504 0.995037
vn -0.000000 1.000000 -0.000000
vn -0.000000 1.000000 -0.000000
vn -0.000000 1.000000 -0.000000
vn -0.000000 1.000000 -0.000000
vn -0.000000 1.000000 -0.000000
vn -0.000000 1.000000 -0.000000
vn -0.000000 1.000000 -0.000000
vn -0.000000 1.000000 -0.000000
vn -0.000000 1.000000 -0.000000
vn -0.000000 1.000000 -0.000000
vn -0.000000 1.000000 -0.000000
vn -0.000000 1.000000 -0.000000
vn -0.000000 1.000000 -0.000000
vn -0.000000 1.000000 -0.000000
vn -0.000004 0.000000 1.000000
vn -0.000004 0.000000 1.000000
vn -0.000004 0.000000 1.000000
vn -0.000004 0.000000 1.000000
vn -0.000003 -0.661607 0.749851
vn -0.000001 -0.938586 0.345046
vn -0.000002 -0.886979 0.461809
vn -0.000003 -0.661607 0.749851
vn -0.081027 0.707533 -0.702019
vn 0.000002 0.913162 -0.407598
vn 0.000002 0.913162 -0.407598
vn -0.053979 0.726788 -0.684738
vn -0.326358 0.826238 -0.459153
vn -0.218819 0.913463 -0.343079
vn 0.000002 0.913162 -0.407598
vn 0.053985 0.726788 -0.684737
vn 0.000002 0.913162 -0.407598
vn 0.081033 0.707533 -0.702019
vn 0.218821 0.913463 -0.343078
vn 0.326362 0.826238 -0.459150
vn 1.000000 0.000000 0.000004
vn 1.000000 0.000000 0.000004
vn 1.000000 0.000000 0.000004
vn 1.000000 0.000000 0.000004
vn 0.000004 -0.000000 -1.000000
vn 0.000004 -0.000000 -1.000000
vn 0.000004 -0.000000 -1.000000
vn 0.000004 -0.000000 -1.000000
vn -0.000003 -0.661607 0.749851
vn -0.000002 -0.886979 0.461809
vn -0.000001 -0.938586 0.345046
vn -0.000003 -0.661607 0.749851
vn -0.000004 0.000000 1.000000
vn -0.000004 0.000000 1.000000
vn -0.000004 0.000000 1.000000
vn -0.000004 0.000000 1.000000
vn -0.010945 -0.270435 -0.962676
vn -0.010945 -0.270435 -0.962676
vn -0.010945 -0.270435 -0.962676
vn -0.010945 -0.270435 -0.962676
vn -1.000000 -0.000000 -0.000004
vn -1.000000 -0.000000 -0.000004
vn -1.000000 -0.000000 -0.000004
vn -1.000000 -0.000000 -0.000004
vn -1.000000 -0.000000 -0.000004
vn -1.000000 -0.000000 -0.000004
vn -1.000000 -0.000000 -0.000004
vn -1.000000 -0.000000 -0.000004
vn -1.000000 -0.000000 -0.000004
vn -1.000000 -0.000000 -0.000004
vn -1.000000 -0.000000 -0.000004
vn -1.000000 -0.000000 -0.000004
vn 0.000004 -0.267145 -0.963656
vn 0.000004 -0.267145 -0.963656
vn 0.000004 -0.267145 -0.963656
vn 0.000004 -0.267145 -0.963656
vn -1.000000 -0.000000 -0.000004
vn -1.000000 -0.000000 -0.000004
vn -1.000000 -0.000000 -0.000004
vn -1.000000 -0.000000 -0.000004
vn 0.000004 -0.000000 -1.000000
vn 0.000004 -0.000000 -1.000000
vn 0.000004 -0.000000 -1.000000
vn 0.000004 -0.000000 -1.000000
vn 1.000000 0.000000 0.000004
vn 1.000000 0.000000 0.000004
vn 1.000000 0.000000 0.000004
vn 1.000000 0.000000 0.000004
vn 1.000000 0.000000 0.000004
vn 1.000000 0.000000 0.000004
vn 1.000000 0.000000 0.000004
vn 1.000000 0.000000 0.000004
vn 0.000002 0.913162 -0.407598
vn 0.000000 0.993666 -0.112375
vn 0.000002 0.913162 -0.407598
vn 0.000239 0.993483 -0.113977
vn 0.000239 0.993081 -0.117428
vn 0.000002 0.913162 -0.407598
vn 0.000002 0.913162 -0.407598
vn 0.000000 0.992861 -0.119276
vn 0.000000 0.998653 -0.051891
vn 0.000239 0.998915 -0.046563
vn 0.000000 0.998989 -0.044952
vn -0.000000 0.999994 0.003435
vn 0.000239 0.998748 -0.050033
vn -0.001673 0.999752 0.022216
vn -0.000000 0.999604 0.028136
vn -0.000000 0.998443 0.055775
vn -0.001673 0.999950 0.009865
vn -0.003260 0.998307 0.058068
vn -0.003263 0.998065 0.062097
vn -0.000000 0.997960 0.063836
vn -0.000001 0.993517 0.113680
vn -0.001587 0.996008 0.089247
vn -0.000000 0.996709 0.081057
vn -0.001587 0.994412 0.105558
vn -0.000001 0.992652 0.121008
vn -0.000001 0.992652 0.121008
vn -0.000001 0.979183 0.202979
vn -0.000001 0.992652 0.121008
vn -0.000001 0.992652 0.121008
vn -0.000001 0.979183 0.202979
vn -0.000001 0.962925 0.269768
vn -0.000001 0.962925 0.269769
vn -0.000001 0.979183 0.202980
vn -0.000001 0.979183 0.202981
vn -0.000001 0.962924 0.269772
vn -0.000001 0.962924 0.269773
vn -0.040328 -0.996114 -0.078295
vn -0.040328 -0.996114 -0.078295
vn -0.011739 -0.998564 -0.052264
vn -0.010024 -0.995779 -0.091237
vn 0.003424 -0.996276 -0.086155
vn 0.002563 -0.994855 -0.101281
vn 0.002563 -0.994855 -0.101281
vn 0.000000 -0.999082 -0.042832
vn 0.000000 -0.999082 -0.042832
vn -0.000000 -0.998037 0.062633
vn -0.000000 -0.998036 0.062637
vn 0.001716 -0.998885 -0.047176
vn 0.000000 -0.998008 -0.063089
vn 0.000000 -0.998008 -0.063089
vn -0.000000 -0.997201 0.074769
vn -0.000000 -0.997201 0.074769
vn -0.000001 -0.966184 0.257853
vn -0.000000 -0.993709 0.111996
vn -0.000002 -0.886979 0.461809
vn -0.000001 -0.966184 0.257853
vn -0.000002 -0.886979 0.461809
vn -0.000000 -0.993709 0.111996
vn -0.000000 -0.995586 0.093858
vn -0.000000 -0.995586 0.093855
vn -0.000000 -0.995586 0.093855
vn -0.000000 -0.995585 0.093864
vn -0.000000 -0.995585 0.093866
vn -0.000000 -0.995585 0.093866
vn -0.000004 -0.149819 0.988713
vn -0.000004 -0.149817 0.988714
vn -0.000004 -0.021305 0.999773
vn -0.000004 -0.021306 0.999773
vn -0.000004 -0.149823 0.988713
vn -0.000004 0.169617 0.985510
vn -0.000004 0.200531 0.979687
vn -0.000004 0.291724 0.956502
vn -0.000004 0.291724 0.956502
vn -0.000004 0.169617 0.985510
vn -0.000004 -0.021307 0.999773
vn -0.000004 -0.149824 0.988713
vn -0.000004 -0.021308 0.999773
vn -0.000004 0.200531 0.979687
vn -0.000004 0.291724 0.956502
vn -0.000004 0.291724 0.956502
vn -1.000000 -0.000000 -0.000004
vn -1.000000 -0.000000 -0.000004
vn -1.000000 -0.000000 -0.000004
vn -1.000000 -0.000000 -0.000004
vn -1.000000 -0.000000 -0.000004
vn -1.000000 -0.000000 -0.000004
vn -1.000000 -0.000000 -0.000004
vn -1.000000 -0.000000 -0.000004
vn -1.000000 -0.000000 -0.000004
vn -1.000000 -0.000000 -0.000004
vn -1.000000 -0.000000 -0.000004
vn -1.000000 -0.000000 -0.000004
vn -1.000000 -0.000000 -0.000004
vn -1.000000 -0.000000 -0.000004
vn -1.000000 -0.000000 -0.000004
vn -1.000000 -0.000000 -0.000004
vn -1.000000 -0.000000 -0.000004
vn -1.000000 -0.000000 -0.000004
vn -0.999806 -0.002561 -0.019535
vn -0.999811 -0.001067 -0.019434
vn -0.999224 -0.005121 -0.039059
vn -0.999243 -0.002134 -0.038856
vn -0.999252 0.000852 -0.038653
vn -0.999917 0.000284 -0.012889
vn -1.000000 -0.000000 -0.000004
vn -1.000000 -0.000000 -0.000004
vn -1.000000 -0.000000 -0.000004
vn -1.000000 -0.000000 -0.000004
vn -1.000000 -0.000000 -0.000004
vn -1.000000 -0.000000 -0.000004
vn -1.000000 -0.000000 -0.000004
vn -1.000000 -0.000000 -0.000004
vn -1.000000 -0.000000 -0.000004
vn -1.000000 -0.000000 -0.000004
vn -1.000000 -0.000000 -0.000004
vn -1.000000 -0.000000 -0.000004
vn -1.000000 -0.000000 -0.000004
vn -1.000000 -0.000000 -0.000004
vn -1.000000 -0.000000 -0.000004
vn -1.000000 -0.000000 -0.000004
vn -1.000000 -0.000000 -0.000004
vn -1.000000 -0.000000 -0.000004
vn -1.000000 -0.000000 -0.000004
vn -1.000000 -0.000000 -0.000004
vn -1.000000 -0.000000 -0.000004
vn 0.000000 -1.000000 0.000000
vn -0.000000 -0.997201 0.074769
vn -0.000000 -0.997201 0.074769
vn 0.000000 -1.000000 0.000000
vn 0.000004 0.099503 -0.995037
vn 0.000004 0.099503 -0.995037
vn 0.000004 0.099503 -0.995037
vn 0.000004 0.099503 -0.995037
vn -0.000004 -0.033137 0.999451
vn -0.000004 -0.033138 0.999451
vn -0.000004 -0.033138 0.999451
vn -0.000004 -0.033137 0.999451
vn -0.000004 -0.033136 0.999451
vn -0.000004 -0.033136 0.999451
vn -0.000004 -0.033135 0.999451
vn -0.000004 -0.033135 0.999451
vn 1.000000 0.000000 0.000004
vn 1.000000 0.000000 0.000004
vn 1.000000 0.000000 0.000004
vn 1.000000 0.000000 0.000004
vn -1.000000 -0.000000 -0.000004
vn -1.000000 -0.000000 -0.000004
vn -1.000000 -0.000000 -0.000004
vn -1.000000 -0.000000 -0.000004
vn -0.000004 0.000000 1.000000
vn -0.000004 0.000000 1.000000
vn -0.000004 0.000000 1.000000
vn -0.000004 0.000000 1.000000
vn 0.000000 -0.996529 -0.083252
vn 0.000000 -0.996529 -0.083252
vn 0.000000 -0.996529 -0.083252
vn 0.000000 -0.996529 -0.083252
vn -0.000000 0.996529 0.083252
vn -0.000000 0.996529 0.083252
vn -0.000000 0.996529 0.083252
vn -0.000000 0.996529 0.083252
vn 1.000000 0.000000 0.000004
vn 1.000000 0.000000 0.000004
vn 1.000000 0.000000 0.000004
vn 1.000000 0.000000 0.000004
vn -0.045705 -0.000000 -0.998955
vn -0.091319 -0.000000 -0.995822
vn -0.091319 -0.000000 -0.995822
vn -0.045705 -0.000000 -0.998955
vn 0.044814 -0.000000 -0.998995
vn 0.044814 -0.000000 -0.998995
vn 0.089533 -0.000000 -0.995984
vn 0.089533 -0.000000 -0.995984
vn -1.000000 -0.000000 -0.000004
vn -1.000000 -0.000000 -0.000004
vn -1.000000 -0.000000 -0.000004
vn -1.000000 -0.000000 -0.000004
vn -0.044814 0.000000 0.998995
vn -0.089533 0.000000 0.995984
vn -0.089533 0.000000 0.995984
vn -0.044814 0.000000 0.998995
vn 0.045705 0.000000 0.998955
vn 0.045705 0.000000 0.998955
vn 0.091319 0.000000 0.995822
vn 0.091319 0.000000 0.995822
vn 0.000000 -1.000000 0.000000
vn 0.000000 -1.000000 0.000000
vn 0.000000 -1.000000 0.000000
vn 0.000000 -1.000000 0.000000
vn 0.000000 -1.000000 0.000000
vn 0.000000 -1.000000 0.000000
vn 0.000000 -1.000000 0.000000
vn 0.000000 -1.000000 0.000000
vn -0.000000 1.000000 -0.000000
vn -0.000000 1.000000 -0.000000
vn -0.000000 1.000000 -0.000000
vn -0.000000 1.000000 -0.000000
vn -0.000000 1.000000 -0.000000
vn -0.000000 1.000000 -0.000000
vn -0.000000 1.000000 -0.000000
vn -0.000000 1.000000 -0.000000
vn -1.000000 -0.000000 -0.000004
vn -1.000000 -0.000000 -0.000004
vn -1.000000 -0.000000 -0.000004
vn -1.000000 -0.000000 -0.000004
vn 0.045704 0.000000 0.998955
vn 0.091317 0.000000 0.995822
vn 0.091317 0.000000 0.995822
vn 0.045704 0.000000 0.998955
vn -0.044815 0.000000 0.998995
vn -0.044815 0.000000 0.998995
vn -0.089535 0.000000 0.995984
vn -0.089535 0.000000 0.995984
vn 1.000000 0.000000 0.000004
vn 1.000000 0.000000 0.000004
vn 1.000000 0.000000 0.000004
vn 1.000000 0.000000 0.000004
vn 0.044815 -0.000000 -0.998995
vn 0.089535 -0.000000 -0.995984
vn 0.089535 -0.000000 -0.995984
vn 0.044815 -0.000000 -0.998995
vn -0.045704 -0.000000 -0.998955
vn -0.045704 -0.000000 -0.998955
vn -0.091317 -0.000000 -0.995822
vn -0.091317 -0.000000 -0.995822
vn 0.000000 -1.000000 0.000000
vn 0.000000 -1.000000 0.000000
vn 0.000000 -1.000000 0.000000
vn 0.000000 -1.000000 0.000000
vn 0.000000 -1.000000 0.000000
vn 0.000000 -1.000000 0.000000
vn 0.000000 -1.000000 0.000000
vn 0.000000 -1.000000 0.000000
vn -0.000000 1.000000 -0.000000
vn -0.000000 1.000000 -0.000000
vn -0.000000 1.000000 -0.000000
vn -0.000000 1.000000 -0.000000
vn -0.000000 1.000000 -0.000000
vn -0.000000 1.000000 -0.000000
vn -0.000000 1.000000 -0.000000
vn -0.000000 1.000000 -0.000000
vn 0.000004 -0.000000 -1.000000
vn 0.000004 -0.000000 -1.000000
vn 0.000004 -0.000000 -1.000000
vn 0.000004 -0.000000 -1.000000
vn 0.000000 -1.000000 0.000000
vn 0.000000 -1.000000 0.000000
vn 0.000000 -1.000000 0.000000
vn 0.000000 -1.000000 0.000000
vn -0.000000 1.000000 -0.000000
vn -0.000000 1.000000 -0.000000
vn -0.000000 1.000000 -0.000000
vn -0.000000 1.000000 -0.000000
vn 1.000000 0.000000 0.000004
vn 1.000000 0.000000 0.000004
vn 1.000000 0.000000 0.000004
vn 1.000000 0.000000 0.000004
vn -1.000000 -0.000000 -0.000004
vn -1.000000 -0.000000 -0.000004
vn -1.000000 -0.000000 -0.000004
vn -1.000000 -0.000000 -0.000004
f 1/1/1 2/2/2 3/3/3
f 1/1/1 3/3/3 4/4/4
f 5/5/5 1/1/1 4/4/4
f 3/3/3 6/6/6 4/4/4
f 3/3/3 7/7/7 6/6/6
f 5/5/5 4/4/4 8/8/8
f 9/9/9 5/5/5 8/8/8
f 4/4/4 6/6/6 10/10/10
f 4/4/4 10/10/10 8/8/8
f 6/6/6 11/11/11 10/10/10
f 6/6/6 12/12/12 11/11/11
f 8/8/8 10/10/10 13/13/13
f 9/9/9 8/8/8 14/14/14
f 8/8/8 13/13/13 14/14/14
f 15/15/15 9/9/9 14/14/14
f 12/12/12 16/16/16 11/11/11
f 12/12/12 17/17/17 16/16/16
f 18/18/18 11/11/11 16/16/16
f 18/18/18 16/16/16 19/19/19
f 18/18/18 19/19/19 20/20/20
f 18/18/18 20/20/20 21/21/21
f 13/13/13 18/18/18 21/21/21
f 21/21/21 20/20/20 22/22/22
f 13/13/13 21/21/21 23/23/23
f 14/14/14 13/13/13 23/23/23
f 21/21/21 22/22/22 24/24/24
f 24/24/24 22/22/22 25/25/25
f 15/15/15 14/14/14 26/26/26
f 14/14/14 23/23/23 26/26/26
f 27/27/27 15/15/15 26/26/26
f 26/26/26 23/23/23 28/28/28
f 24/24/24 25/25/25 29/29/29
f 28/28/28 24/24/24 29/29/29
f 29/29/29 25/25/25 30/30/30
f 27/27/27 26/26/26 31/31/31
f 26/26/26 28/28/28 31/31/31
f 32/32/32 27/27/27 31/31/31
f 28/28/28 29/29/29 33/33/33
f 31/31/31 28/28/28 33/33/33
f 29/29/29 30/30/30 34/34/34
f 33/33/33 29/29/29 34/34/34
f 34/34/34 30/30/30 35/35/35
f 32/32/32 31/31/31 36/36/36
f 31/31/31 33/33/33 36/36/36
f 36/36/36 37/37/37 32/32/32
f 36/36/36 38/38/38 37/37/37
f 33/33/33 38/38/38 36/36/36
f 38/38/38 39/39/39 37/37/37
f 38/38/38 40/40/40 39/39/39
f 33/33/33 41/41/41 38/38/38
f 41/41/41 40/40/40 38/38/38
f 33/33/33 34/34/34 41/41/41
f 41/41/41 42/42/42 40/40/40
f 41/41/41 43/43/43 42/42/42
f 41/41/41 34/34/34 43/43/43
f 34/34/34 35/35/35 43/43/43
f 35/35/35 44/44/44 43/43/43
f 35/35/35 45/45/45 44/44/44
f 46/46/46 47/47/47 48/48/48
f 46/46/46 48/48/48 49/49/49
f 50/50/50 46/46/46 49/49/49
f 49/49/49 48/48/48 51/51/51
f 50/50/50 49/49/49 52/52/52
f 53/53/53 50/50/50 52/52/52
f 53/53/53 52/52/52 54/54/54
f 49/49/49 51/51/51 55/55/55
f 52/52/52 49/49/49 55/55/55
f 55/55/55 51/51/51 56/56/56
f 54/54/54 52/52/52 57/57/57
f 52/52/52 55/55/55 57/57/57
f 54/54/54 57/57/57 58/58/58
f 55/55/55 56/56/56 59/59/59
f 57/57/57 55/55/55 59/59/59
f 59/59/59 56/56/56 60/60/60
f 58/58/58 57/57/57 61/61/61
f 57/57/57 59/59/59 61/61/61
f 58/58/58 61/61/61 62/62/62
f 59/59/59 60/60/60 63/63/63
f 61/61/61 59/59/59 63/63/63
f 63/63/63 60/60/60 64/64/64
f 62/62/62 61/61/61 65/65/65
f 61/61/61 63/63/63 65/65/65
f 62/62/62 65/65/65 66/66/66
f 63/63/63 64/64/64 67/67/67
f 65/65/65 63/63/63 67/67/67
f 67/67/67 64/64/64 68/68/68
f 66/66/66 65/65/65 69/69/69
f 65/65/65 67/67/67 69/69/69
f 66/66/66 69/69/69 70/70/70
f 67/67/67 68/68/68 71/71/71
f 69/69/69 67/67/67 71/71/71
f 70/70/70 69/69/69 72/72/72
f 69/69/69 71/71/71 72/72/72
f 70/70/70 72/72/72 73/73/73
f 72/72/72 74/74/74 73/73/73
f 72/72/72 75/75/75 74/74/74
f 71/71/71 75/75/75 72/72/72
f 75/75/75 76/76/76 74/74/74
f 75/75/75 77/77/77 76/76/76
f 68/68/68 78/78/78 71/71/71
f 71/71/71 78/78/78 75/75/75
f 78/78/78 77/77/77 75/75/75
f 68/68/68 79/79/79 78/78/78
f 78/78/78 80/80/80 77/77/77
f 79/79/79 80/80/80 78/78/78
f 79/79/79 81/81/81 80/80/80
f 82/82/82 83/83/83 84/84/84
f 82/82/82 84/84/84 85/85/85
f 85/85/85 84/84/84 86/86/86
f 82/82/82 85/85/85 87/87/87
f 82/82/82 87/87/87 88/88/88
f 85/85/85 89/89/89 87/87/87
f 85/85/85 86/86/86 90/90/90
f 85/85/85 90/90/90 89/89/89
f 90/90/90 86/86/86 91/91/91
f 90/90/90 92/92/92 89/89/89
f 90/90/90 91/91/91 93/93/93
f 90/90/90 93/93/93 92/92/92
f 94/94/94 95/95/95 96/96/96
f 94/94/94 97/97/97 95/95/95
f 98/98/98 97/97/97 94/94/94
f 98/98/98 99/99/99 97/97/97
f 100/100/100 99/99/99 98/98/98
f 100/100/100 101/101/101 99/99/99
f 102/102/102 103/103/103 104/104/104
f 102/102/102 104/104/104 105/105/105
f 105/105/105 104/104/104 106/106/106
f 105/105/105 106/106/106 107/107/107
f 108/108/108 107/107/107 106/106/106
f 108/108/108 109/109/109 107/107/107
f 110/110/110 109/109/109 108/108/108
f 110/110/110 111/111/111 109/109/109
f 112/112/112 111/111/111 110/110/110
f 112/112/112 113/113/113 111/111/111
f 114/114/114 113/113/113 112/112/112
f 114/114/114 115/115/115 113/113/113
f 116/116/116 117/117/117 118/118/118
f 116/116/116 118/118/118 119/119/119
f 120/120/120 121/121/121 122/122/122
f 120/120/120 122/122/122 123/123/123
f 124/124/124 125/125/125 126/126/126
f 124/124/124 126/126/126 127/127/127
f 128/128/128 129/129/129 130/130/130
f 128/128/128 130/130/130 131/131/131
f 132/132/132 133/133/133 134/134/134
f 132/132/132 134/134/134 135/135/135
f 136/136/136 137/137/137 138/138/138
f 136/136/136 139/139/139 137/137/137
f 140/140/140 139/139/139 136/136/136
f 140/140/140 141/141/141 139/139/139
f 142/142/142 141/141/141 140/140/140
f 142/142/142 143/143/143 141/141/141
f 144/144/144 143/143/143 142/142/142
f 144/144/144 145/145/145 143/143/143
f 145/145/145 144/144/144 146/146/146
f 145/145/145 146/146/146 147/147/147
f 147/147/147 146/146/146 148/148/148
f 147/147/147 148/148/148 149/149/149
f 150/150/150 151/151/151 152/152/152
f 150/150/150 152/152/152 153/153/153
f 154/154/154 155/155/155 156/156/156
f 154/154/154 156/156/156 157/157/157
f 158/158/158 159/159/159 160/160/160
f 158/158/158 161/161/161 159/159/159
f 161/161/161 162/162/162 159/159/159
f 161/161/161 163/163/163 162/162/162
f 163/163/163 164/164/164 162/162/162
f 163/163/163 165/165/165 164/164/164
f 165/165/165 166/166/166 164/164/164
f 165/165/165 167/167/167 166/166/166
f 167/167/167 168/168/168 166/166/166
f 167/167/167 169/169/169 168/168/168
f 169/169/169 170/170/170 168/168/168
f 169/169/169 171/171/171 170/170/170
f 172/172/172 173/173/173 174/174/174
f 172/172/172 174/174/174 175/175/175
f 176/176/176 177/177/177 178/178/178
f 176/176/176 178/178/178 179/179/179
f 180/180/180 181/181/181 182/182/182
f 180/180/180 182/182/182 183/183/183
f 184/184/184 180/180/180 183/183/183
f 184/184/184 183/183/183 185/185/185
f 186/186/186 183/183/183 182/182/182
f 186/186/186 187/187/187 183/183/183
f 187/187/187 186/186/186 188/188/188
f 187/187/187 188/188/188 189/189/189
f 190/190/190 187/187/187 189/189/189
f 190/190/190 189/189/189 191/191/191
f 192/192/192 193/193/193 194/194/194
f 192/192/192 194/194/194 195/195/195
f 196/196/196 197/197/197 198/198/198
f 196/196/196 198/198/198 199/199/199
f 200/200/200 201/201/201 202/202/202
f 200/200/200 202/202/202 203/203/203
f 204/204/204 205/205/205 206/206/206
f 204/204/204 206/206/206 207/207/207
f 208/208/208 209/209/209 210/210/210
f 208/208/208 210/210/210 211/211/211
f 212/212/212 213/213/213 214/214/214
f 212/212/212 214/214/214 215/215/215
f 216/216/216 217/217/217 218/218/218
f 216/216/216 219/219/219 217/217/217
f 220/220/220 219/219/219 216/216/216
f 220/220/220 221/221/221 219/219/219
f 222/222/222 221/221/221 220/220/220
f 222/222/222 223/223/223 221/221/221
f 224/224/224 225/225/225 226/226/226
f 224/224/224 226/226/226 227/227/227
f 228/228/228 229/229/229 230/230/230
f 228/228/228 230/230/230 231/231/231
f 232/232/232 233/233/233 234/234/234
f 232/232/232 234/234/234 235/235/235
f 236/236/236 237/237/237 238/238/238
f 236/236/236 238/238/238 239/239/239
f 239/239/239 238/238/238 240/240/240
f 239/239/239 240/240/240 241/241/241
f 241/241/241 240/240/240 242/242/242
f 241/241/241 242/242/242 243/243/243
f 244/244/244 245/245/245 246/246/246
f 244/244/244 247/247/247 245/245/245
f 244/244/244 248/248/248 247/247/247
f 244/244/244 249/249/249 248/248/248
f 250/250/250 248/248/248 249/249/249
f 250/250/250 251/251/251 248/248/248
f 252/252/252 248/248/248 251/251/251
f 253/253/253 245/245/245 247/247/247
f 253/253/253 254/254/254 245/245/245
f 253/253/253 255/255/255 254/254/254
f 247/247/247 248/248/248 256/256/256
f 252/252/252 256/256/256 248/248/248
f 247/247/247 256/256/256 253/253/253
f 252/252/252 257/257/257 256/256/256
f 253/253/253 256/256/256 257/257/257
f 252/252/252 258/258/258 257/257/257
f 259/259/259 257/257/257 258/258/258
f 253/253/253 260/260/260 255/255/255
f 253/253/253 257/257/257 260/260/260
f 259/259/259 261/261/261 257/257/257
f 260/260/260 257/257/257 261/261/261
f 262/262/262 255/255/255 260/260/260
f 260/260/260 261/261/261 262/262/262
f 262/262/262 263/263/263 255/255/255
f 262/262/262 264/264/264 263/263/263
f 259/259/259 265/265/265 261/261/261
f 259/259/259 266/266/266 265/265/265
f 267/267/267 262/262/262 261/261/261
f 262/262/262 267/267/267 264/264/264
f 267/267/267 261/261/261 265/265/265
f 268/268/268 264/264/264 267/267/267
f 265/265/265 268/268/268 267/267/267
f 268/268/268 269/269/269 264/264/264
f 270/270/270 269/269/269 268/268/268
f 271/271/271 265/265/265 266/266/266
f 265/265/265 271/271/271 268/268/268
f 271/271/271 266/266/266 272/272/272
f 270/270/270 268/268/268 273/273/273
f 271/271/271 273/273/273 268/268/268
f 273/273/273 274/274/274 270/270/270
f 273/273/273 275/275/275 274/274/274
f 272/272/272 276/276/276 271/271/271
f 271/271/271 276/276/276 273/273/273
f 276/276/276 275/275/275 273/273/273
f 272/272/272 277/277/277 276/276/276
f 276/276/276 278/278/278 275/275/275
f 277/277/277 278/278/278 276/276/276
f 277/277/277 279/279/279 278/278/278
f 280/280/280 281/281/281 282/282/282
f 280/280/280 282/282/282 283/283/283
f 282/282/282 284/284/284 283/283/283
f 285/285/285 283/283/283 284/284/284
f 285/285/285 286/286/286 283/283/283
f 285/285/285 287/287/287 286/286/286
f 285/285/285 288/288/288 287/287/287
f 288/288/288 289/289/289 287/287/287
f 288/288/288 290/290/290 289/289/289
f 282/282/282 291/291/291 284/284/284
f 284/284/284 291/291/291 292/292/292
f 284/284/284 292/292/292 293/293/293
f 294/294/294 291/291/291 282/282/282
f 294/294/294 282/282/282 295/295/295
f 296/296/296 294/294/294 295/295/295
f 297/297/297 296/296/296 295/295/295
f 297/297/297 298/298/298 296/296/296
f 296/296/296 299/299/299 294/294/294
f 294/294/294 299/299/299 300/300/300
f 294/294/294 300/300/300 301/301/301
f 290/290/290 302/302/302 289/289/289
f 289/289/289 302/302/302 303/303/303
f 289/289/289 303/303/303 304/304/304
f 290/290/290 305/305/305 302/302/302
f 306/306/306 305/305/305 290/290/290
f 306/306/306 307/307/307 305/305/305
f 308/308/308 309/309/309 310/310/310
f 308/308/308 310/310/310 311/311/311
f 312/312/312 308/308/308 311/311/311
f 310/310/310 313/313/313 311/311/311
f 310/310/310 314/314/314 313/313/313
f 314/314/314 315/315/315 313/313/313
f 314/314/314 316/316/316 315/315/315
f 311/311/311 313/313/313 317/317/317
f 312/312/312 311/311/311 318/318/318
f 311/311/311 317/317/317 318/318/318
f 319/319/319 312/312/312 318/318/318
f 319/319/319 318/318/318 320/320/320
f 318/318/318 321/321/321 320/320/320
f 318/318/318 317/317/317 321/321/321
f 317/317/317 322/322/322 321/321/321
f 317/317/317 323/323/323 322/322/322
f 324/324/324 325/325/325 326/326/326
f 324/324/324 326/326/326 327/327/327
f 328/328/328 324/324/324 327/327/327
f 327/327/327 326/326/326 329/329/329
f 328/328/328 327/327/327 330/330/330
f 331/331/331 328/328/328 330/330/330
f 327/327/327 329/329/329 332/332/332
f 330/330/330 327/327/327 332/332/332
f 331/331/331 330/330/330 333/333/333
f 334/334/334 331/331/331 333/333/333
f 329/329/329 335/335/335 332/332/332
f 329/329/329 336/336/336 335/335/335
f 334/334/334 333/333/333 337/337/337
f 338/338/338 334/334/334 337/337/337
f 338/338/338 337/337/337 339/339/339
f 340/340/340 338/338/338 339/339/339
f 340/340/340 339/339/339 341/341/341
f 342/342/342 340/340/340 341/341/341
f 342/342/342 341/341/341 343/343/343
f 344/344/344 342/342/342 343/343/343
f 344/344/344 343/343/343 345/345/345
f 343/343/343 346/346/346 345/345/345
f 343/343/343 347/347/347 346/346/346
f 341/341/341 347/347/347 343/343/343
f 341/341/341 348/348/348 347/347/347
f 339/339/339 348/348/348 341/341/341
f 348/348/348 349/349/349 347/347/347
f 339/339/339 350/350/350 348/348/348
f 337/337/337 350/350/350 339/339/339
f 348/348/348 351/351/351 349/349/349
f 351/351/351 352/352/352 349/349/349
f 351/351/351 353/353/353 352/352/352
f 354/354/354 353/353/353 351/351/351
f 354/354/354 351/351/351 355/355/355
f 337/337/337 356/356/356 350/350/350
f 356/356/356 355/355/355 350/350/350
f 333/333/333 356/356/356 337/337/337
f 357/357/357 354/354/354 355/355/355
f 356/356/356 357/357/357 355/355/355
f 357/357/357 358/358/358 354/354/354
f 333/333/333 359/359/359 356/356/356
f 357/357/357 360/360/360 358/358/358
f 330/330/330 359/359/359 333/333/333
f 357/357/357 361/361/361 360/360/360
f 330/330/330 362/362/362 359/359/359
f 362/362/362 361/361/361 359/359/359
f 330/330/330 332/332/332 362/362/362
f 363/363/363 360/360/360 361/361/361
f 362/362/362 363/363/363 361/361/361
f 332/332/332 363/363/363 362/362/362
f 363/363/363 364/364/364 360/360/360
f 332/332/332 335/335/335 363/363/363
f 335/335/335 364/364/364 363/363/363
f 335/335/335 365/365/365 364/364/364
f 336/336/336 365/365/365 335/335/335
f 336/336/336 366/366/366 365/365/365
f 336/336/336 367/367/367 366/366/366
f 336/336/336 368/368/368 367/367/367
f 369/369/369 370/370/370 371/371/371
f 369/369/369 371/371/371 372/372/372
f 373/373/373 374/374/374 375/375/375
f 373/373/373 375/375/375 376/376/376
f 377/377/377 378/378/378 379/379/379
f 377/377/377 380/380/380 378/378/378
f 380/380/380 377/377/377 381/381/381
f 380/380/380 381/381/381 382/382/382
f 383/383/383 382/382/382 381/381/381
f 383/383/383 384/384/384 382/382/382
f 385/385/385 386/386/386 387/387/387
f 385/385/385 387/387/387 388/388/388
f 389/389/389 390/390/390 391/391/391
f 389/389/389 391/391/391 392/392/392
f 393/393/393 394/394/394 395/395/395
f 393/393/393 395/395/395 396/396/396
f 397/397/397 398/398/398 399/399/399
f 397/397/397 399/399/399 400/400/400
f 401/401/401 402/402/402 403/403/403
f 401/401/401 403/403/403 404/404/404
f 405/405/405 406/406/406 407/407/407
f 405/405/405 407/407/407 408/408/408
f 409/409/409 410/410/410 411/411/411
f 409/409/409 412/412/412 410/410/410
f 413/413/413 412/412/412 409/409/409
f 413/413/413 414/414/414 412/412/412
f 415/415/415 414/414/414 413/413/413
f 415/415/415 416/416/416 414/414/414
f 417/417/417 418/418/418 419/419/419
f 417/417/417 419/419/419 420/420/420
f 421/421/421 422/422/422 423/423/423
f 421/421/421 424/424/424 422/422/422
f 425/425/425 424/424/424 421/421/421
f 425/425/425 426/426/426 424/424/424
f 427/427/427 426/426/426 425/425/425
f 427/427/427 428/428/428 426/426/426
f 429/429/429 430/430/430 431/431/431
f 429/429/429 431/431/431 432/432/432
f 433/433/433 429/429/429 432/432/432
f 433/433/433 432/432/432 434/434/434
f 435/435/435 433/433/433 434/434/434
f 435/435/435 434/434/434 436/436/436
f 437/437/437 438/438/438 439/439/439
f 437/437/437 439/439/439 440/440/440
f 441/441/441 437/437/437 440/440/440
f 441/441/441 440/440/440 442/442/442
f 443/443/443 441/441/441 442/442/442
f 443/443/443 442/442/442 444/444/444
f 445/445/445 446/446/446 447/447/447
f 445/445/445 447/447/447 448/448/448
f 449/449/449 450/450/450 451/451/451
f 449/449/449 452/452/452 450/450/450
f 453/453/453 452/452/452 449/449/449
f 453/453/453 454/454/454 452/452/452
f 455/455/455 454/454/454 453/453/453
f 455/455/455 456/456/456 454/454/454
f 457/457/457 458/458/458 459/459/459
f 457/457/457 459/459/459 460/460/460
f 461/461/461 462/462/462 463/463/463
f 461/461/461 464/464/464 462/462/462
f 465/465/465 464/464/464 461/461/461
f 465/465/465 466/466/466 464/464/464
f 467/467/467 466/466/466 465/465/465
f 467/467/467 468/468/468 466/466/466
f 469/469/469 470/470/470 471/471/471
f 469/469/469 471/471/471 472/472/472
f 473/473/473 469/469/469 472/472/472
f 473/473/473 472/472/472 474/474/474
f 475/475/475 473/473/473 474/474/474
f 475/475/475 474/474/474 476/476/476
f 477/477/477 478/478/478 479/479/479
f 477/477/477 479/479/479 480/480/480
f 481/481/481 477/477/477 480/480/480
f 481/481/481 480/480/480 482/482/482
f 483/483/483 481/481/481 482/482/482
f 483/483/483 482/482/482 484/484/484
f 485/485/485 486/486/486 487/487/487
f 485/485/485 487/487/487 488/488/488
f 489/489/489 490/490/490 491/491/491
f 489/489/489 491/491/491 492/492/492
f 493/493/493 494/494/494 495/495/495
f 493/493/493 495/495/495 496/496/496
f 497/497/497 498/498/498 499/499/499
f 497/497/497 499/499/499 500/500/500
f 501/501/501 502/502/502 503/503/503
f 501/501/501 503/503/503 504/504/504
