# Model_0 (Honeybadger rip -> Godot, Z negated + winding reversed)
v 0.049916 -0.470835 -0.089538
v 0.049916 -0.470835 -0.068310
v 0.049916 -0.323974 -0.068310
v 0.049916 -0.323974 -0.089538
v 0.028687 -0.323974 -0.089538
v 0.028687 -0.323974 -0.068310
v 0.028687 -0.470835 -0.068310
v 0.028687 -0.470835 -0.089538
v 0.034994 -0.454958 -0.142946
v 0.034994 -0.519280 -0.142946
v 0.069987 -0.519280 -0.082335
v 0.069987 -0.454958 -0.082335
v 0.034994 -0.454957 -0.021724
v 0.069987 -0.454958 -0.082335
v 0.069987 -0.519280 -0.082335
v 0.034994 -0.519280 -0.021724
v -0.034994 -0.454958 -0.142946
v -0.069988 -0.454958 -0.082335
v -0.069988 -0.519280 -0.082335
v -0.034994 -0.519280 -0.142946
v -0.034994 -0.519280 -0.142946
v -0.069988 -0.519280 -0.082335
v -0.034994 -0.519280 -0.021724
v 0.069987 -0.519280 -0.082335
v 0.034994 -0.519280 -0.142946
v 0.034994 -0.519280 -0.021724
v 0.034994 -0.454958 -0.142946
v -0.034994 -0.454958 -0.142946
v -0.034994 -0.519280 -0.142946
v 0.034994 -0.519280 -0.142946
v 0.049916 -0.470835 -0.068310
v 0.028687 -0.470835 -0.068310
v 0.028687 -0.323974 -0.068310
v 0.049916 -0.323974 -0.068310
v 0.034994 -0.454958 -0.142946
v -0.069988 -0.454958 -0.082335
v -0.034994 -0.454958 -0.142946
v -0.034994 -0.454957 -0.021724
v 0.069987 -0.454958 -0.082335
v 0.034994 -0.454957 -0.021724
v -0.034994 0.131324 -0.021724
v 0.034994 0.131324 -0.021724
v 0.069987 0.131324 -0.082335
v -0.069988 0.131324 -0.082335
v -0.034994 0.131324 -0.142946
v 0.034994 0.131324 -0.142946
v -0.034994 -0.454957 -0.021724
v 0.034994 -0.454957 -0.021724
v 0.034994 -0.519280 -0.021724
v -0.034994 -0.519280 -0.021724
v -0.069988 0.250132 -0.082335
v -0.069988 0.131324 -0.082335
v -0.034994 0.131324 -0.142946
v -0.041293 0.267715 -0.132036
v -0.034994 0.368939 -0.142946
v -0.063689 0.267715 -0.093245
v -0.063689 0.351356 -0.093245
v -0.041293 0.351356 -0.132036
v -0.069988 0.368939 -0.082335
v -0.041293 0.386523 -0.132036
v -0.034994 0.487747 -0.142946
v -0.041293 0.470163 -0.132036
v -0.069988 0.487747 -0.082335
v -0.063689 0.470163 -0.093245
v -0.063689 0.386523 -0.093245
v -0.072526 -0.244794 -0.114449
v -0.072526 -0.230189 -0.114449
v -0.056895 -0.257346 -0.114449
v -0.056895 -0.217637 -0.114449
v 0.056895 -0.257346 -0.114449
v 0.056895 -0.217637 -0.114449
v 0.072526 -0.230189 -0.114449
v 0.072526 -0.244794 -0.114449
v -0.052269 0.118455 -0.136801
v -0.052269 0.118455 0.001369
v -0.052269 -0.048748 0.029938
v -0.052268 -0.251489 -0.136801
v -0.052269 -0.136570 0.029938
v -0.052268 -0.251489 0.029939
v -0.052269 -0.175763 0.192869
v -0.052268 -0.288191 0.169073
v -0.034994 0.368939 -0.142946
v -0.034994 0.131324 -0.142946
v 0.034994 0.131324 -0.142946
v 0.034994 0.368939 -0.142946
v 0.034994 0.487747 -0.142946
v -0.034994 0.487747 -0.142946
v 0.028687 -0.470835 -0.089538
v 0.049916 -0.470835 -0.089538
v 0.049916 -0.323974 -0.089538
v 0.028687 -0.323974 -0.089538
v 0.063689 0.386523 -0.093245
v 0.063689 0.470163 -0.093245
v 0.048253 0.470163 -0.084333
v 0.048253 0.386523 -0.084333
v 0.063689 0.386523 -0.093245
v 0.048253 0.386523 -0.084333
v 0.025857 0.386523 -0.123124
v 0.041293 0.386523 -0.132036
v 0.041293 0.470163 -0.132036
v 0.041293 0.386523 -0.132036
v 0.025857 0.386523 -0.123124
v 0.025857 0.470163 -0.123124
v 0.063689 0.470163 -0.093245
v 0.041293 0.470163 -0.132036
v 0.025857 0.470163 -0.123124
v 0.048253 0.470163 -0.084333
v 0.063689 0.267715 -0.093245
v 0.063689 0.351356 -0.093245
v 0.048253 0.351356 -0.084333
v 0.048253 0.267715 -0.084333
v 0.063689 0.267715 -0.093245
v 0.048253 0.267715 -0.084333
v 0.025857 0.267715 -0.123124
v 0.041293 0.267715 -0.132036
v 0.041293 0.267715 -0.132036
v 0.025857 0.267715 -0.123124
v 0.025857 0.351355 -0.123124
v 0.041293 0.351355 -0.132036
v 0.063689 0.351356 -0.093245
v 0.041293 0.351355 -0.132036
v 0.025857 0.351355 -0.123124
v 0.048253 0.351356 -0.084333
v 0.041293 0.470163 -0.032634
v 0.025857 0.470163 -0.041546
v 0.025857 0.386523 -0.041546
v 0.041293 0.386523 -0.032634
v 0.063689 0.386523 -0.071425
v 0.041293 0.386523 -0.032634
v 0.025857 0.386523 -0.041546
v 0.048253 0.386523 -0.080337
v 0.063689 0.470163 -0.071425
v 0.063689 0.386523 -0.071425
v 0.048253 0.386523 -0.080337
v 0.048253 0.470163 -0.080337
v 0.041293 0.470163 -0.032634
v 0.063689 0.470163 -0.071425
v 0.048253 0.470163 -0.080337
v 0.025857 0.470163 -0.041546
v 0.041293 0.351356 -0.032634
v 0.025857 0.351356 -0.041546
v 0.025857 0.267715 -0.041546
v 0.041293 0.267715 -0.032634
v 0.063689 0.267715 -0.071425
v 0.041293 0.267715 -0.032634
v 0.025857 0.267715 -0.041546
v 0.048253 0.267715 -0.080337
v 0.063689 0.267715 -0.071425
v 0.048253 0.267715 -0.080337
v 0.048253 0.351356 -0.080337
v 0.063689 0.351356 -0.071425
v 0.063689 0.351356 -0.071425
v 0.048253 0.351356 -0.080337
v 0.025857 0.351356 -0.041546
v 0.041293 0.351356 -0.032634
v -0.041293 0.267715 -0.132036
v -0.041293 0.351356 -0.132036
v -0.025857 0.351356 -0.123124
v -0.025857 0.267715 -0.123124
v -0.063689 0.267715 -0.093245
v -0.041293 0.267715 -0.132036
v -0.025857 0.267715 -0.123124
v -0.048253 0.267715 -0.084333
v -0.063689 0.351356 -0.093245
v -0.063689 0.267715 -0.093245
v -0.048253 0.267715 -0.084333
v -0.048253 0.351356 -0.084333
v -0.041293 0.351356 -0.132036
v -0.063689 0.351356 -0.093245
v -0.048253 0.351356 -0.084333
v -0.025857 0.351356 -0.123124
v -0.041293 0.470163 -0.132036
v -0.025857 0.470163 -0.123124
v -0.025857 0.386523 -0.123124
v -0.041293 0.386523 -0.132036
v -0.063689 0.386523 -0.093245
v -0.041293 0.386523 -0.132036
v -0.025857 0.386523 -0.123124
v -0.048253 0.386523 -0.084333
v -0.063689 0.386523 -0.093245
v -0.048253 0.386523 -0.084333
v -0.048253 0.470163 -0.084333
v -0.063689 0.470163 -0.093245
v -0.063689 0.470163 -0.093245
v -0.048253 0.470163 -0.084333
v -0.025857 0.470163 -0.123124
v -0.041293 0.470163 -0.132036
v -0.063689 0.267715 -0.071425
v -0.063689 0.351356 -0.071425
v -0.048253 0.351356 -0.080337
v -0.048253 0.267715 -0.080337
v -0.063689 0.267715 -0.071425
v -0.048253 0.267715 -0.080337
v -0.025857 0.267715 -0.041546
v -0.041293 0.267715 -0.032634
v -0.041293 0.351356 -0.032634
v -0.041293 0.267715 -0.032634
v -0.025857 0.267715 -0.041546
v -0.025857 0.351356 -0.041546
v -0.063689 0.351356 -0.071425
v -0.041293 0.351356 -0.032634
v -0.025857 0.351356 -0.041546
v -0.048253 0.351356 -0.080337
v -0.063689 0.386523 -0.071425
v -0.063689 0.470163 -0.071425
v -0.048253 0.470163 -0.080337
v -0.048253 0.386523 -0.080337
v -0.063689 0.386523 -0.071425
v -0.048253 0.386523 -0.080337
v -0.025857 0.386523 -0.041546
v -0.041293 0.386523 -0.032634
v -0.041293 0.470163 -0.032634
v -0.041293 0.386523 -0.032634
v -0.025857 0.386523 -0.041546
v -0.025857 0.470163 -0.041546
v -0.041293 0.470163 -0.032634
v -0.025857 0.470163 -0.041546
v -0.048253 0.470163 -0.080337
v -0.063689 0.470163 -0.071425
v 0.034994 -0.263271 -0.142946
v 0.034994 -0.327594 -0.142946
v 0.069987 -0.327594 -0.082335
v 0.069987 -0.263271 -0.082335
v 0.034994 -0.263271 -0.142946
v -0.034994 -0.263271 -0.142946
v -0.034994 -0.327594 -0.142946
v 0.034994 -0.327594 -0.142946
v -0.034994 -0.263271 -0.142946
v -0.069988 -0.263271 -0.082335
v -0.069988 -0.327594 -0.082335
v -0.034994 -0.327594 -0.142946
v -0.034994 -0.263271 -0.021724
v -0.034994 -0.327594 -0.021724
v -0.069988 -0.327594 -0.082335
v -0.069988 -0.263271 -0.082335
v 0.069987 -0.327594 -0.082335
v 0.034994 -0.327594 -0.142946
v -0.034994 -0.327594 -0.142946
v -0.069988 -0.327594 -0.082335
v -0.034994 -0.327594 -0.021724
v 0.034994 -0.327594 -0.021724
v 0.069987 -0.263271 -0.082335
v 0.069987 -0.327594 -0.082335
v 0.034994 -0.327594 -0.021724
v 0.034994 -0.263271 -0.021724
v -0.034994 -0.263271 -0.021724
v 0.034994 -0.263271 -0.021724
v 0.034994 -0.327594 -0.021724
v -0.034994 -0.327594 -0.021724
v 0.034994 -0.263271 -0.142946
v -0.069988 -0.263271 -0.082335
v -0.034994 -0.263271 -0.142946
v -0.034994 -0.263271 -0.021724
v 0.069987 -0.263271 -0.082335
v 0.034994 -0.263271 -0.021724
v -0.028687 -0.323974 -0.089538
v -0.028687 -0.470835 -0.089538
v -0.028687 -0.470835 -0.068310
v -0.028687 -0.323974 -0.068310
v -0.049916 -0.470835 -0.068310
v -0.049916 -0.323974 -0.068310
v -0.028687 -0.323974 -0.068310
v -0.028687 -0.470835 -0.068310
v -0.028687 -0.470835 -0.089538
v -0.028687 -0.323974 -0.089538
v -0.049916 -0.323974 -0.089538
v -0.049916 -0.470835 -0.089538
v -0.056895 -0.257346 -0.140118
v -0.072526 -0.244794 -0.140118
v -0.072526 -0.244794 -0.114449
v -0.056895 -0.257346 -0.114449
v 0.056895 -0.217637 -0.140118
v 0.056895 -0.217637 -0.114449
v -0.056895 -0.217637 -0.114449
v -0.056895 -0.217637 -0.140118
v 0.072526 -0.230189 -0.140118
v 0.056895 -0.217637 -0.140118
v -0.056895 -0.217637 -0.140118
v 0.056895 -0.257346 -0.140118
v 0.072526 -0.244794 -0.140118
v -0.056895 -0.257346 -0.140118
v -0.072526 -0.244794 -0.140118
v -0.072526 -0.230189 -0.140118
v -0.072526 -0.230189 -0.114449
v -0.072526 -0.230189 -0.140118
v -0.056895 -0.217637 -0.140118
v -0.056895 -0.217637 -0.114449
v 0.034994 0.131324 -0.021724
v -0.034994 0.131324 -0.021724
v -0.034994 0.250132 -0.021724
v 0.034994 0.250132 -0.021724
v 0.034994 0.487747 -0.021724
v -0.034994 0.368939 -0.021724
v -0.034994 0.487747 -0.021724
v 0.072526 -0.244794 -0.114449
v 0.072526 -0.244794 -0.140118
v 0.056895 -0.257346 -0.140118
v 0.056895 -0.257346 -0.114449
v -0.030298 0.560579 -0.051017
v 0.000001 0.560579 -0.038467
v 0.000001 0.251962 -0.038467
v -0.030298 0.251962 -0.051017
v -0.042848 0.251962 -0.081316
v -0.042848 0.560579 -0.081316
v -0.030298 0.251962 -0.111615
v -0.030298 0.560579 -0.111615
v 0.000001 0.560579 -0.124165
v 0.000001 0.251962 -0.124165
v 0.030300 0.560579 -0.111615
v 0.030300 0.251962 -0.111615
v 0.042850 0.560579 -0.081316
v 0.042850 0.251962 -0.081316
v 0.030300 0.251962 -0.051017
v 0.030300 0.560579 -0.051017
v 0.000001 0.251962 -0.038467
v 0.000001 0.560579 -0.038467
v -0.064561 0.106422 -0.106517
v -0.037736 0.106422 -0.030984
v -0.064561 0.106422 -0.054787
v -0.037736 0.106422 -0.130320
v -0.037736 -0.242933 -0.130320
v -0.064561 -0.242933 -0.054787
v -0.037736 -0.242933 -0.030984
v -0.064561 -0.242933 -0.106517
v -0.064561 -0.242933 -0.106517
v -0.037736 -0.242933 -0.130320
v -0.037736 0.106422 -0.130320
v -0.064561 0.106422 -0.106517
v -0.052269 -0.048748 0.029938
v 0.052270 -0.136570 0.029938
v -0.052269 -0.136570 0.029938
v 0.052270 -0.048748 0.029938
v -0.052269 0.118455 0.001369
v 0.052270 0.118455 0.001369
v 0.069987 0.131324 -0.082335
v 0.034994 0.131324 -0.021724
v 0.034994 0.250132 -0.021724
v 0.069987 0.250132 -0.082335
v 0.063689 0.267715 -0.071425
v 0.069987 0.368939 -0.082335
v 0.041293 0.267715 -0.032634
v 0.063689 0.351356 -0.071425
v 0.041293 0.351356 -0.032634
v 0.063689 0.386523 -0.071425
v 0.069987 0.487747 -0.082335
v 0.063689 0.470163 -0.071425
v 0.041293 0.470163 -0.032634
v 0.034994 0.487747 -0.021724
v 0.041293 0.386523 -0.032634
v 0.052270 0.118455 -0.136801
v 0.052270 -0.048748 0.029938
v 0.052270 0.118455 0.001369
v 0.052270 -0.136570 0.029938
v 0.052270 -0.251489 -0.136801
v 0.052270 -0.251489 0.029939
v 0.052270 -0.288191 0.169073
v 0.052270 -0.175763 0.192869
v -0.052268 -0.251489 0.029939
v -0.052268 -0.288191 0.169073
v 0.052270 -0.288191 0.169073
v 0.052270 -0.251489 0.029939
v 0.033527 -0.251489 -0.043598
v 0.033528 -0.273632 -0.043598
v -0.033525 -0.273632 -0.043598
v -0.033525 -0.251489 -0.043598
v -0.033525 -0.273632 -0.116440
v 0.033528 -0.273632 -0.116440
v 0.033527 -0.251489 -0.116440
v -0.033525 -0.251489 -0.116440
v -0.033525 -0.251489 -0.043598
v -0.033525 -0.273632 -0.043598
v -0.033525 -0.273632 -0.116440
v -0.033525 -0.251489 -0.116440
v 0.044455 -0.464422 -0.042327
v 0.026692 -0.464421 0.103329
v -0.026689 -0.464422 0.103329
v -0.044451 -0.464422 -0.042327
v 0.026692 -0.511664 0.103329
v 0.026692 -0.464421 0.103329
v 0.044455 -0.464422 -0.042327
v 0.044455 -0.511664 -0.042327
v -0.026689 -0.464422 0.103329
v -0.026689 -0.511664 0.103329
v -0.044451 -0.511664 -0.042327
v -0.044451 -0.464422 -0.042327
v -0.044451 -0.511664 -0.042327
v -0.026689 -0.511664 0.103329
v 0.026692 -0.511664 0.103329
v 0.044455 -0.511664 -0.042327
v 0.026692 -0.511664 0.103329
v -0.026689 -0.511664 0.103329
v -0.026689 -0.464422 0.103329
v 0.026692 -0.464421 0.103329
v -0.033525 0.118455 -0.043598
v -0.033525 0.139619 -0.043598
v 0.033527 0.139619 -0.043598
v 0.033527 0.118455 -0.043598
v -0.052269 0.118455 -0.136801
v -0.052268 -0.251489 -0.136801
v 0.052270 -0.251489 -0.136801
v 0.052270 0.118455 -0.136801
v 0.033527 0.118455 -0.116440
v 0.033527 0.139619 -0.116440
v -0.033525 0.139619 -0.116440
v -0.033525 0.118455 -0.116440
v 0.033527 0.139619 -0.043598
v 0.033527 0.139619 -0.116440
v 0.033527 0.118455 -0.116440
v 0.033527 0.118455 -0.043598
v -0.033525 0.118455 -0.116440
v -0.033525 0.139619 -0.116440
v -0.033525 0.139619 -0.043598
v -0.033525 0.118455 -0.043598
v 0.064563 0.106422 -0.106517
v 0.064563 -0.242933 -0.106517
v 0.064563 -0.242933 -0.054787
v 0.064563 0.106422 -0.054787
v 0.037737 0.106422 -0.130320
v 0.064563 0.106422 -0.054787
v 0.037737 0.106422 -0.030984
v 0.064563 0.106422 -0.106517
v 0.037737 -0.242933 -0.030984
v 0.037737 0.106422 -0.030984
v 0.064563 0.106422 -0.054787
v 0.064563 -0.242933 -0.054787
v 0.064563 -0.242933 -0.054787
v 0.037737 -0.242933 -0.130320
v 0.037737 -0.242933 -0.030984
v 0.064563 -0.242933 -0.106517
v 0.064563 -0.242933 -0.106517
v 0.064563 0.106422 -0.106517
v 0.037737 0.106422 -0.130320
v 0.037737 -0.242933 -0.130320
v -0.064561 -0.040358 -0.059885
v -0.056583 -0.040358 -0.059885
v -0.056583 0.094907 -0.059885
v -0.064561 0.094907 -0.059885
v -0.056583 0.094907 -0.059885
v -0.056583 -0.040358 -0.059885
v -0.056583 -0.040358 -0.101419
v -0.056583 0.094907 -0.101419
v -0.064561 -0.040358 -0.101419
v -0.056583 -0.040358 -0.101419
v -0.056583 -0.040358 -0.059885
v -0.064561 -0.040358 -0.059885
v -0.064561 0.094907 -0.101419
v -0.056583 0.094907 -0.101419
v -0.056583 -0.040358 -0.101419
v -0.064561 -0.040358 -0.101419
v -0.064561 0.094907 -0.059885
v -0.056583 0.094907 -0.059885
v -0.056583 0.094907 -0.101419
v -0.064561 0.094907 -0.101419
v -0.049916 -0.470835 -0.089538
v -0.049916 -0.323974 -0.089538
v -0.049916 -0.323974 -0.068310
v -0.049916 -0.470835 -0.068310
v -0.056895 -0.257346 -0.140118
v -0.056895 -0.257346 -0.114449
v 0.056895 -0.257346 -0.114449
v 0.056895 -0.257346 -0.140118
v 0.072526 -0.244794 -0.140118
v 0.072526 -0.244794 -0.114449
v 0.072526 -0.230189 -0.114449
v 0.072526 -0.230189 -0.140118
v -0.072526 -0.230189 -0.140118
v -0.072526 -0.230189 -0.114449
v -0.072526 -0.244794 -0.114449
v -0.072526 -0.244794 -0.140118
v 0.056895 -0.217637 -0.140118
v 0.072526 -0.230189 -0.140118
v 0.072526 -0.230189 -0.114449
v 0.056895 -0.217637 -0.114449
v -0.030298 0.560579 -0.111615
v 0.000001 0.560579 -0.124165
v -0.042848 0.560579 -0.081316
v 0.030300 0.560579 -0.111615
v 0.042850 0.560579 -0.081316
v 0.030300 0.560579 -0.051017
v 0.000001 0.560579 -0.038467
v -0.030298 0.560579 -0.051017
v -0.037736 -0.242933 -0.030984
v -0.064561 -0.242933 -0.054787
v -0.064561 0.106422 -0.054787
v -0.037736 0.106422 -0.030984
v -0.069988 0.250132 -0.082335
v -0.034994 0.131324 -0.021724
v -0.069988 0.131324 -0.082335
v -0.063689 0.267715 -0.071425
v -0.034994 0.250132 -0.021724
v -0.069988 0.368939 -0.082335
v -0.041293 0.267715 -0.032634
v -0.034994 0.368939 -0.021724
v -0.063689 0.351356 -0.071425
v -0.041293 0.351356 -0.032634
v -0.063689 0.386523 -0.071425
v -0.069988 0.487747 -0.082335
v -0.041293 0.386523 -0.032634
v -0.063689 0.470163 -0.071425
v -0.041293 0.470163 -0.032634
v -0.034994 0.487747 -0.021724
v 0.052270 -0.175763 0.192869
v 0.052270 -0.288191 0.169073
v -0.052268 -0.288191 0.169073
v -0.052269 -0.175763 0.192869
v 0.052270 -0.136570 0.029938
v 0.052270 -0.175763 0.192869
v -0.052269 -0.175763 0.192869
v -0.052269 -0.136570 0.029938
v 0.033528 -0.273632 -0.116440
v 0.033528 -0.273632 -0.043598
v 0.033527 -0.251489 -0.043598
v 0.033527 -0.251489 -0.116440
v -0.069988 -0.454958 -0.082335
v -0.034994 -0.454957 -0.021724
v -0.034994 -0.519280 -0.021724
v -0.069988 -0.519280 -0.082335
v 0.063689 0.470163 -0.093245
v 0.069987 0.487747 -0.082335
v 0.034994 0.487747 -0.142946
v 0.069987 0.368939 -0.082335
v 0.041293 0.470163 -0.132036
v 0.041293 0.386523 -0.132036
v 0.063689 0.386523 -0.093245
v 0.034994 0.368939 -0.142946
v 0.063689 0.351356 -0.093245
v 0.069987 0.250132 -0.082335
v 0.041293 0.351355 -0.132036
v 0.063689 0.267715 -0.093245
v 0.041293 0.267715 -0.132036
v 0.034994 0.131324 -0.142946
v 0.069987 0.131324 -0.082335
v 0.033527 0.118455 -0.043598
v 0.052270 0.118455 -0.136801
v 0.052270 0.118455 0.001369
v -0.052269 0.118455 0.001369
v 0.033527 0.118455 -0.116440
v -0.033525 0.118455 -0.043598
v -0.033525 0.118455 -0.116440
v -0.052269 0.118455 -0.136801
v 0.033527 -0.251489 -0.116440
v -0.052268 -0.251489 -0.136801
v -0.033525 -0.251489 -0.116440
v -0.033525 -0.251489 -0.043598
v 0.052270 -0.251489 -0.136801
v -0.052268 -0.251489 0.029939
v 0.033527 -0.251489 -0.043598
v 0.052270 -0.251489 0.029939
v -0.064561 0.094907 -0.101419
v -0.064561 0.106422 -0.054787
v -0.064561 0.094907 -0.059885
v -0.064561 -0.040358 -0.059885
v -0.064561 0.106422 -0.106517
v -0.064561 -0.242933 -0.054787
v -0.064561 -0.040358 -0.101419
v -0.064561 -0.242933 -0.106517
v -0.034994 0.487747 -0.142946
v -0.048294 0.487747 -0.082335
v -0.069988 0.487747 -0.082335
v -0.024147 0.487747 -0.124159
v -0.024147 0.487747 -0.040511
v 0.034994 0.487747 -0.142946
v -0.034994 0.487747 -0.021724
v 0.024147 0.487747 -0.124159
v 0.024147 0.487747 -0.040511
v 0.069987 0.487747 -0.082335
v 0.034994 0.487747 -0.021724
v 0.048294 0.487747 -0.082335
vt 0.00550899981 0.892956018
vt 0.00550899981 0.911195993
vt 0.131696001 0.911195993
vt 0.131696001 0.892956018
vt 0.131696001 0.874715984
vt 0.131696001 0.856476009
vt 0.00550899981 0.856476009
vt 0.00550899981 0.874715984
vt 0.185914993 0.845457971
vt 0.185914993 0.790189981
vt 0.125779003 0.790189981
vt 0.125779003 0.845458984
vt 0.0656440035 0.845458984
vt 0.125779003 0.845458984
vt 0.125779003 0.790189981
vt 0.0656440035 0.790190995
vt 0.24605 0.845457971
vt 0.306185007 0.845458984
vt 0.306185991 0.790190995
vt 0.24605 0.790189981
vt 0.873574972 0.936246991
vt 0.925653994 0.906179011
vt 0.925653994 0.846044004
vt 0.82149601 0.846044004
vt 0.82149601 0.906179011
vt 0.873574972 0.815976024
vt 0.185914993 0.845457971
vt 0.24605 0.845457971
vt 0.24605 0.790189981
vt 0.185914993 0.790189981
vt 0.00550899981 0.911195993
vt 0.00550800003 0.929436982
vt 0.131696001 0.929436028
vt 0.131696001 0.911195993
vt 0.858433008 0.0364550017
vt 0.962590992 0.0364550017
vt 0.910511971 0.00638699997
vt 0.962590992 0.0965899974
vt 0.858433008 0.0965899974
vt 0.910511971 0.126657993
vt 0.810478985 0.846044004
vt 0.758400023 0.815976024
vt 0.706322014 0.846044004
vt 0.810478985 0.906179011
vt 0.758400023 0.936246991
vt 0.706322014 0.906179011
vt 0.00550899981 0.845458984
vt 0.0656440035 0.845458984
vt 0.0656440035 0.790190995
vt 0.00550800003 0.790190995
vt 0.427852988 0.471964985
vt 0.42782101 0.574048996
vt 0.487957001 0.574069023
vt 0.477169991 0.456873
vt 0.488023013 0.369901001
vt 0.438683003 0.456860006
vt 0.438706011 0.384992987
vt 0.477192998 0.385006011
vt 0.427886993 0.369881004
vt 0.477203012 0.354788989
vt 0.488058001 0.267816991
vt 0.477227986 0.282922
vt 0.427920997 0.26779601
vt 0.438740999 0.282909006
vt 0.438715994 0.354775995
vt 0.319415003 0.521701992
vt 0.319415003 0.509153008
vt 0.30598399 0.532486975
vt 0.30598399 0.498367012
vt 0.208212003 0.532486975
vt 0.208212003 0.498367995
vt 0.194781005 0.509153008
vt 0.194781005 0.521701992
vt 0.357080996 0.295006007
vt 0.357080996 0.176285997
vt 0.213414997 0.151739001
vt 0.0392130017 0.295006007
vt 0.137954995 0.151739001
vt 0.0392130017 0.151739001
vt 0.104278997 0.011744
vt 0.00767700002 0.0321899988
vt 0.488023013 0.369901001
vt 0.487957001 0.574069023
vt 0.548093021 0.574087977
vt 0.54815799 0.369920999
vt 0.548192978 0.267838001
vt 0.488058001 0.267816991
vt 0.00550899981 0.874715984
vt 0.00550899981 0.892956018
vt 0.131696001 0.892956018
vt 0.131696001 0.874715984
vt 0.82149601 0.988910019
vt 0.893362999 0.988910019
vt 0.893362999 0.973595977
vt 0.82149601 0.973595977
vt 0.984211981 0.766472995
vt 0.968896985 0.766472995
vt 0.968896985 0.804958999
vt 0.984211981 0.804958999
vt 0.976245999 0.973595977
vt 0.904380023 0.973595977
vt 0.904380023 0.988910019
vt 0.976245999 0.988910019
vt 0.956148982 0.384658992
vt 0.956148982 0.423144996
vt 0.971463978 0.423144996
vt 0.971463978 0.384658992
vt 0.0598299988 0.955767989
vt 0.131696001 0.955767989
vt 0.131696001 0.940452993
vt 0.0598299988 0.940454006
vt 0.727595985 0.947264016
vt 0.712280989 0.947264016
vt 0.712280989 0.985750973
vt 0.727595985 0.985750973
vt 0.0598299988 0.966785014
vt 0.0598299988 0.982098997
vt 0.131696001 0.982098997
vt 0.131696001 0.966785014
vt 0.268123001 0.940454006
vt 0.268123001 0.97894001
vt 0.283437014 0.97894001
vt 0.283437014 0.940454006
vt 0.810478985 0.962579012
vt 0.810478985 0.947264016
vt 0.738613009 0.947264016
vt 0.738613009 0.962579012
vt 0.332015991 0.694800019
vt 0.332015991 0.656313002
vt 0.316702008 0.656313002
vt 0.316702008 0.694800019
vt 0.229115993 0.952844977
vt 0.157250002 0.952844977
vt 0.157250002 0.968159974
vt 0.229115993 0.968159974
vt 0.968896985 0.700802028
vt 0.968896985 0.739287972
vt 0.984211981 0.739287972
vt 0.984211981 0.700802028
vt 0.810478985 0.988910019
vt 0.810478985 0.973595977
vt 0.738613009 0.973595977
vt 0.738613009 0.988910019
vt 0.332015991 0.645295978
vt 0.332015991 0.60680902
vt 0.316702008 0.60680902
vt 0.316702008 0.645295978
vt 0.294454008 0.940454006
vt 0.294454008 0.955767989
vt 0.366320997 0.955767989
vt 0.366320997 0.940454006
vt 0.940490007 0.198280007
vt 0.955805004 0.198280007
vt 0.955805004 0.159793004
vt 0.940490007 0.159793004
vt 0.526777983 0.978210986
vt 0.598644972 0.978210986
vt 0.598644972 0.962897003
vt 0.526777983 0.962897003
vt 0.940490007 0.209297001
vt 0.940490007 0.247784004
vt 0.955805004 0.247784004
vt 0.955805004 0.209297001
vt 0.686052978 0.964142025
vt 0.614185989 0.964142025
vt 0.614185989 0.979457021
vt 0.686052978 0.979457021
vt 0.255448014 0.97894001
vt 0.255448014 0.940454006
vt 0.240133002 0.940454006
vt 0.240133002 0.97894001
vt 0.229115993 0.994491994
vt 0.229115993 0.979176998
vt 0.157250002 0.979176998
vt 0.157250002 0.994491994
vt 0.377436996 0.902481973
vt 0.377436996 0.940967977
vt 0.392751992 0.940967977
vt 0.392751992 0.902481973
vt 0.385825992 0.959366024
vt 0.385825992 0.974680007
vt 0.457693011 0.974680007
vt 0.457693011 0.959366024
vt 0.971463978 0.487569004
vt 0.956148982 0.487569004
vt 0.956148982 0.526054978
vt 0.971463978 0.526054978
vt 0.82149601 0.962579012
vt 0.893362999 0.962579012
vt 0.893362999 0.947264016
vt 0.82149601 0.947264016
vt 0.956148982 0.324137986
vt 0.971463978 0.324137986
vt 0.971463978 0.285650998
vt 0.956148982 0.285650998
vt 0.366320997 0.966785014
vt 0.294454008 0.966785014
vt 0.294454008 0.98210001
vt 0.366320997 0.98210001
vt 0.971463978 0.373641998
vt 0.971463978 0.33515501
vt 0.956148982 0.33515501
vt 0.956148982 0.373641998
vt 0.614185989 0.953125
vt 0.686052978 0.953125
vt 0.686052978 0.937811017
vt 0.614185989 0.937811017
vt 0.956148982 0.476550996
vt 0.971463978 0.476550996
vt 0.971463978 0.438064992
vt 0.956148982 0.438064992
vt 0.978074014 0.674470007
vt 0.906207025 0.674470007
vt 0.906207025 0.689785004
vt 0.978074014 0.689785004
vt 0.192117006 0.856476009
vt 0.176801994 0.856476009
vt 0.176801994 0.894962013
vt 0.192116007 0.894962013
vt 0.185913995 0.779173017
vt 0.185913995 0.723905027
vt 0.125779003 0.723905027
vt 0.125779003 0.779173017
vt 0.185913995 0.779173017
vt 0.24605 0.779173017
vt 0.24605 0.723905027
vt 0.185913995 0.723905027
vt 0.24605 0.779173017
vt 0.306185007 0.779173017
vt 0.306185007 0.723905027
vt 0.24605 0.723905027
vt 0.366320997 0.779173017
vt 0.366320997 0.723905027
vt 0.306185007 0.723905027
vt 0.306185007 0.779173017
vt 0.837608993 0.752880991
vt 0.867676973 0.804958999
vt 0.92781198 0.804958999
vt 0.95788002 0.752880991
vt 0.92781198 0.700802028
vt 0.867676973 0.700802028
vt 0.125779003 0.779173017
vt 0.125779003 0.723905027
vt 0.0656440035 0.723905027
vt 0.0656440035 0.779173017
vt 0.00550899981 0.779173017
vt 0.0656440035 0.779173017
vt 0.0656440035 0.723905027
vt 0.00550800003 0.723905027
vt 0.787661016 0.159793004
vt 0.877864003 0.211871997
vt 0.847796023 0.159793004
vt 0.847796023 0.263951004
vt 0.757592976 0.211871997
vt 0.787661016 0.263951004
vt 0.366320997 0.911195993
vt 0.240133002 0.911195993
vt 0.240133002 0.929436982
vt 0.366320997 0.929436028
vt 0.240133002 0.874715984
vt 0.366320997 0.874715984
vt 0.366320997 0.856476009
vt 0.240133002 0.856476009
vt 0.240133002 0.911195993
vt 0.366320997 0.911195993
vt 0.366320997 0.892956018
vt 0.240133002 0.892956018
vt 0.040070001 0.990886986
vt 0.040070001 0.973508
vt 0.0178180002 0.973508
vt 0.0178180002 0.990886986
vt 0.688629985 0.66772902
vt 0.688629985 0.689785004
vt 0.786401987 0.689785004
vt 0.786401987 0.66772902
vt 0.190330997 0.0801019967
vt 0.203761995 0.0908870026
vt 0.301533014 0.0908870026
vt 0.203761995 0.0567680001
vt 0.190330997 0.0675529987
vt 0.301533014 0.0567680001
vt 0.314963996 0.0675529987
vt 0.314963996 0.0801019967
vt 0.0178180002 0.960847974
vt 0.040070001 0.960847974
vt 0.040070001 0.943470001
vt 0.0178180002 0.943470001
vt 0.668362021 0.574124992
vt 0.728497028 0.574144006
vt 0.72852999 0.472061992
vt 0.668394983 0.472043008
vt 0.668461978 0.267879993
vt 0.728563011 0.369980991
vt 0.728595972 0.26789999
vt 0.710686982 0.613478005
vt 0.688629985 0.613478005
vt 0.688629985 0.630702972
vt 0.710686982 0.630702972
vt 0.692048013 0.0416870005
vt 0.692048013 0.0135089997
vt 0.426874995 0.0135080004
vt 0.426874995 0.0416870005
vt 0.426874995 0.0698660016
vt 0.692048013 0.0698660016
vt 0.426874995 0.0980449989
vt 0.692048013 0.0980449989
vt 0.692048013 0.126222998
vt 0.426874995 0.126222998
vt 0.692048013 0.154402003
vt 0.426874995 0.154402003
vt 0.692048013 0.182580993
vt 0.426874995 0.182580993
vt 0.426874995 0.210759997
vt 0.692048013 0.210758999
vt 0.426874995 0.238938004
vt 0.692048013 0.238938004
vt 0.939538002 0.635331988
vt 0.962608993 0.570439994
vt 0.939553022 0.59088397
vt 0.962580025 0.655791998
vt 0.206044003 0.941829026
vt 0.229115993 0.876936018
vt 0.206073999 0.856476009
vt 0.229101002 0.921383977
vt 0.377438009 0.658969998
vt 0.377438009 0.689785004
vt 0.67761302 0.689785004
vt 0.67761302 0.658968985
vt 0.452897012 0.891465008
vt 0.377436996 0.801642001
vt 0.377436996 0.891465008
vt 0.452897012 0.801642001
vt 0.598644972 0.891465008
vt 0.598644972 0.801642001
vt 0.608228028 0.574105978
vt 0.668362021 0.574124992
vt 0.668394983 0.472043008
vt 0.608259976 0.472023994
vt 0.619089007 0.456919014
vt 0.60829401 0.369940996
vt 0.657576025 0.456930995
vt 0.619113028 0.385053009
vt 0.657598972 0.385066003
vt 0.619122982 0.354837
vt 0.608328998 0.267859012
vt 0.619147003 0.282970995
vt 0.657633007 0.282983989
vt 0.668461978 0.267879993
vt 0.657608986 0.354849011
vt 0.357369989 0.30489701
vt 0.213547006 0.448006004
vt 0.357239008 0.423617005
vt 0.138087004 0.447923005
vt 0.0395030007 0.304545999
vt 0.0393449999 0.447813988
vt 0.00767700002 0.567327976
vt 0.104257002 0.587881029
vt 0.737856984 0.289424002
vt 0.737856984 0.413062006
vt 0.827679992 0.413062006
vt 0.827681005 0.289424002
vt 0.945132017 0.46844101
vt 0.926105976 0.46844101
vt 0.926105976 0.526054978
vt 0.945132017 0.526054978
vt 0.926105976 0.348239005
vt 0.926105022 0.405853003
vt 0.945132017 0.405853003
vt 0.945132017 0.348239005
vt 0.945132017 0.285652012
vt 0.926105976 0.285650998
vt 0.926105976 0.348239005
vt 0.945132017 0.348239005
vt 0.915087998 0.526054978
vt 0.89982599 0.400902987
vt 0.853959978 0.400902987
vt 0.83869803 0.526054978
vt 0.977262974 0.815976024
vt 0.936671019 0.815976024
vt 0.936671019 0.942054987
vt 0.977262974 0.942054987
vt 0.929472983 0.137675002
vt 0.888881028 0.137675002
vt 0.888881028 0.26375401
vt 0.929472983 0.26375401
vt 0.686052978 0.926793993
vt 0.670790017 0.801642001
vt 0.624924004 0.801642001
vt 0.609661996 0.926793993
vt 0.417100012 0.902481973
vt 0.417100012 0.948348999
vt 0.457693011 0.948348999
vt 0.457693011 0.902481973
vt 0.973608971 0.268909007
vt 0.991792977 0.268907994
vt 0.991792977 0.211294994
vt 0.973608017 0.211294994
vt 0.695303977 0.700802028
vt 0.377436996 0.700802028
vt 0.377436996 0.790624976
vt 0.69530499 0.790624976
vt 0.973608017 0.148707002
vt 0.991792023 0.148707002
vt 0.991792023 0.0910929963
vt 0.973607004 0.0910929963
vt 0.991792977 0.211294994
vt 0.991792023 0.148707002
vt 0.973608017 0.148707002
vt 0.973608017 0.211294994
vt 0.973607004 0.0910929963
vt 0.991792023 0.0910929963
vt 0.991792023 0.0285049994
vt 0.973608017 0.0285049994
vt 0.305685014 0.637624979
vt 0.00550899981 0.637624979
vt 0.00550899981 0.682072997
vt 0.305685014 0.682072997
vt 0.142712995 0.941829026
vt 0.165785 0.876936018
vt 0.142743006 0.856476009
vt 0.165769994 0.921383977
vt 0.00550800003 0.712888002
vt 0.305685014 0.712888002
vt 0.305685014 0.682072997
vt 0.00550899981 0.682072997
vt 0.343364 0.627254009
vt 0.366391003 0.692161977
vt 0.366420001 0.60680902
vt 0.343347996 0.671702027
vt 0.00550899981 0.637624979
vt 0.305685014 0.637624979
vt 0.305685014 0.60680902
vt 0.00550899981 0.60680902
vt 0.475564986 0.902481973
vt 0.475564986 0.909336984
vt 0.591789007 0.909336984
vt 0.591789007 0.902481973
vt 0.591789007 0.909336984
vt 0.475564986 0.909336984
vt 0.475564986 0.945024014
vt 0.591789007 0.945024014
vt 0.468710005 0.945024014
vt 0.475564986 0.945024014
vt 0.475564986 0.909336984
vt 0.468710005 0.909336984
vt 0.591789007 0.951879978
vt 0.591789007 0.945024014
vt 0.475564986 0.945024014
vt 0.475564986 0.951879978
vt 0.598644972 0.909336984
vt 0.591789007 0.909336984
vt 0.591789007 0.945024014
vt 0.598644972 0.945024014
vt 0.240133002 0.892956018
vt 0.366320997 0.892956018
vt 0.366320997 0.874715984
vt 0.240133002 0.874715984
vt 0.895190001 0.689785004
vt 0.895190001 0.66772902
vt 0.797419012 0.66772902
vt 0.797419012 0.689785004
vt 0.688629985 0.613478005
vt 0.710686982 0.613478005
vt 0.710686982 0.600928009
vt 0.688630998 0.600928009
vt 0.040070001 0.960847974
vt 0.0178180002 0.960847974
vt 0.0178180002 0.973508
vt 0.040070001 0.973508
vt 0.688630998 0.583702981
vt 0.688630998 0.600928009
vt 0.710686982 0.600928009
vt 0.710686982 0.583702981
vt 0.906727016 0.341782004
vt 0.886802018 0.321857005
vt 0.906727016 0.369960994
vt 0.858623028 0.321857005
vt 0.83869803 0.341782004
vt 0.83869803 0.369960994
vt 0.858623028 0.389885992
vt 0.886802018 0.389885992
vt 0.377436996 0.583707988
vt 0.377438009 0.614522994
vt 0.67761302 0.614517987
vt 0.67761302 0.583702981
vt 0.427852988 0.471964985
vt 0.367684007 0.574029982
vt 0.42782101 0.574048996
vt 0.417034 0.456853002
vt 0.367716998 0.471946001
vt 0.427886993 0.369881004
vt 0.378547013 0.456840992
vt 0.367749989 0.369861007
vt 0.417057008 0.384986013
vt 0.37856999 0.38497299
vt 0.417066991 0.354768991
vt 0.427920997 0.26779601
vt 0.378580004 0.354755998
vt 0.417091995 0.282900989
vt 0.378605008 0.282887995
vt 0.367785007 0.267776012
vt 0.827681005 0.511803985
vt 0.827679992 0.413062006
vt 0.737856984 0.413062006
vt 0.737857997 0.511803985
vt 0.827679992 0.655793011
vt 0.827681005 0.511803985
vt 0.737857997 0.511803985
vt 0.737856984 0.655791998
vt 0.926105022 0.405853003
vt 0.926105976 0.46844101
vt 0.945132017 0.46844101
vt 0.945132017 0.405853003
vt 0.306185007 0.845458984
vt 0.366320997 0.845458984
vt 0.366320997 0.790190995
vt 0.306185991 0.790190995
vt 0.597499013 0.282963008
vt 0.608328998 0.267859012
vt 0.548192978 0.267838001
vt 0.60829401 0.369940996
vt 0.559011996 0.282950014
vt 0.558987975 0.354817003
vt 0.597473979 0.354829013
vt 0.54815799 0.369920999
vt 0.597464025 0.385046005
vt 0.608259976 0.472023994
vt 0.558978021 0.385033011
vt 0.597441018 0.456912011
vt 0.558954 0.456900001
vt 0.548093021 0.574087977
vt 0.608228028 0.574105978
vt 0.912415981 0.575709999
vt 0.928520977 0.655791998
vt 0.928520977 0.537072003
vt 0.83869803 0.537072003
vt 0.912415981 0.638297021
vt 0.854802012 0.575709999
vt 0.854802012 0.638297021
vt 0.83869803 0.655791998
vt 0.773697972 0.131281003
vt 0.847415984 0.148775995
vt 0.831310987 0.131281003
vt 0.831310987 0.0686929971
vt 0.757592976 0.148775995
vt 0.847415984 0.00550800003
vt 0.773697972 0.0686929971
vt 0.757592976 0.00550800003
vt 0.667719007 0.654588997
vt 0.67761302 0.614517987
vt 0.667717993 0.618898988
vt 0.551487029 0.618902028
vt 0.67761302 0.658968985
vt 0.377438009 0.614522994
vt 0.551487029 0.654587984
vt 0.377438009 0.658969998
vt 0.796525002 0.700802028
vt 0.807953 0.752880991
vt 0.826592028 0.752880991
vt 0.787204981 0.716943979
vt 0.787204981 0.788816988
vt 0.736388981 0.700802028
vt 0.796525002 0.804958999
vt 0.745709002 0.716943979
vt 0.745709002 0.788816988
vt 0.706322014 0.752880991
vt 0.736388981 0.804958999
vt 0.724960983 0.752880991
vn 1.000000 0.000000 -0.000000
vn 1.000000 0.000000 -0.000000
vn 1.000000 0.000000 -0.000000
vn 1.000000 0.000000 -0.000000
vn -1.000000 0.000000 -0.000000
vn -1.000000 0.000000 -0.000000
vn -1.000000 0.000000 -0.000000
vn -1.000000 0.000000 -0.000000
vn 0.866030 0.000000 -0.499992
vn 0.866030 0.000000 -0.499992
vn 0.866030 0.000000 -0.499992
vn 0.866030 0.000000 -0.499992
vn 0.866030 0.000000 0.499992
vn 0.866030 0.000000 0.499992
vn 0.866030 0.000000 0.499992
vn 0.866030 0.000000 0.499992
vn -0.866024 0.000000 -0.500002
vn -0.866024 0.000000 -0.500002
vn -0.866024 0.000000 -0.500002
vn -0.866024 0.000000 -0.500002
vn 0.000000 -1.000000 -0.000000
vn 0.000000 -1.000000 -0.000000
vn 0.000000 -1.000000 -0.000000
vn 0.000000 -1.000000 -0.000000
vn 0.000000 -1.000000 -0.000000
vn 0.000000 -1.000000 -0.000000
vn 0.000000 0.000000 -1.000000
vn 0.000000 0.000000 -1.000000
vn 0.000000 0.000000 -1.000000
vn 0.000000 0.000000 -1.000000
vn 0.000000 0.000000 1.000000
vn 0.000000 0.000000 1.000000
vn 0.000000 0.000000 1.000000
vn 0.000000 0.000000 1.000000
vn 0.000000 1.000000 -0.000000
vn 0.000000 1.000000 -0.000000
vn 0.000000 1.000000 -0.000000
vn 0.000000 1.000000 -0.000000
vn 0.000000 1.000000 -0.000000
vn 0.000000 1.000000 -0.000000
vn 0.000000 -1.000000 -0.000000
vn 0.000000 -1.000000 -0.000000
vn 0.000000 -1.000000 -0.000000
vn 0.000000 -1.000000 -0.000000
vn 0.000000 -1.000000 -0.000000
vn 0.000000 -1.000000 -0.000000
vn 0.000000 0.000000 1.000000
vn 0.000000 0.000000 1.000000
vn 0.000000 0.000000 1.000000
vn 0.000000 0.000000 1.000000
vn -0.866023 0.000000 -0.500004
vn -0.866024 0.000000 -0.500002
vn -0.866023 0.000000 -0.500004
vn -0.866023 0.000000 -0.500004
vn -0.866022 0.000000 -0.500006
vn -0.866023 0.000000 -0.500003
vn -0.866023 0.000000 -0.500005
vn -0.866023 0.000000 -0.500004
vn -0.866022 0.000000 -0.500006
vn -0.866023 0.000000 -0.500005
vn -0.866023 0.000000 -0.500005
vn -0.866023 0.000000 -0.500004
vn -0.866023 0.000000 -0.500004
vn -0.866023 0.000000 -0.500005
vn -0.866023 0.000000 -0.500004
vn 0.000000 0.000000 1.000000
vn 0.000000 0.000000 1.000000
vn 0.000000 0.000000 1.000000
vn 0.000000 0.000000 1.000000
vn 0.000000 0.000000 1.000000
vn 0.000000 0.000000 1.000000
vn 0.000000 0.000000 1.000000
vn 0.000000 0.000000 1.000000
vn -1.000000 0.000000 -0.000000
vn -1.000000 0.000000 -0.000000
vn -1.000000 0.000000 -0.000000
vn -1.000000 0.000000 -0.000000
vn -1.000000 0.000000 -0.000000
vn -1.000000 0.000000 -0.000000
vn -1.000000 0.000000 -0.000000
vn -1.000000 0.000000 -0.000000
vn 0.000000 0.000000 -1.000000
vn 0.000000 0.000000 -1.000000
vn 0.000000 0.000000 -1.000000
vn 0.000000 0.000000 -1.000000
vn 0.000000 0.000000 -1.000000
vn 0.000000 0.000000 -1.000000
vn 0.000000 0.000000 -1.000000
vn 0.000000 0.000000 -1.000000
vn 0.000000 0.000000 -1.000000
vn 0.000000 0.000000 -1.000000
vn -0.500001 0.000000 -0.866025
vn -0.500001 0.000000 -0.866025
vn -0.500001 0.000000 -0.866025
vn -0.500001 0.000000 -0.866025
vn 0.000000 1.000000 -0.000000
vn 0.000000 1.000000 -0.000000
vn 0.000000 1.000000 -0.000000
vn 0.000000 1.000000 -0.000000
vn 0.500001 0.000000 0.866025
vn 0.500001 0.000000 0.866025
vn 0.500001 0.000000 0.866025
vn 0.500001 0.000000 0.866025
vn 0.000000 -1.000000 -0.000000
vn 0.000000 -1.000000 -0.000000
vn 0.000000 -1.000000 -0.000000
vn 0.000000 -1.000000 -0.000000
vn -0.500001 0.000000 -0.866025
vn -0.500001 0.000000 -0.866025
vn -0.500001 0.000000 -0.866025
vn -0.500001 0.000000 -0.866025
vn 0.000000 1.000000 -0.000000
vn 0.000000 1.000000 -0.000000
vn 0.000000 1.000000 -0.000000
vn 0.000000 1.000000 -0.000000
vn 0.500001 0.000000 0.866025
vn 0.500001 0.000000 0.866025
vn 0.500001 0.000000 0.866025
vn 0.500001 0.000000 0.866025
vn 0.000000 -1.000000 -0.000000
vn 0.000000 -1.000000 -0.000000
vn 0.000000 -1.000000 -0.000000
vn 0.000000 -1.000000 -0.000000
vn 0.500001 0.000000 -0.866025
vn 0.500001 0.000000 -0.866025
vn 0.500001 0.000000 -0.866025
vn 0.500001 0.000000 -0.866025
vn 0.000000 1.000000 -0.000000
vn 0.000000 1.000000 -0.000000
vn 0.000000 1.000000 -0.000000
vn 0.000000 1.000000 -0.000000
vn -0.500001 0.000000 0.866025
vn -0.500001 0.000000 0.866025
vn -0.500001 0.000000 0.866025
vn -0.500001 0.000000 0.866025
vn 0.000000 -1.000000 -0.000000
vn 0.000000 -1.000000 -0.000000
vn 0.000000 -1.000000 -0.000000
vn 0.000000 -1.000000 -0.000000
vn 0.500001 0.000000 -0.866025
vn 0.500001 0.000000 -0.866025
vn 0.500001 0.000000 -0.866025
vn 0.500001 0.000000 -0.866025
vn 0.000000 1.000000 -0.000000
vn 0.000000 1.000000 -0.000000
vn 0.000000 1.000000 -0.000000
vn 0.000000 1.000000 -0.000000
vn -0.500001 0.000000 0.866025
vn -0.500001 0.000000 0.866025
vn -0.500001 0.000000 0.866025
vn -0.500001 0.000000 0.866025
vn 0.000000 -1.000000 -0.000000
vn 0.000000 -1.000000 -0.000000
vn 0.000000 -1.000000 -0.000000
vn 0.000000 -1.000000 -0.000000
vn -0.500001 0.000000 0.866025
vn -0.500001 0.000000 0.866025
vn -0.500001 0.000000 0.866025
vn -0.500001 0.000000 0.866025
vn 0.000000 1.000000 -0.000000
vn 0.000000 1.000000 -0.000000
vn 0.000000 1.000000 -0.000000
vn 0.000000 1.000000 -0.000000
vn 0.500001 0.000000 -0.866025
vn 0.500001 0.000000 -0.866025
vn 0.500001 0.000000 -0.866025
vn 0.500001 0.000000 -0.866025
vn 0.000000 -1.000000 -0.000000
vn 0.000000 -1.000000 -0.000000
vn 0.000000 -1.000000 -0.000000
vn 0.000000 -1.000000 -0.000000
vn -0.500001 0.000000 0.866025
vn -0.500001 0.000000 0.866025
vn -0.500001 0.000000 0.866025
vn -0.500001 0.000000 0.866025
vn 0.000000 1.000000 -0.000000
vn 0.000000 1.000000 -0.000000
vn 0.000000 1.000000 -0.000000
vn 0.000000 1.000000 -0.000000
vn 0.500001 0.000000 -0.866025
vn 0.500001 0.000000 -0.866025
vn 0.500001 0.000000 -0.866025
vn 0.500001 0.000000 -0.866025
vn 0.000000 -1.000000 -0.000000
vn 0.000000 -1.000000 -0.000000
vn 0.000000 -1.000000 -0.000000
vn 0.000000 -1.000000 -0.000000
vn 0.500001 0.000000 0.866025
vn 0.500001 0.000000 0.866025
vn 0.500001 0.000000 0.866025
vn 0.500001 0.000000 0.866025
vn 0.000000 1.000000 -0.000000
vn 0.000000 1.000000 -0.000000
vn 0.000000 1.000000 -0.000000
vn 0.000000 1.000000 -0.000000
vn -0.500001 0.000000 -0.866025
vn -0.500001 0.000000 -0.866025
vn -0.500001 0.000000 -0.866025
vn -0.500001 0.000000 -0.866025
vn 0.000000 -1.000000 -0.000000
vn 0.000000 -1.000000 -0.000000
vn 0.000000 -1.000000 -0.000000
vn 0.000000 -1.000000 -0.000000
vn 0.500001 0.000000 0.866025
vn 0.500001 0.000000 0.866025
vn 0.500001 0.000000 0.866025
vn 0.500001 0.000000 0.866025
vn 0.000000 1.000000 -0.000000
vn 0.000000 1.000000 -0.000000
vn 0.000000 1.000000 -0.000000
vn 0.000000 1.000000 -0.000000
vn -0.500001 0.000000 -0.866025
vn -0.500001 0.000000 -0.866025
vn -0.500001 0.000000 -0.866025
vn -0.500001 0.000000 -0.866025
vn 0.000000 -1.000000 -0.000000
vn 0.000000 -1.000000 -0.000000
vn 0.000000 -1.000000 -0.000000
vn 0.000000 -1.000000 -0.000000
vn 0.866030 0.000000 -0.499992
vn 0.866030 0.000000 -0.499992
vn 0.866030 0.000000 -0.499992
vn 0.866030 0.000000 -0.499992
vn 0.000000 0.000000 -1.000000
vn 0.000000 0.000000 -1.000000
vn 0.000000 0.000000 -1.000000
vn 0.000000 0.000000 -1.000000
vn -0.866024 0.000000 -0.500002
vn -0.866024 0.000000 -0.500002
vn -0.866024 0.000000 -0.500002
vn -0.866024 0.000000 -0.500002
vn -0.866024 0.000000 0.500002
vn -0.866024 0.000000 0.500002
vn -0.866024 0.000000 0.500002
vn -0.866024 0.000000 0.500002
vn 0.000000 -1.000000 -0.000000
vn 0.000000 -1.000000 -0.000000
vn 0.000000 -1.000000 -0.000000
vn 0.000000 -1.000000 -0.000000
vn 0.000000 -1.000000 -0.000000
vn 0.000000 -1.000000 -0.000000
vn 0.866030 0.000000 0.499992
vn 0.866030 0.000000 0.499992
vn 0.866030 0.000000 0.499992
vn 0.866030 0.000000 0.499992
vn 0.000000 0.000000 1.000000
vn 0.000000 0.000000 1.000000
vn 0.000000 0.000000 1.000000
vn 0.000000 0.000000 1.000000
vn 0.000000 1.000000 -0.000000
vn 0.000000 1.000000 -0.000000
vn 0.000000 1.000000 -0.000000
vn 0.000000 1.000000 -0.000000
vn 0.000000 1.000000 -0.000000
vn 0.000000 1.000000 -0.000000
vn 1.000000 0.000000 -0.000000
vn 1.000000 0.000000 -0.000000
vn 1.000000 0.000000 -0.000000
vn 1.000000 0.000000 -0.000000
vn 0.000000 0.000000 1.000000
vn 0.000000 0.000000 1.000000
vn 0.000000 0.000000 1.000000
vn 0.000000 0.000000 1.000000
vn 0.000000 0.000000 -1.000000
vn 0.000000 0.000000 -1.000000
vn 0.000000 0.000000 -1.000000
vn 0.000000 0.000000 -1.000000
vn -0.331874 -0.943324 -0.000000
vn -0.626130 -0.779719 -0.000000
vn -0.626130 -0.779719 -0.000000
vn -0.331874 -0.943324 -0.000000
vn 0.331874 0.943324 -0.000000
vn 0.331874 0.943324 -0.000000
vn -0.331874 0.943324 -0.000000
vn -0.331874 0.943324 -0.000000
vn 0.000000 0.000000 -1.000000
vn 0.000000 0.000000 -1.000000
vn 0.000000 0.000000 -1.000000
vn 0.000000 0.000000 -1.000000
vn 0.000000 0.000000 -1.000000
vn 0.000000 0.000000 -1.000000
vn 0.000000 0.000000 -1.000000
vn 0.000000 0.000000 -1.000000
vn -0.626129 0.779719 -0.000000
vn -0.626129 0.779719 -0.000000
vn -0.331874 0.943324 -0.000000
vn -0.331874 0.943324 -0.000000
vn 0.000000 0.000000 1.000000
vn 0.000000 0.000000 1.000000
vn 0.000000 0.000000 1.000000
vn 0.000000 0.000000 1.000000
vn 0.000000 0.000000 1.000000
vn 0.000000 0.000000 1.000000
vn 0.000000 0.000000 1.000000
vn 0.626130 -0.779719 -0.000000
vn 0.626130 -0.779719 -0.000000
vn 0.331874 -0.943324 -0.000000
vn 0.331874 -0.943324 -0.000000
vn -0.707107 0.000000 0.707107
vn 0.000000 0.000000 1.000000
vn 0.000000 0.000000 1.000000
vn -0.707107 0.000000 0.707107
vn -1.000000 0.000000 -0.000000
vn -1.000000 0.000000 -0.000000
vn -0.707107 0.000000 -0.707107
vn -0.707107 0.000000 -0.707107
vn 0.000000 0.000000 -1.000000
vn 0.000000 0.000000 -1.000000
vn 0.707107 0.000000 -0.707107
vn 0.707107 0.000000 -0.707107
vn 1.000000 0.000000 -0.000000
vn 1.000000 0.000000 -0.000000
vn 0.707107 0.000000 0.707107
vn 0.707107 0.000000 0.707107
vn 0.000000 0.000000 1.000000
vn 0.000000 0.000000 1.000000
vn 0.000000 1.000000 -0.000000
vn 0.000000 1.000000 -0.000000
vn 0.000000 1.000000 -0.000000
vn 0.000000 1.000000 -0.000000
vn 0.000000 -1.000000 -0.000000
vn 0.000000 -1.000000 -0.000000
vn 0.000000 -1.000000 -0.000000
vn 0.000000 -1.000000 -0.000000
vn -0.663718 0.000000 -0.747983
vn -0.663718 0.000000 -0.747983
vn -0.663718 0.000000 -0.747983
vn -0.663718 0.000000 -0.747983
vn 0.000000 0.084514 0.996422
vn 0.000000 0.000000 1.000000
vn 0.000000 0.000000 1.000000
vn 0.000000 0.084514 0.996422
vn 0.000000 0.168423 0.985715
vn 0.000000 0.168423 0.985715
vn 0.866030 0.000000 0.499992
vn 0.866030 0.000000 0.499992
vn 0.866025 0.000000 0.500001
vn 0.866038 0.000000 0.499978
vn 0.866047 0.000000 0.499963
vn 0.866050 0.000000 0.499957
vn 0.866025 0.000000 0.500001
vn 0.866044 0.000000 0.499968
vn 0.866025 0.000000 0.500000
vn 0.866042 0.000000 0.499970
vn 0.866047 0.000000 0.499963
vn 0.866042 0.000000 0.499971
vn 0.866025 0.000000 0.500001
vn 0.866024 0.000000 0.500003
vn 0.866023 0.000000 0.500005
vn 1.000000 0.000000 -0.000000
vn 1.000000 0.000000 -0.000000
vn 1.000000 0.000000 -0.000000
vn 1.000000 0.000000 -0.000000
vn 1.000000 0.000000 -0.000000
vn 1.000000 0.000000 -0.000000
vn 1.000000 0.000000 -0.000000
vn 1.000000 0.000000 -0.000000
vn 0.000000 -0.996325 -0.085653
vn 0.000000 -0.966924 -0.255064
vn 0.000000 -0.966924 -0.255064
vn 0.000000 -0.996325 -0.085653
vn 0.000000 0.000000 1.000000
vn 0.000000 0.000000 1.000000
vn 0.000000 0.000000 1.000000
vn 0.000000 0.000000 1.000000
vn 0.000000 0.000000 -1.000000
vn 0.000000 0.000000 -1.000000
vn 0.000000 0.000000 -1.000000
vn 0.000000 0.000000 -1.000000
vn -1.000000 0.000000 -0.000000
vn -1.000000 0.000000 -0.000000
vn -1.000000 0.000000 -0.000000
vn -1.000000 0.000000 -0.000000
vn 0.000000 1.000000 -0.000000
vn 0.000000 1.000000 -0.000000
vn 0.000000 1.000000 -0.000000
vn 0.000000 1.000000 -0.000000
vn 0.992646 0.000000 0.121055
vn 0.992646 0.000000 0.121055
vn 0.992646 0.000000 0.121055
vn 0.992646 0.000000 0.121055
vn -0.992647 0.000000 0.121048
vn -0.992647 0.000000 0.121048
vn -0.992647 0.000000 0.121048
vn -0.992647 0.000000 0.121048
vn 0.000000 -1.000000 -0.000000
vn 0.000000 -1.000000 -0.000000
vn 0.000000 -1.000000 -0.000000
vn 0.000000 -1.000000 -0.000000
vn 0.000000 0.000000 1.000000
vn 0.000000 0.000000 1.000000
vn 0.000000 0.000000 1.000000
vn 0.000000 0.000000 1.000000
vn 0.000000 0.000000 1.000000
vn 0.000000 0.000000 1.000000
vn 0.000000 0.000000 1.000000
vn 0.000000 0.000000 1.000000
vn 0.000000 0.000000 -1.000000
vn 0.000000 0.000000 -1.000000
vn 0.000000 0.000000 -1.000000
vn 0.000000 0.000000 -1.000000
vn 0.000000 0.000000 -1.000000
vn 0.000000 0.000000 -1.000000
vn 0.000000 0.000000 -1.000000
vn 0.000000 0.000000 -1.000000
vn 1.000000 0.000000 -0.000000
vn 1.000000 0.000000 -0.000000
vn 1.000000 0.000000 -0.000000
vn 1.000000 0.000000 -0.000000
vn -1.000000 0.000000 -0.000000
vn -1.000000 0.000000 -0.000000
vn -1.000000 0.000000 -0.000000
vn -1.000000 0.000000 -0.000000
vn 1.000000 0.000000 -0.000000
vn 1.000000 0.000000 -0.000000
vn 1.000000 0.000000 -0.000000
vn 1.000000 0.000000 -0.000000
vn 0.000000 1.000000 -0.000000
vn 0.000000 1.000000 -0.000000
vn 0.000000 1.000000 -0.000000
vn 0.000000 1.000000 -0.000000
vn 0.663704 0.000000 0.747995
vn 0.663704 0.000000 0.747995
vn 0.663704 0.000000 0.747995
vn 0.663704 0.000000 0.747995
vn 0.000000 -1.000000 -0.000000
vn 0.000000 -1.000000 -0.000000
vn 0.000000 -1.000000 -0.000000
vn 0.000000 -1.000000 -0.000000
vn 0.663704 0.000000 -0.747995
vn 0.663704 0.000000 -0.747995
vn 0.663704 0.000000 -0.747995
vn 0.663704 0.000000 -0.747995
vn 0.000000 0.000000 -1.000000
vn 0.000000 0.000000 -1.000000
vn 0.000000 0.000000 -1.000000
vn 0.000000 0.000000 -1.000000
vn -1.000000 0.000000 -0.000000
vn -1.000000 0.000000 -0.000000
vn -1.000000 0.000000 -0.000000
vn -1.000000 0.000000 -0.000000
vn 0.000000 1.000000 -0.000000
vn 0.000000 1.000000 -0.000000
vn 0.000000 1.000000 -0.000000
vn 0.000000 1.000000 -0.000000
vn 0.000000 0.000000 1.000000
vn 0.000000 0.000000 1.000000
vn 0.000000 0.000000 1.000000
vn 0.000000 0.000000 1.000000
vn 0.000000 -1.000000 -0.000000
vn 0.000000 -1.000000 -0.000000
vn 0.000000 -1.000000 -0.000000
vn 0.000000 -1.000000 -0.000000
vn -1.000000 0.000000 -0.000000
vn -1.000000 0.000000 -0.000000
vn -1.000000 0.000000 -0.000000
vn -1.000000 0.000000 -0.000000
vn -0.331874 -0.943324 -0.000000
vn -0.331874 -0.943324 -0.000000
vn 0.331874 -0.943324 -0.000000
vn 0.331874 -0.943324 -0.000000
vn 1.000000 0.000000 -0.000000
vn 1.000000 0.000000 -0.000000
vn 1.000000 0.000000 -0.000000
vn 1.000000 0.000000 -0.000000
vn -1.000000 0.000000 -0.000000
vn -1.000000 0.000000 -0.000000
vn -1.000000 0.000000 -0.000000
vn -1.000000 0.000000 -0.000000
vn 0.331874 0.943324 -0.000000
vn 0.626129 0.779719 -0.000000
vn 0.626129 0.779719 -0.000000
vn 0.331874 0.943324 -0.000000
vn 0.000000 1.000000 -0.000000
vn 0.000000 1.000000 -0.000000
vn 0.000000 1.000000 -0.000000
vn 0.000000 1.000000 -0.000000
vn 0.000000 1.000000 -0.000000
vn 0.000000 1.000000 -0.000000
vn 0.000000 1.000000 -0.000000
vn 0.000000 1.000000 -0.000000
vn -0.663718 0.000000 0.747983
vn -0.663718 0.000000 0.747983
vn -0.663718 0.000000 0.747983
vn -0.663718 0.000000 0.747983
vn -0.866023 0.000000 0.500004
vn -0.866024 0.000000 0.500002
vn -0.866024 0.000000 0.500002
vn -0.866023 0.000000 0.500004
vn -0.866024 0.000000 0.500003
vn -0.866023 0.000000 0.500005
vn -0.866023 0.000000 0.500004
vn -0.866022 0.000000 0.500005
vn -0.866023 0.000000 0.500004
vn -0.866024 0.000000 0.500003
vn -0.866023 0.000000 0.500004
vn -0.866023 0.000000 0.500005
vn -0.866023 0.000000 0.500004
vn -0.866023 0.000000 0.500004
vn -0.866023 0.000000 0.500005
vn -0.866023 0.000000 0.500004
vn 0.000000 -0.207068 0.978327
vn 0.000000 -0.207068 0.978327
vn 0.000000 -0.207068 0.978327
vn 0.000000 -0.207068 0.978327
vn 0.000000 0.972266 0.233878
vn 0.000000 0.972266 0.233878
vn 0.000000 0.972266 0.233878
vn 0.000000 0.972266 0.233878
vn 1.000000 0.000000 -0.000000
vn 1.000000 0.000000 -0.000000
vn 1.000000 0.000000 -0.000000
vn 1.000000 0.000000 -0.000000
vn -0.866024 0.000000 0.500002
vn -0.866024 0.000000 0.500002
vn -0.866024 0.000000 0.500002
vn -0.866024 0.000000 0.500002
vn 0.866047 0.000000 -0.499963
vn 0.866042 0.000000 -0.499971
vn 0.866024 0.000000 -0.500003
vn 0.866050 0.000000 -0.499957
vn 0.866025 0.000000 -0.500001
vn 0.866025 0.000000 -0.500001
vn 0.866044 0.000000 -0.499968
vn 0.866022 0.000000 -0.500005
vn 0.866042 0.000000 -0.499971
vn 0.866042 0.000000 -0.499971
vn 0.866023 0.000000 -0.500004
vn 0.866041 0.000000 -0.499974
vn 0.866025 0.000000 -0.500001
vn 0.866026 0.000000 -0.499998
vn 0.866031 0.000000 -0.499990
vn 0.000000 1.000000 -0.000000
vn 0.000000 1.000000 -0.000000
vn 0.000000 1.000000 -0.000000
vn 0.000000 1.000000 -0.000000
vn 0.000000 1.000000 -0.000000
vn 0.000000 1.000000 -0.000000
vn 0.000000 1.000000 -0.000000
vn 0.000000 1.000000 -0.000000
vn 0.000000 -1.000000 -0.000000
vn 0.000000 -1.000000 -0.000000
vn 0.000000 -1.000000 -0.000000
vn 0.000000 -1.000000 -0.000000
vn 0.000000 -1.000000 -0.000000
vn 0.000000 -0.996325 -0.085653
vn 0.000000 -1.000000 -0.000000
vn 0.000000 -0.996325 -0.085653
vn -1.000000 0.000000 -0.000000
vn -1.000000 0.000000 -0.000000
vn -1.000000 0.000000 -0.000000
vn -1.000000 0.000000 -0.000000
vn -1.000000 0.000000 -0.000000
vn -1.000000 0.000000 -0.000000
vn -1.000000 0.000000 -0.000000
vn -1.000000 0.000000 -0.000000
vn 0.000000 1.000000 -0.000000
vn 0.000000 1.000000 -0.000000
vn 0.000000 1.000000 -0.000000
vn 0.000000 1.000000 -0.000000
vn 0.000000 1.000000 -0.000000
vn 0.000000 1.000000 -0.000000
vn 0.000000 1.000000 -0.000000
vn 0.000000 1.000000 -0.000000
vn 0.000000 1.000000 -0.000000
vn 0.000000 1.000000 -0.000000
vn 0.000000 1.000000 -0.000000
vn 0.000000 1.000000 -0.000000
f 1/1/1 2/2/2 3/3/3
f 1/1/1 3/3/3 4/4/4
f 5/5/5 6/6/6 7/7/7
f 5/5/5 7/7/7 8/8/8
f 9/9/9 10/10/10 11/11/11
f 9/9/9 11/11/11 12/12/12
f 13/13/13 14/14/14 15/15/15
f 13/13/13 15/15/15 16/16/16
f 17/17/17 18/18/18 19/19/19
f 17/17/17 19/19/19 20/20/20
f 21/21/21 22/22/22 23/23/23
f 21/21/21 23/23/23 24/24/24
f 21/21/21 24/24/24 25/25/25
f 24/24/24 23/23/23 26/26/26
f 27/27/27 28/28/28 29/29/29
f 27/27/27 29/29/29 30/30/30
f 31/31/31 32/32/32 33/33/33
f 31/31/31 33/33/33 34/34/34
f 35/35/35 36/36/36 37/37/37
f 38/38/38 36/36/36 35/35/35
f 38/38/38 35/35/35 39/39/39
f 38/38/38 39/39/39 40/40/40
f 41/41/41 42/42/42 43/43/43
f 41/41/41 43/43/43 44/44/44
f 43/43/43 45/45/45 44/44/44
f 43/43/43 46/46/46 45/45/45
f 47/47/47 48/48/48 49/49/49
f 47/47/47 49/49/49 50/50/50
f 51/51/51 52/52/52 53/53/53
f 51/51/51 53/53/53 54/54/54
f 53/53/53 55/55/55 54/54/54
f 51/51/51 54/54/54 56/56/56
f 57/57/57 51/51/51 56/56/56
f 54/54/54 55/55/55 58/58/58
f 57/57/57 59/59/59 51/51/51
f 58/58/58 55/55/55 60/60/60
f 60/60/60 55/55/55 61/61/61
f 60/60/60 61/61/61 62/62/62
f 62/62/62 61/61/61 63/63/63
f 62/62/62 63/63/63 64/64/64
f 63/63/63 59/59/59 64/64/64
f 65/65/65 58/58/58 60/60/60
f 65/65/65 57/57/57 58/58/58
f 64/64/64 59/59/59 65/65/65
f 65/65/65 59/59/59 57/57/57
f 66/66/66 67/67/67 68/68/68
f 69/69/69 68/68/68 67/67/67
f 69/69/69 70/70/70 68/68/68
f 69/69/69 71/71/71 70/70/70
f 72/72/72 70/70/70 71/71/71
f 72/72/72 73/73/73 70/70/70
f 74/74/74 75/75/75 76/76/76
f 74/74/74 76/76/76 77/77/77
f 77/77/77 76/76/76 78/78/78
f 79/79/79 77/77/77 78/78/78
f 80/80/80 79/79/79 78/78/78
f 80/80/80 81/81/81 79/79/79
f 82/82/82 83/83/83 84/84/84
f 82/82/82 84/84/84 85/85/85
f 86/86/86 82/82/82 85/85/85
f 86/86/86 87/87/87 82/82/82
f 88/88/88 89/89/89 90/90/90
f 88/88/88 90/90/90 91/91/91
f 92/92/92 93/93/93 94/94/94
f 92/92/92 94/94/94 95/95/95
f 96/96/96 97/97/97 98/98/98
f 96/96/96 98/98/98 99/99/99
f 100/100/100 101/101/101 102/102/102
f 100/100/100 102/102/102 103/103/103
f 104/104/104 105/105/105 106/106/106
f 104/104/104 106/106/106 107/107/107
f 108/108/108 109/109/109 110/110/110
f 108/108/108 110/110/110 111/111/111
f 112/112/112 113/113/113 114/114/114
f 112/112/112 114/114/114 115/115/115
f 116/116/116 117/117/117 118/118/118
f 116/116/116 118/118/118 119/119/119
f 120/120/120 121/121/121 122/122/122
f 120/120/120 122/122/122 123/123/123
f 124/124/124 125/125/125 126/126/126
f 124/124/124 126/126/126 127/127/127
f 128/128/128 129/129/129 130/130/130
f 128/128/128 130/130/130 131/131/131
f 132/132/132 133/133/133 134/134/134
f 132/132/132 134/134/134 135/135/135
f 136/136/136 137/137/137 138/138/138
f 136/136/136 138/138/138 139/139/139
f 140/140/140 141/141/141 142/142/142
f 140/140/140 142/142/142 143/143/143
f 144/144/144 145/145/145 146/146/146
f 144/144/144 146/146/146 147/147/147
f 148/148/148 149/149/149 150/150/150
f 148/148/148 150/150/150 151/151/151
f 152/152/152 153/153/153 154/154/154
f 152/152/152 154/154/154 155/155/155
f 156/156/156 157/157/157 158/158/158
f 156/156/156 158/158/158 159/159/159
f 160/160/160 161/161/161 162/162/162
f 160/160/160 162/162/162 163/163/163
f 164/164/164 165/165/165 166/166/166
f 164/164/164 166/166/166 167/167/167
f 168/168/168 169/169/169 170/170/170
f 168/168/168 170/170/170 171/171/171
f 172/172/172 173/173/173 174/174/174
f 172/172/172 174/174/174 175/175/175
f 176/176/176 177/177/177 178/178/178
f 176/176/176 178/178/178 179/179/179
f 180/180/180 181/181/181 182/182/182
f 180/180/180 182/182/182 183/183/183
f 184/184/184 185/185/185 186/186/186
f 184/184/184 186/186/186 187/187/187
f 188/188/188 189/189/189 190/190/190
f 188/188/188 190/190/190 191/191/191
f 192/192/192 193/193/193 194/194/194
f 192/192/192 194/194/194 195/195/195
f 196/196/196 197/197/197 198/198/198
f 196/196/196 198/198/198 199/199/199
f 200/200/200 201/201/201 202/202/202
f 200/200/200 202/202/202 203/203/203
f 204/204/204 205/205/205 206/206/206
f 204/204/204 206/206/206 207/207/207
f 208/208/208 209/209/209 210/210/210
f 208/208/208 210/210/210 211/211/211
f 212/212/212 213/213/213 214/214/214
f 212/212/212 214/214/214 215/215/215
f 216/216/216 217/217/217 218/218/218
f 216/216/216 218/218/218 219/219/219
f 220/220/220 221/221/221 222/222/222
f 220/220/220 222/222/222 223/223/223
f 224/224/224 225/225/225 226/226/226
f 224/224/224 226/226/226 227/227/227
f 228/228/228 229/229/229 230/230/230
f 228/228/228 230/230/230 231/231/231
f 232/232/232 233/233/233 234/234/234
f 232/232/232 234/234/234 235/235/235
f 236/236/236 237/237/237 238/238/238
f 236/236/236 238/238/238 239/239/239
f 240/240/240 236/236/236 239/239/239
f 240/240/240 241/241/241 236/236/236
f 242/242/242 243/243/243 244/244/244
f 242/242/242 244/244/244 245/245/245
f 246/246/246 247/247/247 248/248/248
f 246/246/246 248/248/248 249/249/249
f 250/250/250 251/251/251 252/252/252
f 253/253/253 251/251/251 250/250/250
f 253/253/253 250/250/250 254/254/254
f 253/253/253 254/254/254 255/255/255
f 256/256/256 257/257/257 258/258/258
f 256/256/256 258/258/258 259/259/259
f 260/260/260 261/261/261 262/262/262
f 260/260/260 262/262/262 263/263/263
f 264/264/264 265/265/265 266/266/266
f 264/264/264 266/266/266 267/267/267
f 268/268/268 269/269/269 270/270/270
f 268/268/268 270/270/270 271/271/271
f 272/272/272 273/273/273 274/274/274
f 272/272/272 274/274/274 275/275/275
f 276/276/276 277/277/277 278/278/278
f 276/276/276 278/278/278 279/279/279
f 276/276/276 279/279/279 280/280/280
f 278/278/278 281/281/281 279/279/279
f 278/278/278 282/282/282 281/281/281
f 278/278/278 283/283/283 282/282/282
f 284/284/284 285/285/285 286/286/286
f 284/284/284 286/286/286 287/287/287
f 288/288/288 289/289/289 290/290/290
f 288/288/288 290/290/290 291/291/291
f 292/292/292 291/291/291 290/290/290
f 292/292/292 290/290/290 293/293/293
f 292/292/292 293/293/293 294/294/294
f 295/295/295 296/296/296 297/297/297
f 295/295/295 297/297/297 298/298/298
f 299/299/299 300/300/300 301/301/301
f 299/299/299 301/301/301 302/302/302
f 299/299/299 302/302/302 303/303/303
f 299/299/299 303/303/303 304/304/304
f 304/304/304 303/303/303 305/305/305
f 304/304/304 305/305/305 306/306/306
f 307/307/307 306/306/306 305/305/305
f 307/307/307 305/305/305 308/308/308
f 309/309/309 307/307/307 308/308/308
f 309/309/309 308/308/308 310/310/310
f 311/311/311 309/309/309 310/310/310
f 311/311/311 310/310/310 312/312/312
f 311/311/311 312/312/312 313/313/313
f 311/311/311 313/313/313 314/314/314
f 314/314/314 313/313/313 315/315/315
f 314/314/314 315/315/315 316/316/316
f 317/317/317 318/318/318 319/319/319
f 320/320/320 318/318/318 317/317/317
f 321/321/321 322/322/322 323/323/323
f 324/324/324 322/322/322 321/321/321
f 325/325/325 326/326/326 327/327/327
f 325/325/325 327/327/327 328/328/328
f 329/329/329 330/330/330 331/331/331
f 329/329/329 332/332/332 330/330/330
f 333/333/333 332/332/332 329/329/329
f 333/333/333 334/334/334 332/332/332
f 335/335/335 336/336/336 337/337/337
f 335/335/335 337/337/337 338/338/338
f 337/337/337 339/339/339 338/338/338
f 338/338/338 339/339/339 340/340/340
f 337/337/337 341/341/341 339/339/339
f 340/340/340 339/339/339 342/342/342
f 337/337/337 343/343/343 341/341/341
f 342/342/342 344/344/344 340/340/340
f 342/342/342 343/343/343 344/344/344
f 340/340/340 344/344/344 345/345/345
f 345/345/345 344/344/344 346/346/346
f 345/345/345 346/346/346 347/347/347
f 345/345/345 347/347/347 348/348/348
f 344/344/344 343/343/343 349/349/349
f 349/349/349 343/343/343 337/337/337
f 349/349/349 348/348/348 347/347/347
f 337/337/337 348/348/348 349/349/349
f 350/350/350 351/351/351 352/352/352
f 353/353/353 351/351/351 350/350/350
f 353/353/353 350/350/350 354/354/354
f 353/353/353 354/354/354 355/355/355
f 356/356/356 353/353/353 355/355/355
f 356/356/356 357/357/357 353/353/353
f 358/358/358 359/359/359 360/360/360
f 358/358/358 360/360/360 361/361/361
f 362/362/362 363/363/363 364/364/364
f 362/362/362 364/364/364 365/365/365
f 366/366/366 367/367/367 368/368/368
f 366/366/366 368/368/368 369/369/369
f 370/370/370 371/371/371 372/372/372
f 370/370/370 372/372/372 373/373/373
f 374/374/374 375/375/375 376/376/376
f 374/374/374 376/376/376 377/377/377
f 378/378/378 379/379/379 380/380/380
f 378/378/378 380/380/380 381/381/381
f 382/382/382 383/383/383 384/384/384
f 382/382/382 384/384/384 385/385/385
f 386/386/386 387/387/387 388/388/388
f 386/386/386 388/388/388 389/389/389
f 390/390/390 391/391/391 392/392/392
f 390/390/390 392/392/392 393/393/393
f 394/394/394 395/395/395 396/396/396
f 394/394/394 396/396/396 397/397/397
f 398/398/398 399/399/399 400/400/400
f 398/398/398 400/400/400 401/401/401
f 402/402/402 403/403/403 404/404/404
f 402/402/402 404/404/404 405/405/405
f 406/406/406 407/407/407 408/408/408
f 406/406/406 408/408/408 409/409/409
f 410/410/410 411/411/411 412/412/412
f 410/410/410 412/412/412 413/413/413
f 414/414/414 415/415/415 416/416/416
f 414/414/414 416/416/416 417/417/417
f 418/418/418 419/419/419 420/420/420
f 421/421/421 419/419/419 418/418/418
f 422/422/422 423/423/423 424/424/424
f 422/422/422 424/424/424 425/425/425
f 426/426/426 427/427/427 428/428/428
f 429/429/429 427/427/427 426/426/426
f 430/430/430 431/431/431 432/432/432
f 430/430/430 432/432/432 433/433/433
f 434/434/434 435/435/435 436/436/436
f 434/434/434 436/436/436 437/437/437
f 438/438/438 439/439/439 440/440/440
f 438/438/438 440/440/440 441/441/441
f 442/442/442 443/443/443 444/444/444
f 442/442/442 444/444/444 445/445/445
f 446/446/446 447/447/447 448/448/448
f 446/446/446 448/448/448 449/449/449
f 450/450/450 451/451/451 452/452/452
f 450/450/450 452/452/452 453/453/453
f 454/454/454 455/455/455 456/456/456
f 454/454/454 456/456/456 457/457/457
f 458/458/458 459/459/459 460/460/460
f 458/458/458 460/460/460 461/461/461
f 462/462/462 463/463/463 464/464/464
f 462/462/462 464/464/464 465/465/465
f 466/466/466 467/467/467 468/468/468
f 466/466/466 468/468/468 469/469/469
f 470/470/470 471/471/471 472/472/472
f 470/470/470 472/472/472 473/473/473
f 474/474/474 475/475/475 476/476/476
f 476/476/476 475/475/475 477/477/477
f 476/476/476 477/477/477 478/478/478
f 479/479/479 476/476/476 478/478/478
f 479/479/479 480/480/480 476/476/476
f 476/476/476 480/480/480 481/481/481
f 482/482/482 483/483/483 484/484/484
f 482/482/482 484/484/484 485/485/485
f 486/486/486 487/487/487 488/488/488
f 487/487/487 486/486/486 489/489/489
f 487/487/487 489/489/489 490/490/490
f 486/486/486 491/491/491 489/489/489
f 492/492/492 490/490/490 489/489/489
f 490/490/490 492/492/492 493/493/493
f 491/491/491 494/494/494 489/489/489
f 493/493/493 492/492/492 495/495/495
f 494/494/494 491/491/491 496/496/496
f 494/494/494 496/496/496 495/495/495
f 496/496/496 493/493/493 495/495/495
f 497/497/497 496/496/496 491/491/491
f 496/496/496 498/498/498 493/493/493
f 497/497/497 499/499/499 496/496/496
f 500/500/500 493/493/493 498/498/498
f 499/499/499 497/497/497 501/501/501
f 499/499/499 501/501/501 500/500/500
f 500/500/500 501/501/501 493/493/493
f 502/502/502 503/503/503 504/504/504
f 502/502/502 504/504/504 505/505/505
f 506/506/506 507/507/507 508/508/508
f 506/506/506 508/508/508 509/509/509
f 510/510/510 511/511/511 512/512/512
f 510/510/510 512/512/512 513/513/513
f 514/514/514 515/515/515 516/516/516
f 514/514/514 516/516/516 517/517/517
f 518/518/518 519/519/519 520/520/520
f 518/518/518 521/521/521 519/519/519
f 518/518/518 520/520/520 522/522/522
f 520/520/520 523/523/523 522/522/522
f 524/524/524 521/521/521 518/518/518
f 525/525/525 523/523/523 520/520/520
f 526/526/526 521/521/521 524/524/524
f 526/526/526 524/524/524 523/523/523
f 525/525/525 526/526/526 523/523/523
f 521/521/521 526/526/526 527/527/527
f 525/525/525 528/528/528 526/526/526
f 527/527/527 526/526/526 529/529/529
f 528/528/528 525/525/525 530/530/530
f 530/530/530 527/527/527 529/529/529
f 530/530/530 525/525/525 531/531/531
f 530/530/530 532/532/532 527/527/527
f 530/530/530 531/531/531 532/532/532
f 533/533/533 534/534/534 535/535/535
f 533/533/533 535/535/535 536/536/536
f 537/537/537 534/534/534 533/533/533
f 533/533/533 536/536/536 538/538/538
f 537/537/537 539/539/539 534/534/534
f 538/538/538 536/536/536 540/540/540
f 534/534/534 539/539/539 540/540/540
f 538/538/538 540/540/540 539/539/539
f 541/541/541 542/542/542 543/543/543
f 543/543/543 542/542/542 544/544/544
f 545/545/545 542/542/542 541/541/541
f 544/544/544 542/542/542 546/546/546
f 547/547/547 545/545/545 541/541/541
f 544/544/544 546/546/546 548/548/548
f 544/544/544 548/548/548 547/547/547
f 547/547/547 548/548/548 545/545/545
f 549/549/549 550/550/550 551/551/551
f 551/551/551 550/550/550 552/552/552
f 549/549/549 553/553/553 550/550/550
f 552/552/552 550/550/550 554/554/554
f 553/553/553 549/549/549 555/555/555
f 552/552/552 554/554/554 556/556/556
f 553/553/553 555/555/555 556/556/556
f 552/552/552 556/556/556 555/555/555
f 557/557/557 558/558/558 559/559/559
f 557/557/557 560/560/560 558/558/558
f 561/561/561 559/559/559 558/558/558
f 562/562/562 560/560/560 557/557/557
f 561/561/561 563/563/563 559/559/559
f 562/562/562 564/564/564 560/560/560
f 565/565/565 563/563/563 561/561/561
f 566/566/566 564/564/564 562/562/562
f 565/565/565 567/567/567 563/563/563
f 566/566/566 568/568/568 564/564/564
f 568/568/568 567/567/567 565/565/565
f 568/568/568 566/566/566 567/567/567
