g Model_0
v 0.980957 1.125000 0.206997
v 0.980952 0.125001 1.356998
v 0.980952 1.125001 1.456997
v 0.980958 1.125000 -0.043003
v 0.980952 0.125001 1.356998
v 0.980952 0.125001 1.356998
v 0.980963 0.125000 -1.193002
v 1.230952 2.125001 1.456998
v -1.230965 2.125000 1.706989
v 1.230951 2.125001 1.706998
v -1.230965 2.125000 1.706989
v -1.230968 1.125001 2.495542
v 1.230947 1.125001 2.495550
v -0.980953 1.125000 -1.293009
v -0.980953 0.125000 -1.193009
v 0.980963 0.125000 -1.193002
v 0.980963 1.125000 -1.293002
v -0.980952 1.124999 -1.543009
v -0.980953 1.125000 -1.293009
v 0.980963 0.125000 -1.193002
v 0.980958 1.125000 -0.043003
v 0.980963 1.125000 -1.293002
v 1.230952 1.875001 1.456998
v 1.230947 1.125001 2.495550
v 1.230952 1.125001 1.456998
v 1.230958 1.125000 -0.043002
v 1.230965 1.000000 -1.543001
v 1.230963 1.125000 -1.293001
v 1.230957 1.875000 0.206998
v 1.230957 1.125000 0.206998
v 1.230958 1.875000 -0.043002
v 1.230963 1.875000 -1.130753
v 1.230958 2.125000 -0.043002
v 1.230958 2.125000 -0.043002
v 1.230963 1.875000 -1.130753
v 1.230963 2.125000 -1.328967
v 1.230963 1.875000 -1.130753
v 1.230965 1.000000 -1.543001
v 1.230969 -0.125001 -2.495542
v 1.230958 1.125000 -0.043002
v 1.230947 -0.124999 2.495551
v 1.230952 1.125001 1.456998
v 1.230947 1.125001 2.495550
v 1.230958 1.875000 -0.043002
v 1.230957 1.875000 0.206998
v 1.230958 2.125000 -0.043002
v 1.230957 1.875000 0.206998
v 1.230969 0.124999 -2.523199
v 1.230965 1.000000 -1.543001
v 1.230969 0.956309 -2.495541
v 1.230963 1.125000 -1.293001
v 1.230965 1.000000 -1.543001
v 1.230963 1.875000 -1.130753
v -1.230965 2.125000 1.706989
v 1.230958 2.125000 -0.043002
v -1.230953 2.125000 -1.328976
v -1.230953 2.125000 -1.328976
v 1.230958 2.125000 -0.043002
v 1.230963 2.125000 -1.328967
v 1.230958 2.125000 -0.043002
v -1.230965 2.125000 1.706989
v 1.230952 2.125001 1.456998
v -1.230959 1.875000 0.206989
v -1.230958 1.125000 -0.043010
v -1.230959 1.125000 0.206990
v -1.230959 1.875000 0.206989
v -1.230958 1.875000 -0.043011
v -1.230958 1.125000 -0.043010
v -1.230965 2.125000 1.706989
v -1.230964 1.875000 1.456989
v -1.230968 1.125001 2.495542
v -1.230948 0.124999 -2.523208
v -1.230952 0.999999 -1.543011
v -1.230948 0.956308 -2.495550
v -1.230953 1.124999 -1.293011
v -1.230952 -0.125001 -1.293011
v -1.230954 1.875000 -1.130763
v -1.230952 -0.125001 -1.293011
v -1.230958 1.125000 -0.043010
v -1.230959 1.125000 0.206990
v -1.230969 -0.124999 2.495541
v -1.230964 1.125000 1.456990
v -1.230968 0.125001 2.495542
v -1.230948 0.124999 -2.523208
v -1.230947 -0.125001 -2.495551
v -1.230968 1.125001 2.495542
v -1.230964 1.125000 1.456990
v -1.230964 1.875000 1.456989
v -1.230952 -0.125001 -1.293011
v -1.230952 0.999999 -1.543011
v -1.230948 0.124999 -2.523208
v -0.980964 1.875000 1.456991
v -0.980959 1.875000 0.206990
v 0.980952 1.875001 1.456997
v -1.230964 1.875000 1.456989
v -1.230959 1.875000 0.206989
v -0.980964 1.875000 1.456991
v 0.980952 1.875001 1.456997
v 1.230957 1.875000 0.206998
v 1.230952 1.875001 1.456998
v -1.230954 1.875000 -1.130763
v -0.980958 1.875000 -0.043010
v -1.230958 1.875000 -0.043011
v 0.980957 1.875000 0.206997
v -0.980959 1.875000 0.206990
v 0.980957 1.875000 0.206997
v 0.980958 1.875000 -0.043003
v -0.980954 1.875000 -1.130761
v 0.980963 1.875000 -1.130754
v 1.230963 1.875000 -1.130753
v -0.980952 1.875000 -1.380761
v 0.980964 1.875000 -1.380754
v 0.980963 1.875000 -1.130754
v -1.230954 1.875000 -1.130763
v -0.980958 1.875000 -0.043010
v 0.980958 1.875000 -0.043003
v 1.230963 1.875000 -1.130753
v 1.230958 1.875000 -0.043002
v 1.230952 2.125001 1.456998
v 1.230957 1.875000 0.206998
v 1.230958 2.125000 -0.043002
v 1.230958 1.125000 -0.043002
v 1.230957 1.125000 0.206998
v 1.230952 1.125001 1.456998
v 1.230957 1.875000 0.206998
v 1.230952 2.125001 1.456998
v 1.230952 1.875001 1.456998
v -1.230965 2.125000 1.706989
v 1.230947 1.125001 2.495550
v 1.230951 2.125001 1.706998
v -0.980953 1.125000 -1.293009
v 0.980963 0.125000 -1.193002
v 0.980963 1.125000 -1.293002
v 1.230947 -0.124999 2.495551
v -1.230968 0.125001 2.495542
v -1.230969 -0.124999 2.495541
v 1.230947 1.125001 2.495550
v -1.230968 1.125001 2.495542
v 0.980969 1.081309 -2.495542
v 0.980965 1.125000 -1.543002
v 1.230965 1.000000 -1.543001
v 1.230969 0.956309 -2.495541
v -0.980952 1.124999 -1.543009
v -0.980948 1.081308 -2.495549
v -1.230952 0.999999 -1.543011
v -1.230948 0.956308 -2.495550
v 1.230963 1.125000 -1.293001
v 0.980963 1.125000 -1.293002
v 0.980958 1.125000 -0.043003
v 1.230958 1.125000 -0.043002
v -0.980953 1.125000 -1.293009
v -1.230953 1.124999 -1.293011
v -1.230958 1.125000 -0.043010
v -0.980958 1.125000 -0.043009
v -1.230954 1.875000 -1.130763
v -1.230953 2.125000 -1.328976
v -1.230952 0.999999 -1.543011
v -1.230958 1.875000 -0.043011
v -1.230959 1.875000 0.206989
v -1.230958 1.875000 -0.043011
v -1.230965 2.125000 1.706989
v -1.230964 1.875000 1.456989
v -0.980964 0.125000 1.356991
v -0.980958 1.125000 -0.043009
v -0.980959 1.125000 0.206991
v -0.980964 1.125000 1.456991
v -1.230959 1.125000 0.206990
v -0.980959 1.125000 0.206991
v -0.980959 1.875000 0.206990
v -1.230959 1.875000 0.206989
v -1.230953 1.124999 -1.293011
v -0.980953 1.125000 -1.293009
v -0.980954 1.875000 -1.130761
v -1.230954 1.875000 -1.130763
v -0.980953 1.125000 -1.293009
v -0.980952 1.124999 -1.543009
v -0.980952 1.875000 -1.380761
v -0.980954 1.875000 -1.130761
v -0.980958 1.125000 -0.043009
v -1.230958 1.125000 -0.043010
v -1.230958 1.875000 -0.043011
v -0.980958 1.875000 -0.043010
v 0.980963 1.125000 -1.293002
v 1.230963 1.125000 -1.293001
v 1.230963 1.875000 -1.130753
v 0.980963 1.875000 -1.130754
v 0.980957 1.125000 0.206997
v 1.230957 1.125000 0.206998
v 1.230957 1.875000 0.206998
v 0.980957 1.875000 0.206997
v -0.980959 1.875000 0.206990
v -0.980959 1.125000 0.206991
v -0.980958 1.125000 -0.043009
v -0.980958 1.875000 -0.043010
v 0.980963 1.125000 -1.293002
v 0.980963 1.875000 -1.130754
v 0.980964 1.875000 -1.380754
v 0.980965 1.125000 -1.543002
v 1.230958 1.125000 -0.043002
v 0.980958 1.125000 -0.043003
v 0.980958 1.875000 -0.043003
v 1.230958 1.875000 -0.043002
v 0.980952 0.125001 1.356998
v 0.980963 0.125000 -1.193002
v -0.980953 0.125000 -1.193009
v -0.980964 0.125000 1.356991
v 0.980957 1.125000 0.206997
v 0.980957 1.875000 0.206997
v 0.980958 1.875000 -0.043003
v 0.980958 1.125000 -0.043003
v 1.230957 1.125000 0.206998
v 0.980957 1.125000 0.206997
v 0.980952 1.125001 1.456997
v 1.230952 1.125001 1.456998
v -0.980959 1.125000 0.206991
v -1.230959 1.125000 0.206990
v -1.230964 1.125000 1.456990
v -0.980964 1.125000 1.456991
v -0.980964 1.125000 1.456991
v 0.980952 1.125001 1.456997
v 0.980952 0.125001 1.356998
v -0.980964 0.125000 1.356991
v -0.980964 1.125000 1.456991
v -1.230964 1.125000 1.456990
v -1.230964 1.875000 1.456989
v -0.980964 1.875000 1.456991
v 1.230952 1.125001 1.456998
v 0.980952 1.125001 1.456997
v 0.980952 1.875001 1.456997
v 1.230952 1.875001 1.456998
v -0.980964 1.125000 1.456991
v -0.980964 1.875000 1.456991
v 0.980952 1.875001 1.456997
v 0.980952 1.125001 1.456997
v -0.694983 -0.076025 2.718243
v -0.694983 -0.273431 2.718243
v -0.694974 -0.106347 0.718243
v -0.694974 0.091060 0.718243
v -0.892389 -0.076025 2.718242
v -0.892381 0.091060 0.718242
v -0.892381 -0.106347 0.718242
v -0.892389 -0.273431 2.718242
v -0.694983 -0.076025 2.718243
v -0.892389 -0.076025 2.718242
v -0.892389 -0.273431 2.718242
v -0.694983 -0.273431 2.718243
v -0.694974 -0.106347 0.718243
v -0.694983 -0.273431 2.718243
v -0.892389 -0.273431 2.718242
v -0.892381 -0.106347 0.718242
v -0.892381 0.091060 0.718242
v -0.892389 -0.076025 2.718242
v -0.694983 -0.076025 2.718243
v -0.694974 0.091060 0.718243
v 1.260813 0.100803 -2.575180
v 1.260811 0.100803 -2.227122
v 1.260811 -0.158647 -2.227122
v 1.260813 -0.158647 -2.575180
v -1.261051 0.100803 -2.227133
v -1.261049 0.100802 -2.575191
v -1.261049 -0.158647 -2.575191
v -1.261051 -0.158647 -2.227133
v 0.516267 0.100803 -2.642110
v 1.260813 0.100803 -2.575180
v 1.260813 -0.158647 -2.575180
v 0.516267 -0.158647 -2.642110
v -0.531249 0.100803 -2.642115
v -0.531249 -0.158647 -2.642115
v -1.261049 0.100802 -2.575191
v -1.261049 -0.158647 -2.575191
v -0.531250 0.100803 -2.294057
v -1.261051 0.100803 -2.227133
v -1.261051 -0.158647 -2.227133
v -0.531250 -0.158647 -2.294057
v 0.516266 0.100803 -2.294053
v 0.516266 -0.158647 -2.294053
v 1.260811 0.100803 -2.227122
v 1.260811 -0.158647 -2.227122
v 0.716385 1.008923 -2.570077
v 0.716384 1.008923 -2.399179
v 0.716384 0.198824 -2.399179
v 0.716385 0.198824 -2.570077
v -0.716364 1.008923 -2.399186
v -0.716363 1.008923 -2.570083
v -0.716363 0.198824 -2.570083
v -0.716364 0.198824 -2.399185
v -0.716364 1.008923 -2.399186
v -0.358176 1.008923 -2.570081
v -0.716363 1.008923 -2.570083
v 0.000011 1.008923 -2.570080
v 0.716384 1.008923 -2.399179
v 0.358198 1.008923 -2.570078
v 0.716385 1.008923 -2.570077
v 0.626838 0.918017 -2.570077
v 0.626838 0.289730 -2.570077
v 0.626838 0.289730 -2.399180
v 0.626838 0.918017 -2.399180
v -0.447723 0.289730 -2.570082
v -0.626816 0.289730 -2.570082
v -0.626817 0.289730 -2.399185
v -0.447723 0.289730 -2.399184
v 0.447745 0.918017 -2.570078
v 0.626838 0.918017 -2.570077
v 0.626838 0.918017 -2.399180
v 0.447744 0.918017 -2.399180
v 0.268651 0.289730 -2.570079
v 0.089558 0.289730 -2.570079
v 0.089557 0.289730 -2.399182
v 0.268651 0.289730 -2.399181
v -0.626816 0.918017 -2.570083
v -0.447723 0.918017 -2.570082
v -0.447723 0.918017 -2.399184
v -0.626817 0.918017 -2.399185
v -0.268629 0.289730 -2.570081
v -0.268629 0.918017 -2.570081
v -0.268630 0.918017 -2.399184
v -0.268630 0.289730 -2.399183
v -0.089536 0.289730 -2.570080
v -0.268629 0.289730 -2.570081
v -0.268630 0.289730 -2.399183
v -0.089536 0.289730 -2.399183
v 0.268651 0.918017 -2.570079
v 0.268651 0.289730 -2.570079
v 0.268651 0.289730 -2.399181
v 0.268651 0.918017 -2.399181
v 0.089558 0.918017 -2.570079
v 0.268651 0.918017 -2.570079
v 0.268651 0.918017 -2.399181
v 0.089557 0.918017 -2.399182
v 0.447745 0.289730 -2.570078
v 0.447745 0.918017 -2.570078
v 0.447744 0.918017 -2.399180
v 0.447744 0.289730 -2.399180
v -0.447723 0.918017 -2.570082
v -0.447723 0.289730 -2.570082
v -0.447723 0.289730 -2.399184
v -0.447723 0.918017 -2.399184
v 0.626838 0.289730 -2.570077
v 0.447745 0.289730 -2.570078
v 0.447744 0.289730 -2.399180
v 0.626838 0.289730 -2.399180
v -0.626816 0.289730 -2.570082
v -0.626816 0.918017 -2.570083
v -0.626817 0.918017 -2.399185
v -0.626817 0.289730 -2.399185
v -0.089536 0.918017 -2.570080
v -0.089536 0.289730 -2.570080
v -0.089536 0.289730 -2.399183
v -0.089536 0.918017 -2.399183
v -0.268629 0.918017 -2.570081
v -0.089536 0.918017 -2.570080
v -0.089536 0.918017 -2.399183
v -0.268630 0.918017 -2.399184
v 0.089558 0.289730 -2.570079
v 0.089558 0.918017 -2.570079
v 0.089557 0.918017 -2.399182
v 0.089557 0.289730 -2.399182
v -1.260817 0.100804 2.575178
v -1.260815 0.100804 2.227120
v -1.260815 -0.158646 2.227121
v -1.260817 -0.158646 2.575178
v 1.261048 0.100804 2.227135
v 1.261046 0.100804 2.575193
v 1.261046 -0.158646 2.575193
v 1.261048 -0.158646 2.227135
v -0.516271 0.100804 2.642110
v -1.260817 0.100804 2.575178
v -1.260817 -0.158646 2.575178
v -0.516271 -0.158646 2.642110
v 0.531245 0.100804 2.642116
v 0.531245 -0.158646 2.642116
v 1.261046 0.100804 2.575193
v 1.261046 -0.158646 2.575193
v 0.531247 0.100804 2.294058
v 1.261048 0.100804 2.227135
v 1.261048 -0.158646 2.227135
v 0.531247 -0.158646 2.294058
v -0.516269 0.100804 2.294052
v -0.516269 -0.158646 2.294052
v -1.260815 0.100804 2.227120
v -1.260815 -0.158646 2.227121
v 0.716384 0.198824 -2.399179
v 0.358198 0.198824 -2.570078
v 0.716385 0.198824 -2.570077
v 0.000011 0.198824 -2.570080
v -0.716364 0.198824 -2.399185
v -0.716363 0.198824 -2.570083
v 0.980969 1.081309 -2.495542
v -0.980952 1.124999 -1.543009
v 0.980965 1.125000 -1.543002
v 0.980963 1.125000 -1.293002
v -1.230948 0.956308 -2.495550
v -0.980948 1.081308 -2.495549
v -1.230948 0.124999 -2.523208
v 1.230969 0.124999 -2.523199
v -1.230947 -0.125001 -2.495551
v 1.230969 -0.125001 -2.495542
v 0.980969 1.081309 -2.495542
v 1.230969 0.956309 -2.495541
v 1.230947 1.125001 2.495550
v 1.230952 1.875001 1.456998
v 1.230951 2.125001 1.706998
v 1.230952 2.125001 1.456998
v -0.980953 1.125000 -1.293009
v -0.980958 1.125000 -0.043009
v -0.980953 0.125000 -1.193009
v -0.980964 0.125000 1.356991
v -1.230952 0.999999 -1.543011
v -0.980952 1.875000 -1.380761
v -0.980952 1.124999 -1.543009
v -1.230953 2.125000 -1.328976
v 0.980964 1.875000 -1.380754
v 1.230963 2.125000 -1.328967
v 1.230965 1.000000 -1.543001
v 0.980965 1.125000 -1.543002
v 0.980952 1.875001 1.456997
v 0.980957 1.875000 0.206997
v 1.230957 1.875000 0.206998
v -0.980959 1.875000 0.206990
v -1.230947 -0.125001 -2.495551
v 1.230969 -0.125001 -2.495542
v -1.230952 -0.125001 -1.293011
v 1.230947 -0.124999 2.495551
v -1.230969 -0.124999 2.495541
v -1.261049 -0.158647 -2.575191
v -0.531250 -0.158647 -2.294057
v -1.261051 -0.158647 -2.227133
v -0.531249 -0.158647 -2.642115
v 0.516266 -0.158647 -2.294053
v 0.516267 -0.158647 -2.642110
v 1.260813 -0.158647 -2.575180
v 1.260811 -0.158647 -2.227122
v 1.260813 0.100803 -2.575180
v 0.516266 0.100803 -2.294053
v 1.260811 0.100803 -2.227122
v 0.516267 0.100803 -2.642110
v -0.531250 0.100803 -2.294057
v -0.531249 0.100803 -2.642115
v -1.261049 0.100802 -2.575191
v -1.261051 0.100803 -2.227133
v -1.260817 0.100804 2.575178
v -0.516269 0.100804 2.294052
v -1.260815 0.100804 2.227120
v -0.516271 0.100804 2.642110
v 0.531247 0.100804 2.294058
v 0.531245 0.100804 2.642116
v 1.261046 0.100804 2.575193
v 1.261048 0.100804 2.227135
v 1.261046 -0.158646 2.575193
v 0.531247 -0.158646 2.294058
v 1.261048 -0.158646 2.227135
v 0.531245 -0.158646 2.642116
v -0.516269 -0.158646 2.294052
v -0.516271 -0.158646 2.642110
v -1.260817 -0.158646 2.575178
v -1.260815 -0.158646 2.227121
v 0.716385 1.008923 -2.570077
v 0.626838 0.289730 -2.570077
v 0.626838 0.918017 -2.570077
v 0.447745 0.918017 -2.570078
v 0.716385 0.198824 -2.570077
v 0.358198 0.198824 -2.570078
v 0.358198 1.008923 -2.570078
v 0.447745 0.289730 -2.570078
v 0.268651 0.918017 -2.570079
v 0.000011 1.008923 -2.570080
v 0.268651 0.289730 -2.570079
v 0.089558 0.289730 -2.570079
v 0.089558 0.918017 -2.570079
v 0.000011 0.198824 -2.570080
v -0.089536 0.918017 -2.570080
v -0.089536 0.289730 -2.570080
v -0.268629 0.918017 -2.570081
v -0.358176 1.008923 -2.570081
v -0.268629 0.289730 -2.570081
v -0.447723 0.918017 -2.570082
v -0.716363 1.008923 -2.570083
v -0.626816 0.918017 -2.570083
v -0.626816 0.289730 -2.570082
v -0.716363 0.198824 -2.570083
v -0.447723 0.289730 -2.570082
vt 0.412817985 0.723007262
vt 0.403001606 0.728538752
vt 0.412817985 0.72900331
vt 0.370365381 0.70356214
vt 0.403001606 0.728538752
vt 0.403001606 0.728538752
vt 0.403001606 0.709621787
vt 0.122314729 0.672530115
vt 0.121942706 0.672870696
vt 0.122314729 0.672189474
vt 0.122221537 0.672870696
vt 0.121764265 0.66864562
vt 0.121477179 0.669514
vt 0.33015722 0.675499439
vt 0.379172504 0.767674446
vt 0.397266448 0.775626898
vt 0.126311883 0.646744609
vt 0.13062951 0.792867303
vt 0.133782253 0.687264264
vt 0.403001606 0.709621787
vt 0.370365381 0.70356214
vt 0.412817985 0.709512711
vt 0.11925482 0.665161788
vt 0.11925482 0.664216697
vt 0.120813146 0.731689274
vt 0.120813146 0.740007758
vt 0.119586095 0.75432229
vt 0.11925482 0.66737628
vt 0.105528302 0.582028925
vt 0.120988138 0.657582045
vt 0.116084389 0.669020474
vt 0.116084389 0.669173241
vt 0.116135426 0.669020474
vt 0.116135426 0.669020474
vt 0.116084389 0.669173241
vt 0.120370127 0.667034328
vt 0.116084389 0.669173241
vt 0.119586095 0.75432229
vt 0.108542681 0.767415345
vt 0.120813146 0.740007758
vt 0.108542681 0.72337079
vt 0.120813146 0.731689274
vt 0.11925482 0.664216697
vt 0.121141233 0.657630384
vt 0.105528302 0.582028925
vt 0.121192254 0.657630384
vt 0.105528302 0.582028925
vt 0.110996783 0.7676723
vt 0.119586095 0.75432229
vt 0.119157217 0.767415345
vt 0.11925482 0.66737628
vt 0.119586095 0.75432229
vt 0.116084389 0.669173241
vt 0.121942706 0.672870696
vt 0.120230503 0.658519328
vt 0.117860667 0.671891987
vt 0.117860667 0.671891987
vt 0.120230503 0.658519328
vt 0.11511486 0.671891987
vt 0.120230503 0.658519328
vt 0.121942706 0.672870696
vt 0.122314729 0.672530115
vt 0.121600471 0.657907963
vt 0.121447392 0.657859683
vt 0.121447392 0.657907963
vt 0.121600471 0.657907963
vt 0.122600757 0.667359889
vt 0.121447392 0.657859683
vt 0.121764265 0.66864562
vt 0.105528302 0.582028925
vt 0.14289996 0.7676723
vt 0.133083597 0.72337079
vt 0.12162485 0.665733457
vt 0.141244024 0.723627746
vt 0.14289996 0.739863276
vt 0.13062951 0.739043355
vt 0.122600757 0.666525126
vt 0.13062951 0.739043355
vt 0.14289996 0.751035333
vt 0.14289996 0.753357828
vt 0.13062951 0.7676723
vt 0.14289996 0.759353876
vt 0.133083597 0.7676723
vt 0.133083597 0.72337079
vt 0.13062951 0.723627746
vt 0.14289996 0.7676723
vt 0.121764265 0.66830498
vt 0.105528302 0.582028925
vt 0.13062951 0.739043355
vt 0.12162485 0.665733457
vt 0.133083597 0.72337079
vt 0.105528302 0.582028925
vt 0.153011352 0.607801735
vt 0.122314729 0.672530115
vt 0.122221537 0.672530115
vt 0.105528302 0.582028925
vt 0.105528302 0.582028925
vt 0.122314729 0.672530115
vt 0.152732551 0.61070329
vt 0.105528302 0.582028925
vt 0.124264009 0.672502875
vt 0.116268493 0.667569697
vt 0.124264009 0.673337638
vt 0.115559004 0.667660058
vt 0.153011352 0.607801735
vt 0.115559004 0.667660058
vt 0.116745971 0.67019099
vt 0.123985179 0.672502875
vt 0.120370127 0.673391819
vt 0.116796993 0.670343757
vt 0.120091297 0.671321034
vt 0.120091297 0.673391819
vt 0.120370127 0.673391819
vt 0.124264009 0.672502875
vt 0.116268493 0.667569697
vt 0.116745971 0.67019099
vt 0.116796993 0.670343757
vt 0.116796993 0.67019099
vt 0.142746925 0.608461499
vt 0.105528302 0.582028925
vt 0.121192254 0.657630384
vt 0.120813146 0.740007758
vt 0.120988138 0.657582045
vt 0.120813146 0.731689274
vt 0.105528302 0.582028925
vt 0.142746925 0.608461499
vt 0.11925482 0.665161788
vt 0.122221537 0.672870696
vt 0.121477179 0.669514
vt 0.11925482 0.664216697
vt 0.33015722 0.675499439
vt 0.397266448 0.775626898
vt 0.378016889 0.759772658
vt 0.152630776 0.7676723
vt 0.150179252 0.790543497
vt 0.152630746 0.790543437
vt 0.14037317 0.767672658
vt 0.14037317 0.790543735
vt 0.144465983 0.81109339
vt 0.13062951 0.81109339
vt 0.13063398 0.813415885
vt 0.144470453 0.813415885
vt 0.13062951 0.792867303
vt 0.144465983 0.792867303
vt 0.13063398 0.790544748
vt 0.144470453 0.790544748
vt 0.169809401 0.796301305
vt 0.167355314 0.796301305
vt 0.167355314 0.807473302
vt 0.169809401 0.807473302
vt 0.169894949 0.752769113
vt 0.172349066 0.752769113
vt 0.172349066 0.741597116
vt 0.169894978 0.741597116
vt 0.122600757 0.666525126
vt 0.122879587 0.6664325
vt 0.12162485 0.665733457
vt 0.122600757 0.667359889
vt 0.121600471 0.657907963
vt 0.122600757 0.667359889
vt 0.121764265 0.66864562
vt 0.105528302 0.582028925
vt 0.402916044 0.757132351
vt 0.412732422 0.764986336
vt 0.370358109 0.707132876
vt 0.412732422 0.756667852
vt 0.122108959 0.658205569
vt 0.122057937 0.658205569
vt 0.122057937 0.658350289
vt 0.122108959 0.658350289
vt 0.125100493 0.67294246
vt 0.125379324 0.6729424
vt 0.125379324 0.672131717
vt 0.125100493 0.672131777
vt 0.123985179 0.672145844
vt 0.123985179 0.672502875
vt 0.124821655 0.671975136
vt 0.124821655 0.671711266
vt 0.122110687 0.657284439
vt 0.122059666 0.657284439
vt 0.122059666 0.657427967
vt 0.122110687 0.657427967
vt 0.125100493 0.672131717
vt 0.125379324 0.672131598
vt 0.125379324 0.671320915
vt 0.125100493 0.671321034
vt 0.122057937 0.659026027
vt 0.122108959 0.659026027
vt 0.122108959 0.658881307
vt 0.122057937 0.658881307
vt 0.116268493 0.667660058
vt 0.116539709 0.667660058
vt 0.116539709 0.667569697
vt 0.116268493 0.667569697
vt 0.123994894 0.664573729
vt 0.124831386 0.665008307
vt 0.124831386 0.664744437
vt 0.123994894 0.664216697
vt 0.122057937 0.658584535
vt 0.122108959 0.658584535
vt 0.122108959 0.658441007
vt 0.122057937 0.658441007
vt 0.545833588 0.824205399
vt 0.545833588 0.843122244
vt 0.565092504 0.843122184
vt 0.565092504 0.824205339
vt 0.115287788 0.667660058
vt 0.115559004 0.667660058
vt 0.115559004 0.667569697
vt 0.115287788 0.667569697
vt 0.14774482 0.802536666
vt 0.150198922 0.802536666
vt 0.150198907 0.796540737
vt 0.14774482 0.796540737
vt 0.146924555 0.790544748
vt 0.144470453 0.790544748
vt 0.144470453 0.796540737
vt 0.146924555 0.796540737
vt 0.378006697 0.765414953
vt 0.33015722 0.675499439
vt 0.379182637 0.762074351
vt 0.394979298 0.773380399
vt 0.122221537 0.672530115
vt 0.121942706 0.672530115
vt 0.121942706 0.672530115
vt 0.122221537 0.672530115
vt 0.122314729 0.672530115
vt 0.122593559 0.672530115
vt 0.122593559 0.672530115
vt 0.122314729 0.672530115
vt 0.0551911406 0.638563514
vt 0.0761929229 0.754126847
vt 0.0733244643 0.738575697
vt 0.0762568489 0.754126847
vt 0.902443171 0.224117547
vt 0.88990134 0.223607123
vt 0.88990134 0.28593722
vt 0.902443171 0.286447644
vt 0.88990134 0.28593722
vt 0.88990134 0.223607123
vt 0.87735945 0.224117547
vt 0.87735945 0.286447644
vt 0.940199912 0.223607123
vt 0.927614391 0.223607123
vt 0.927614391 0.229737967
vt 0.940199912 0.229737967
vt 0.915028751 0.28593719
vt 0.915028751 0.223607123
vt 0.902443171 0.223607123
vt 0.902443171 0.28593719
vt 0.927614391 0.28593719
vt 0.927614391 0.223607123
vt 0.915028751 0.223607123
vt 0.915028751 0.28593719
vt 0.658940673 0.226171732
vt 0.658940673 0.242350191
vt 0.677850544 0.242350191
vt 0.677850544 0.226171732
vt 0.677850544 0.226171732
vt 0.677850544 0.209993273
vt 0.658940673 0.209993273
vt 0.658940673 0.226171732
vt 0.62112093 0.292608589
vt 0.62112087 0.327214807
vt 0.640030742 0.327214807
vt 0.640030742 0.292608589
vt 0.62112087 0.243917823
vt 0.640030742 0.243917823
vt 0.62112087 0.209993273
vt 0.640030742 0.209993273
vt 0.658940613 0.243917823
vt 0.658940673 0.209993273
vt 0.640030742 0.209993303
vt 0.640030742 0.243917823
vt 0.658940613 0.292608589
vt 0.640030742 0.292608589
vt 0.658940673 0.327214807
vt 0.640030742 0.327214867
vt 0.897560418 0.240091324
vt 0.893350482 0.240091324
vt 0.893350482 0.261334062
vt 0.897560418 0.261334062
vt 0.897560418 0.261334062
vt 0.901770353 0.261334062
vt 0.901770353 0.240091324
vt 0.897560418 0.240091324
vt 0.893350482 0.277661413
vt 0.889140546 0.268268883
vt 0.889140546 0.277661413
vt 0.889140546 0.258876354
vt 0.893350482 0.240091324
vt 0.889140546 0.249483839
vt 0.889140546 0.240091324
vt 0.905980229 0.256566525
vt 0.905980229 0.240091324
vt 0.901770353 0.240091324
vt 0.901770353 0.256566525
vt 0.884930611 0.282357693
vt 0.884930611 0.277661443
vt 0.880720735 0.277661443
vt 0.880720735 0.282357693
vt 0.864974499 0.277661443
vt 0.864974499 0.282357693
vt 0.869184375 0.282357693
vt 0.869184375 0.277661443
vt 0.901770353 0.282505542
vt 0.901770353 0.277809292
vt 0.897560418 0.277809292
vt 0.897560418 0.282505542
vt 0.88493067 0.277661413
vt 0.884930611 0.282357693
vt 0.889140546 0.282357693
vt 0.889140546 0.277661413
vt 0.897560418 0.277809292
vt 0.897560418 0.261334062
vt 0.893350482 0.261334062
vt 0.893350482 0.277809292
vt 0.87339431 0.282357693
vt 0.87339431 0.277661443
vt 0.869184375 0.277661443
vt 0.869184375 0.282357693
vt 0.901770353 0.261334062
vt 0.901770353 0.277809292
vt 0.905980229 0.277809292
vt 0.905980229 0.261334062
vt 0.901770353 0.277809292
vt 0.901770353 0.282505542
vt 0.905980229 0.282505542
vt 0.905980229 0.277809292
vt 0.901770353 0.277809292
vt 0.901770353 0.261334062
vt 0.897560418 0.261334062
vt 0.897560418 0.277809292
vt 0.914400101 0.273041725
vt 0.914400101 0.256566525
vt 0.910190165 0.256566525
vt 0.910190165 0.273041725
vt 0.880720735 0.282357693
vt 0.880720735 0.277661443
vt 0.876510799 0.277661443
vt 0.876510799 0.282357693
vt 0.905980229 0.240091324
vt 0.905980229 0.256566525
vt 0.910190165 0.256566525
vt 0.910190165 0.240091324
vt 0.905980229 0.273041725
vt 0.905980229 0.289516926
vt 0.910190165 0.289516926
vt 0.910190165 0.273041725
vt 0.893350482 0.277809292
vt 0.893350482 0.282505542
vt 0.897560358 0.282505542
vt 0.897560358 0.277809292
vt 0.905980229 0.256566525
vt 0.905980229 0.273041725
vt 0.910190165 0.273041725
vt 0.910190165 0.256566525
vt 0.709712267 0.0938548744
vt 0.709712267 0.103541046
vt 0.721033752 0.103541046
vt 0.721033752 0.0938548744
vt 0.721033752 0.0938548744
vt 0.721033752 0.0841687322
vt 0.709712267 0.0841687322
vt 0.709712267 0.0938548744
vt 0.687069297 0.133631021
vt 0.687069297 0.154350013
vt 0.698390782 0.154350013
vt 0.698390782 0.133631021
vt 0.687069297 0.104479551
vt 0.698390782 0.104479551
vt 0.687069297 0.0841687322
vt 0.698390782 0.0841687322
vt 0.709712207 0.104479551
vt 0.709712267 0.0841687322
vt 0.698390782 0.0841687322
vt 0.698390782 0.104479551
vt 0.709712207 0.13363108
vt 0.698390782 0.133631021
vt 0.709712267 0.154350013
vt 0.698390782 0.154350013
vt 0.884930611 0.240091324
vt 0.889140546 0.249483839
vt 0.889140546 0.240091324
vt 0.889140546 0.258876383
vt 0.884930611 0.277661413
vt 0.889140546 0.277661413
vt 0.144465983 0.81109339
vt 0.13062951 0.792867303
vt 0.133782834 0.686786532
vt 0.126311883 0.646744609
vt 0.107326746 0.813796341
vt 0.108542666 0.811473906
vt 0.0992038175 0.813795805
vt 0.0992038175 0.790924728
vt 0.0968084633 0.813795447
vt 0.0968084633 0.79092437
vt 0.108542666 0.793247759
vt 0.107326746 0.790925145
vt 0.11925482 0.664216697
vt 0.11925482 0.665161788
vt 0.11925482 0.664821208
vt 0.11925482 0.665161788
vt 0.412732422 0.776158392
vt 0.412732422 0.764986336
vt 0.402916074 0.776049376
vt 0.402916044 0.757132351
vt 0.116457455 0.671891987
vt 0.115415476 0.672156096
vt 0.116319291 0.672155857
vt 0.11511486 0.671892285
vt 0.115415476 0.67422688
vt 0.11511486 0.674490869
vt 0.116457455 0.674490511
vt 0.116319291 0.674226642
vt 0.122314729 0.672530115
vt 0.115559004 0.667660058
vt 0.152732551 0.61070329
vt 0.153011352 0.607801735
vt 0.108542666 0.72337079
vt 0.084375605 0.72337079
vt 0.108542681 0.738786399
vt 0.0843756199 0.767415345
vt 0.108542681 0.767415345
vt 0.616242886 0.327214867
vt 0.595752835 0.293292195
vt 0.59087491 0.327214867
vt 0.62112087 0.293292195
vt 0.595752835 0.244601399
vt 0.62112087 0.244601399
vt 0.616242886 0.209993273
vt 0.59087491 0.209993273
vt 0.585996926 0.327214867
vt 0.565506876 0.292606741
vt 0.560628951 0.327214867
vt 0.59087491 0.292606741
vt 0.565506876 0.243915945
vt 0.59087491 0.243915945
vt 0.585996926 0.209993273
vt 0.560628951 0.209993273
vt 0.666040421 0.154350013
vt 0.653772891 0.133629948
vt 0.650852442 0.154350072
vt 0.668960869 0.133629948
vt 0.653772891 0.104478449
vt 0.668960869 0.104478449
vt 0.666040421 0.0841687322
vt 0.650852442 0.0841687322
vt 0.684148848 0.154350013
vt 0.671881318 0.134040326
vt 0.668960869 0.154350072
vt 0.687069297 0.134040326
vt 0.671881318 0.104888827
vt 0.687069297 0.104888827
vt 0.684148848 0.0841687322
vt 0.668960869 0.0841687322
vt 0.864974499 0.277661443
vt 0.882691205 0.275313288
vt 0.867213905 0.275313288
vt 0.867213905 0.270617038
vt 0.884930611 0.277661413
vt 0.884930611 0.268268913
vt 0.864974499 0.268268913
vt 0.882691205 0.270617008
vt 0.867213905 0.265920758
vt 0.864974499 0.258876383
vt 0.882691205 0.265920758
vt 0.882691205 0.261224508
vt 0.867213905 0.261224508
vt 0.884930611 0.258876383
vt 0.867213905 0.256528229
vt 0.882691205 0.256528229
vt 0.867213905 0.251831979
vt 0.864974499 0.249483839
vt 0.882691205 0.251831979
vt 0.867213905 0.247135714
vt 0.864974499 0.240091324
vt 0.867213905 0.242439449
vt 0.882691205 0.242439449
vt 0.884930611 0.240091324
vt 0.882691205 0.247135714
vn -1.000000 -0.000000 -0.000004
vn -1.000000 -0.000000 -0.000004
vn -1.000000 -0.000000 -0.000004
vn -1.000000 -0.000000 -0.000004
vn -1.000000 -0.000000 -0.000004
vn -1.000000 -0.000000 -0.000004
vn -1.000000 -0.000000 -0.000004
vn -0.000000 1.000000 -0.000000
vn -0.000000 1.000000 -0.000000
vn -0.000000 1.000000 -0.000000
vn -0.000004 0.619198 0.785235
vn -0.000004 0.327693 0.944784
vn -0.000004 0.327693 0.944784
vn -0.000004 -0.004189 0.999991
vn -0.000004 0.099504 0.995037
vn -0.000004 0.099504 0.995037
vn -0.000000 1.000000 -0.000000
vn -0.090937 0.995491 -0.026992
vn -0.000000 1.000000 -0.000000
vn -1.000000 -0.000000 -0.000004
vn -1.000000 -0.000000 -0.000004
vn -1.000000 -0.000000 -0.000004
vn 1.000000 0.000000 0.000004
vn 1.000000 0.000000 0.000004
vn 1.000000 0.000000 0.000004
vn 1.000000 0.000000 0.000004
vn 1.000000 0.000000 0.000004
vn 1.000000 0.000000 0.000004
vn 1.000000 0.000000 0.000004
vn 1.000000 0.000000 0.000004
vn 1.000000 0.000000 0.000004
vn 1.000000 0.000000 0.000004
vn 1.000000 0.000000 0.000004
vn 1.000000 0.000000 0.000004
vn 1.000000 0.000000 0.000004
vn 1.000000 0.000000 0.000004
vn 1.000000 0.000000 0.000004
vn 1.000000 0.000000 0.000004
vn 1.000000 0.000000 0.000004
vn 1.000000 0.000000 0.000004
vn 1.000000 0.000000 0.000004
vn 1.000000 0.000000 0.000004
vn 1.000000 0.000000 0.000004
vn 1.000000 0.000000 0.000004
vn 1.000000 0.000000 0.000004
vn 1.000000 0.000000 0.000004
vn 1.000000 0.000000 0.000004
vn 1.000000 0.000000 0.000004
vn 1.000000 0.000000 0.000004
vn 1.000000 0.000000 0.000004
vn 1.000000 0.000000 0.000004
vn 1.000000 0.000000 0.000004
vn 1.000000 0.000000 0.000004
vn -0.000000 1.000000 -0.000000
vn -0.000000 1.000000 -0.000000
vn -0.000000 1.000000 -0.000000
vn -0.000000 1.000000 -0.000000
vn -0.000000 1.000000 -0.000000
vn -0.000000 1.000000 -0.000000
vn -0.000000 1.000000 -0.000000
vn -0.000000 1.000000 -0.000000
vn -0.000000 1.000000 -0.000000
vn -1.000000 -0.000000 -0.000004
vn -1.000000 -0.000000 -0.000004
vn -1.000000 -0.000000 -0.000004
vn -1.000000 -0.000000 -0.000004
vn -1.000000 -0.000000 -0.000004
vn -1.000000 -0.000000 -0.000004
vn -1.000000 -0.000000 -0.000004
vn -1.000000 -0.000000 -0.000004
vn -1.000000 -0.000000 -0.000004
vn -1.000000 -0.000000 -0.000004
vn -1.000000 -0.000000 -0.000004
vn -1.000000 -0.000000 -0.000004
vn -1.000000 -0.000000 -0.000004
vn -1.000000 -0.000000 -0.000004
vn -1.000000 -0.000000 -0.000004
vn -1.000000 -0.000000 -0.000004
vn -1.000000 -0.000000 -0.000004
vn -1.000000 -0.000000 -0.000004
vn -1.000000 -0.000000 -0.000004
vn -1.000000 -0.000000 -0.000004
vn -1.000000 -0.000000 -0.000004
vn -1.000000 -0.000000 -0.000004
vn -1.000000 -0.000000 -0.000004
vn -1.000000 -0.000000 -0.000004
vn -1.000000 -0.000000 -0.000004
vn -1.000000 -0.000000 -0.000004
vn -1.000000 -0.000000 -0.000004
vn -1.000000 -0.000000 -0.000004
vn -1.000000 -0.000000 -0.000004
vn 0.000000 -1.000000 0.000000
vn 0.000000 -1.000000 0.000000
vn 0.000000 -1.000000 0.000000
vn 0.000000 -1.000000 0.000000
vn 0.000000 -1.000000 0.000000
vn 0.000000 -1.000000 0.000000
vn 0.000000 -1.000000 0.000000
vn 0.000000 -1.000000 0.000000
vn 0.000000 -1.000000 0.000000
vn 0.000000 -1.000000 0.000000
vn 0.000000 -1.000000 0.000000
vn 0.000000 -1.000000 0.000000
vn 0.000000 -1.000000 0.000000
vn 0.000000 -1.000000 0.000000
vn 0.000000 -1.000000 0.000000
vn 0.000000 -1.000000 0.000000
vn 0.000000 -1.000000 0.000000
vn 0.000000 -1.000000 0.000000
vn 0.000000 -1.000000 0.000000
vn 0.000000 -1.000000 0.000000
vn 0.000000 -1.000000 0.000000
vn 0.000000 -1.000000 0.000000
vn 0.000000 -1.000000 0.000000
vn 0.000000 -1.000000 0.000000
vn 0.000000 -1.000000 0.000000
vn 0.000000 -1.000000 0.000000
vn 0.000000 -1.000000 0.000000
vn 1.000000 0.000000 0.000004
vn 1.000000 0.000000 0.000004
vn 1.000000 0.000000 0.000004
vn 0.000004 -0.000000 -1.000000
vn 0.000004 -0.000000 -1.000000
vn 0.000004 -0.000000 -1.000000
vn 1.000000 0.000000 0.000004
vn 1.000000 0.000000 0.000004
vn 1.000000 0.000000 0.000004
vn -0.000004 0.619198 0.785235
vn -0.000004 0.327693 0.944784
vn -0.000004 0.619198 0.785235
vn -0.000004 -0.004189 0.999991
vn -0.000004 0.099504 0.995037
vn -0.000004 -0.108973 0.994045
vn -0.000004 0.000000 1.000000
vn -0.000004 0.000000 1.000000
vn -0.000004 0.000000 1.000000
vn -0.000004 0.327693 0.944784
vn -0.000004 0.327693 0.944784
vn 0.229548 0.972275 -0.044595
vn 0.152597 0.987844 -0.029646
vn 0.446838 0.893676 -0.040989
vn 0.446838 0.893676 -0.040989
vn -0.090937 0.995491 -0.026992
vn -0.305123 0.951313 -0.043636
vn -0.446838 0.893675 -0.040993
vn -0.446838 0.893675 -0.040993
vn -0.000000 1.000000 -0.000000
vn -0.000000 1.000000 -0.000000
vn -0.000000 1.000000 -0.000000
vn -0.000000 1.000000 -0.000000
vn -0.000000 1.000000 -0.000000
vn -0.000000 1.000000 -0.000000
vn -0.000000 1.000000 -0.000000
vn -0.000000 1.000000 -0.000000
vn -1.000000 -0.000000 -0.000004
vn -1.000000 -0.000000 -0.000004
vn -1.000000 -0.000000 -0.000004
vn -1.000000 -0.000000 -0.000004
vn -1.000000 -0.000000 -0.000004
vn -1.000000 -0.000000 -0.000004
vn -1.000000 -0.000000 -0.000004
vn -1.000000 -0.000000 -0.000004
vn 1.000000 0.000000 0.000004
vn 1.000000 0.000000 0.000004
vn 1.000000 0.000000 0.000004
vn 1.000000 0.000000 0.000004
vn -0.000004 0.000000 1.000000
vn -0.000004 0.000000 1.000000
vn -0.000004 0.000000 1.000000
vn -0.000004 0.000000 1.000000
vn -0.000004 -0.211440 0.977391
vn -0.000004 -0.004189 0.999991
vn -0.000004 -0.211440 0.977391
vn -0.000004 -0.211440 0.977391
vn 1.000000 0.000000 0.000004
vn 1.000000 0.000000 0.000004
vn 1.000000 0.000000 0.000004
vn 1.000000 0.000000 0.000004
vn 0.000004 -0.000000 -1.000000
vn 0.000004 -0.000000 -1.000000
vn 0.000004 -0.000000 -1.000000
vn 0.000004 -0.000000 -1.000000
vn -0.000004 -0.108973 0.994045
vn -0.000004 -0.211440 0.977391
vn -0.000004 -0.211440 0.977391
vn -0.000004 -0.211440 0.977391
vn -0.000004 0.000000 1.000000
vn -0.000004 0.000000 1.000000
vn -0.000004 0.000000 1.000000
vn -0.000004 0.000000 1.000000
vn 1.000000 0.000000 0.000004
vn 1.000000 0.000000 0.000004
vn 1.000000 0.000000 0.000004
vn 1.000000 0.000000 0.000004
vn -1.000000 -0.000000 -0.000004
vn -1.000000 -0.000000 -0.000004
vn -1.000000 -0.000000 -0.000004
vn -1.000000 -0.000000 -0.000004
vn 0.000004 -0.000000 -1.000000
vn 0.000004 -0.000000 -1.000000
vn 0.000004 -0.000000 -1.000000
vn 0.000004 -0.000000 -1.000000
vn -0.000000 1.000000 -0.000000
vn -0.000000 1.000000 -0.000000
vn -0.000000 1.000000 -0.000000
vn -0.000000 1.000000 -0.000000
vn -1.000000 -0.000000 -0.000004
vn -1.000000 -0.000000 -0.000004
vn -1.000000 -0.000000 -0.000004
vn -1.000000 -0.000000 -0.000004
vn -0.000000 1.000000 -0.000000
vn -0.000000 1.000000 -0.000000
vn -0.000000 1.000000 -0.000000
vn -0.000000 1.000000 -0.000000
vn -0.000000 1.000000 -0.000000
vn -0.000000 1.000000 -0.000000
vn -0.000000 1.000000 -0.000000
vn -0.000000 1.000000 -0.000000
vn 0.000004 0.033204 -0.999449
vn 0.000004 0.033204 -0.999449
vn 0.000004 0.099504 -0.995037
vn 0.000004 0.099504 -0.995037
vn 0.000004 0.033204 -0.999449
vn 0.000004 -0.000000 -1.000000
vn 0.000004 -0.000000 -1.000000
vn 0.000004 -0.000000 -1.000000
vn 0.000004 -0.000000 -1.000000
vn 0.000004 0.033204 -0.999449
vn 0.000004 -0.000000 -1.000000
vn 0.000004 -0.000000 -1.000000
vn 0.000004 0.033204 -0.999449
vn 0.000004 -0.000000 -1.000000
vn 0.000004 -0.000000 -1.000000
vn 0.000004 0.033204 -0.999449
vn 1.000000 0.000000 0.000004
vn 1.000000 0.000000 0.000004
vn 1.000000 0.000000 0.000004
vn 1.000000 0.000000 0.000004
vn -1.000000 -0.000000 -0.000004
vn -1.000000 -0.000000 -0.000004
vn -1.000000 -0.000000 -0.000004
vn -1.000000 -0.000000 -0.000004
vn -0.000004 0.000000 1.000000
vn -0.000004 0.000000 1.000000
vn -0.000004 0.000000 1.000000
vn -0.000004 0.000000 1.000000
vn 0.000000 -0.996529 -0.083252
vn 0.000000 -0.996529 -0.083252
vn 0.000000 -0.996529 -0.083252
vn 0.000000 -0.996529 -0.083252
vn -0.000000 0.996529 0.083252
vn -0.000000 0.996529 0.083252
vn -0.000000 0.996529 0.083252
vn -0.000000 0.996529 0.083252
vn 1.000000 0.000000 0.000004
vn 1.000000 0.000000 0.000004
vn 1.000000 0.000000 0.000004
vn 1.000000 0.000000 0.000004
vn -1.000000 -0.000000 -0.000004
vn -1.000000 -0.000000 -0.000004
vn -1.000000 -0.000000 -0.000004
vn -1.000000 -0.000000 -0.000004
vn 0.059744 -0.000000 -0.998214
vn 0.089533 -0.000000 -0.995984
vn 0.089533 -0.000000 -0.995984
vn 0.029874 -0.000000 -0.999554
vn -0.030465 -0.000000 -0.999536
vn -0.060934 -0.000000 -0.998142
vn -0.091319 -0.000000 -0.995822
vn -0.091319 -0.000000 -0.995822
vn 0.060934 0.000000 0.998142
vn 0.091319 0.000000 0.995822
vn 0.091319 0.000000 0.995822
vn 0.030465 0.000000 0.999536
vn -0.029874 0.000000 0.999554
vn -0.059744 0.000000 0.998214
vn -0.089533 0.000000 0.995984
vn -0.089533 0.000000 0.995984
vn 1.000000 0.000000 0.000004
vn 1.000000 0.000000 0.000004
vn 1.000000 0.000000 0.000004
vn 1.000000 0.000000 0.000004
vn -1.000000 -0.000000 -0.000004
vn -1.000000 -0.000000 -0.000004
vn -1.000000 -0.000000 -0.000004
vn -1.000000 -0.000000 -0.000004
vn -0.000000 1.000000 -0.000000
vn -0.000000 1.000000 -0.000000
vn -0.000000 1.000000 -0.000000
vn -0.000000 1.000000 -0.000000
vn -0.000000 1.000000 -0.000000
vn -0.000000 1.000000 -0.000000
vn -0.000000 1.000000 -0.000000
vn -1.000000 -0.000000 -0.000004
vn -1.000000 -0.000000 -0.000004
vn -1.000000 -0.000000 -0.000004
vn -1.000000 -0.000000 -0.000004
vn -0.000000 1.000000 -0.000000
vn -0.000000 1.000000 -0.000000
vn -0.000000 1.000000 -0.000000
vn -0.000000 1.000000 -0.000000
vn 0.000000 -1.000000 0.000000
vn 0.000000 -1.000000 0.000000
vn 0.000000 -1.000000 0.000000
vn 0.000000 -1.000000 0.000000
vn -0.000000 1.000000 -0.000000
vn -0.000000 1.000000 -0.000000
vn -0.000000 1.000000 -0.000000
vn -0.000000 1.000000 -0.000000
vn 0.000000 -1.000000 0.000000
vn 0.000000 -1.000000 0.000000
vn 0.000000 -1.000000 0.000000
vn 0.000000 -1.000000 0.000000
vn 1.000000 0.000000 0.000004
vn 1.000000 0.000000 0.000004
vn 1.000000 0.000000 0.000004
vn 1.000000 0.000000 0.000004
vn -0.000000 1.000000 -0.000000
vn -0.000000 1.000000 -0.000000
vn -0.000000 1.000000 -0.000000
vn -0.000000 1.000000 -0.000000
vn -1.000000 -0.000000 -0.000004
vn -1.000000 -0.000000 -0.000004
vn -1.000000 -0.000000 -0.000004
vn -1.000000 -0.000000 -0.000004
vn 0.000000 -1.000000 0.000000
vn 0.000000 -1.000000 0.000000
vn 0.000000 -1.000000 0.000000
vn 0.000000 -1.000000 0.000000
vn 1.000000 0.000000 0.000004
vn 1.000000 0.000000 0.000004
vn 1.000000 0.000000 0.000004
vn 1.000000 0.000000 0.000004
vn -1.000000 -0.000000 -0.000004
vn -1.000000 -0.000000 -0.000004
vn -1.000000 -0.000000 -0.000004
vn -1.000000 -0.000000 -0.000004
vn -0.000000 1.000000 -0.000000
vn -0.000000 1.000000 -0.000000
vn -0.000000 1.000000 -0.000000
vn -0.000000 1.000000 -0.000000
vn 1.000000 0.000000 0.000004
vn 1.000000 0.000000 0.000004
vn 1.000000 0.000000 0.000004
vn 1.000000 0.000000 0.000004
vn -1.000000 -0.000000 -0.000004
vn -1.000000 -0.000000 -0.000004
vn -1.000000 -0.000000 -0.000004
vn -1.000000 -0.000000 -0.000004
vn 0.000000 -1.000000 0.000000
vn 0.000000 -1.000000 0.000000
vn 0.000000 -1.000000 0.000000
vn 0.000000 -1.000000 0.000000
vn 1.000000 0.000000 0.000004
vn 1.000000 0.000000 0.000004
vn 1.000000 0.000000 0.000004
vn 1.000000 0.000000 0.000004
vn -1.000000 -0.000000 -0.000004
vn -1.000000 -0.000000 -0.000004
vn -1.000000 -0.000000 -0.000004
vn -1.000000 -0.000000 -0.000004
vn 1.000000 0.000000 0.000004
vn 1.000000 0.000000 0.000004
vn 1.000000 0.000000 0.000004
vn 1.000000 0.000000 0.000004
vn -0.059745 0.000000 0.998214
vn -0.089535 0.000000 0.995984
vn -0.089535 0.000000 0.995984
vn -0.029875 0.000000 0.999554
vn 0.030464 0.000000 0.999536
vn 0.060933 0.000000 0.998142
vn 0.091317 0.000000 0.995822
vn 0.091317 0.000000 0.995822
vn -0.060933 -0.000000 -0.998142
vn -0.091317 -0.000000 -0.995822
vn -0.091317 -0.000000 -0.995822
vn -0.030464 -0.000000 -0.999536
vn 0.029875 -0.000000 -0.999554
vn 0.059745 -0.000000 -0.998214
vn 0.089535 -0.000000 -0.995984
vn 0.089535 -0.000000 -0.995984
vn 0.000000 -1.000000 0.000000
vn 0.000000 -1.000000 0.000000
vn 0.000000 -1.000000 0.000000
vn 0.000000 -1.000000 0.000000
vn 0.000000 -1.000000 0.000000
vn 0.000000 -1.000000 0.000000
vn 0.229548 0.972275 -0.044595
vn -0.090937 0.995491 -0.026992
vn 0.152597 0.987844 -0.029646
vn -0.000000 1.000000 -0.000000
vn -0.016619 0.033247 -0.999309
vn -0.005537 0.030357 -0.999524
vn -0.005549 -0.015969 -0.999857
vn 0.003337 -0.025832 -0.999661
vn 0.000004 -0.109958 -0.993936
vn 0.000004 -0.109958 -0.993936
vn 0.008317 0.031080 -0.999482
vn 0.016628 0.033247 -0.999309
vn 1.000000 0.000000 0.000004
vn 1.000000 0.000000 0.000004
vn 1.000000 0.000000 0.000004
vn 1.000000 0.000000 0.000004
vn 1.000000 0.000000 0.000004
vn 1.000000 0.000000 0.000004
vn 1.000000 0.000000 0.000004
vn 1.000000 0.000000 0.000004
vn -0.060924 0.198782 -0.978148
vn -0.040617 0.200219 -0.978909
vn -0.105130 0.210268 -0.971975
vn -0.005527 0.197531 -0.980281
vn 0.030467 0.200906 -0.979137
vn 0.008302 0.194871 -0.980794
vn 0.060933 0.198782 -0.978148
vn 0.105138 0.210268 -0.971974
vn 0.000000 -1.000000 0.000000
vn 0.000000 -1.000000 0.000000
vn 0.000000 -1.000000 0.000000
vn 0.000000 -1.000000 0.000000
vn 0.000000 -1.000000 0.000000
vn 0.000000 -1.000000 0.000000
vn 0.000000 -1.000000 0.000000
vn 0.000000 -1.000000 0.000000
vn 0.000000 -1.000000 0.000000
vn 0.000000 -1.000000 0.000000
vn 0.000000 -1.000000 0.000000
vn 0.000000 -1.000000 0.000000
vn 0.000000 -1.000000 0.000000
vn 0.000000 -1.000000 0.000000
vn 0.000000 -1.000000 0.000000
vn 0.000000 -1.000000 0.000000
vn 0.000000 -1.000000 0.000000
vn -0.000000 1.000000 -0.000000
vn -0.000000 1.000000 -0.000000
vn -0.000000 1.000000 -0.000000
vn -0.000000 1.000000 -0.000000
vn -0.000000 1.000000 -0.000000
vn -0.000000 1.000000 -0.000000
vn -0.000000 1.000000 -0.000000
vn -0.000000 1.000000 -0.000000
vn -0.000000 1.000000 -0.000000
vn -0.000000 1.000000 -0.000000
vn -0.000000 1.000000 -0.000000
vn -0.000000 1.000000 -0.000000
vn -0.000000 1.000000 -0.000000
vn -0.000000 1.000000 -0.000000
vn -0.000000 1.000000 -0.000000
vn -0.000000 1.000000 -0.000000
vn 0.000000 -1.000000 0.000000
vn 0.000000 -1.000000 0.000000
vn 0.000000 -1.000000 0.000000
vn 0.000000 -1.000000 0.000000
vn 0.000000 -1.000000 0.000000
vn 0.000000 -1.000000 0.000000
vn 0.000000 -1.000000 0.000000
vn 0.000000 -1.000000 0.000000
vn 0.000004 -0.000000 -1.000000
vn 0.000004 -0.000000 -1.000000
vn 0.000004 -0.000000 -1.000000
vn 0.000004 -0.000000 -1.000000
vn 0.000004 -0.000000 -1.000000
vn 0.000004 -0.000000 -1.000000
vn 0.000004 -0.000000 -1.000000
vn 0.000004 -0.000000 -1.000000
vn 0.000004 -0.000000 -1.000000
vn 0.000004 -0.000000 -1.000000
vn 0.000004 -0.000000 -1.000000
vn 0.000004 -0.000000 -1.000000
vn 0.000004 -0.000000 -1.000000
vn 0.000004 -0.000000 -1.000000
vn 0.000004 -0.000000 -1.000000
vn 0.000004 -0.000000 -1.000000
vn 0.000004 -0.000000 -1.000000
vn 0.000004 -0.000000 -1.000000
vn 0.000004 -0.000000 -1.000000
vn 0.000004 -0.000000 -1.000000
vn 0.000004 -0.000000 -1.000000
vn 0.000004 -0.000000 -1.000000
vn 0.000004 -0.000000 -1.000000
vn 0.000004 -0.000000 -1.000000
vn 0.000004 -0.000000 -1.000000
f 1/1/1 2/2/2 3/3/3
f 4/4/4 5/5/5 1/1/1
f 6/6/6 4/4/4 7/7/7
f 8/8/8 9/9/9 10/10/10
f 11/11/11 12/12/12 13/13/13
f 14/14/14 15/15/15 16/16/16
f 17/17/17 18/18/18 19/19/19
f 20/20/20 21/21/21 22/22/22
f 23/23/23 24/24/24 25/25/25
f 26/26/26 27/27/27 28/28/28
f 26/26/26 29/29/29 30/30/30
f 31/31/31 32/32/32 33/33/33
f 34/34/34 35/35/35 36/36/36
f 37/37/37 38/38/38 36/36/36
f 39/39/39 38/38/38 40/40/40
f 39/39/39 40/40/40 41/41/41
f 42/42/42 41/41/41 40/40/40
f 41/41/41 42/42/42 43/43/43
f 44/44/44 45/45/45 40/40/40
f 46/46/46 47/47/47 44/44/44
f 48/48/48 49/49/49 39/39/39
f 50/50/50 49/49/49 48/48/48
f 51/51/51 52/52/52 53/53/53
f 54/54/54 55/55/55 56/56/56
f 57/57/57 58/58/58 59/59/59
f 60/60/60 61/61/61 62/62/62
f 63/63/63 64/64/64 65/65/65
f 66/66/66 67/67/67 68/68/68
f 69/69/69 70/70/70 71/71/71
f 72/72/72 73/73/73 74/74/74
f 75/75/75 73/73/73 76/76/76
f 77/77/77 73/73/73 75/75/75
f 78/78/78 79/79/79 75/75/75
f 79/79/79 78/78/78 80/80/80
f 81/81/81 80/80/80 78/78/78
f 80/80/80 81/81/81 82/82/82
f 82/82/82 81/81/81 83/83/83
f 78/78/78 84/84/84 85/85/85
f 83/83/83 86/86/86 87/87/87
f 87/87/87 86/86/86 88/88/88
f 89/89/89 90/90/90 91/91/91
f 92/92/92 93/93/93 94/94/94
f 93/93/93 95/95/95 96/96/96
f 95/95/95 93/93/93 97/97/97
f 98/98/98 99/99/99 100/100/100
f 101/101/101 102/102/102 103/103/103
f 102/102/102 104/104/104 105/105/105
f 106/106/106 102/102/102 107/107/107
f 102/102/102 108/108/108 107/107/107
f 107/107/107 108/108/108 109/109/109
f 107/107/107 109/109/109 110/110/110
f 111/111/111 109/109/109 108/108/108
f 112/112/112 113/113/113 111/111/111
f 114/114/114 108/108/108 115/115/115
f 116/116/116 117/117/117 118/118/118
f 119/119/119 120/120/120 121/121/121
f 122/122/122 123/123/123 124/124/124
f 125/125/125 126/126/126 127/127/127
f 128/128/128 129/129/129 130/130/130
f 131/131/131 132/132/132 133/133/133
f 134/134/134 135/135/135 136/136/136
f 137/137/137 135/135/135 134/134/134
f 135/135/135 137/137/137 138/138/138
f 139/139/139 140/140/140 141/141/141
f 139/139/139 141/141/141 142/142/142
f 143/143/143 139/139/139 144/144/144
f 144/144/144 145/145/145 143/143/143
f 144/144/144 146/146/146 145/145/145
f 147/147/147 148/148/148 149/149/149
f 147/147/147 149/149/149 150/150/150
f 151/151/151 152/152/152 153/153/153
f 151/151/151 153/153/153 154/154/154
f 155/155/155 156/156/156 157/157/157
f 158/158/158 156/156/156 155/155/155
f 159/159/159 156/156/156 160/160/160
f 159/159/159 161/161/161 156/156/156
f 162/162/162 161/161/161 159/159/159
f 163/163/163 164/164/164 165/165/165
f 163/163/163 165/165/165 166/166/166
f 167/167/167 168/168/168 169/169/169
f 167/167/167 169/169/169 170/170/170
f 171/171/171 172/172/172 173/173/173
f 171/171/171 173/173/173 174/174/174
f 175/175/175 176/176/176 177/177/177
f 175/175/175 177/177/177 178/178/178
f 179/179/179 180/180/180 181/181/181
f 179/179/179 181/181/181 182/182/182
f 183/183/183 184/184/184 185/185/185
f 183/183/183 185/185/185 186/186/186
f 187/187/187 188/188/188 189/189/189
f 187/187/187 189/189/189 190/190/190
f 191/191/191 192/192/192 193/193/193
f 191/191/191 193/193/193 194/194/194
f 195/195/195 196/196/196 197/197/197
f 195/195/195 197/197/197 198/198/198
f 199/199/199 200/200/200 201/201/201
f 199/199/199 201/201/201 202/202/202
f 203/203/203 204/204/204 205/205/205
f 203/203/203 205/205/205 206/206/206
f 207/207/207 208/208/208 209/209/209
f 207/207/207 209/209/209 210/210/210
f 211/211/211 212/212/212 213/213/213
f 211/211/211 213/213/213 214/214/214
f 215/215/215 216/216/216 217/217/217
f 215/215/215 217/217/217 218/218/218
f 219/219/219 220/220/220 221/221/221
f 219/219/219 221/221/221 222/222/222
f 223/223/223 224/224/224 225/225/225
f 223/223/223 225/225/225 226/226/226
f 227/227/227 228/228/228 229/229/229
f 227/227/227 229/229/229 230/230/230
f 231/231/231 232/232/232 233/233/233
f 231/231/231 233/233/233 234/234/234
f 235/235/235 236/236/236 237/237/237
f 235/235/235 237/237/237 238/238/238
f 239/239/239 240/240/240 241/241/241
f 239/239/239 241/241/241 242/242/242
f 243/243/243 244/244/244 245/245/245
f 243/243/243 245/245/245 246/246/246
f 247/247/247 248/248/248 249/249/249
f 247/247/247 249/249/249 250/250/250
f 251/251/251 252/252/252 253/253/253
f 251/251/251 253/253/253 254/254/254
f 255/255/255 256/256/256 257/257/257
f 255/255/255 257/257/257 258/258/258
f 259/259/259 260/260/260 261/261/261
f 259/259/259 261/261/261 262/262/262
f 263/263/263 264/264/264 265/265/265
f 263/263/263 265/265/265 266/266/266
f 267/267/267 263/263/263 266/266/266
f 267/267/267 266/266/266 268/268/268
f 269/269/269 267/267/267 268/268/268
f 269/269/269 268/268/268 270/270/270
f 271/271/271 272/272/272 273/273/273
f 271/271/271 273/273/273 274/274/274
f 275/275/275 271/271/271 274/274/274
f 275/275/275 274/274/274 276/276/276
f 277/277/277 275/275/275 276/276/276
f 277/277/277 276/276/276 278/278/278
f 279/279/279 280/280/280 281/281/281
f 279/279/279 281/281/281 282/282/282
f 283/283/283 284/284/284 285/285/285
f 283/283/283 285/285/285 286/286/286
f 287/287/287 288/288/288 289/289/289
f 288/288/288 287/287/287 290/290/290
f 291/291/291 290/290/290 287/287/287
f 290/290/290 291/291/291 292/292/292
f 292/292/292 291/291/291 293/293/293
f 294/294/294 295/295/295 296/296/296
f 294/294/294 296/296/296 297/297/297
f 298/298/298 299/299/299 300/300/300
f 298/298/298 300/300/300 301/301/301
f 302/302/302 303/303/303 304/304/304
f 302/302/302 304/304/304 305/305/305
f 306/306/306 307/307/307 308/308/308
f 306/306/306 308/308/308 309/309/309
f 310/310/310 311/311/311 312/312/312
f 310/310/310 312/312/312 313/313/313
f 314/314/314 315/315/315 316/316/316
f 314/314/314 316/316/316 317/317/317
f 318/318/318 319/319/319 320/320/320
f 318/318/318 320/320/320 321/321/321
f 322/322/322 323/323/323 324/324/324
f 322/322/322 324/324/324 325/325/325
f 326/326/326 327/327/327 328/328/328
f 326/326/326 328/328/328 329/329/329
f 330/330/330 331/331/331 332/332/332
f 330/330/330 332/332/332 333/333/333
f 334/334/334 335/335/335 336/336/336
f 334/334/334 336/336/336 337/337/337
f 338/338/338 339/339/339 340/340/340
f 338/338/338 340/340/340 341/341/341
f 342/342/342 343/343/343 344/344/344
f 342/342/342 344/344/344 345/345/345
f 346/346/346 347/347/347 348/348/348
f 346/346/346 348/348/348 349/349/349
f 350/350/350 351/351/351 352/352/352
f 350/350/350 352/352/352 353/353/353
f 354/354/354 355/355/355 356/356/356
f 354/354/354 356/356/356 357/357/357
f 358/358/358 359/359/359 360/360/360
f 358/358/358 360/360/360 361/361/361
f 362/362/362 363/363/363 364/364/364
f 362/362/362 364/364/364 365/365/365
f 366/366/366 367/367/367 368/368/368
f 366/366/366 368/368/368 369/369/369
f 370/370/370 366/366/366 369/369/369
f 370/370/370 369/369/369 371/371/371
f 372/372/372 370/370/370 371/371/371
f 372/372/372 371/371/371 373/373/373
f 374/374/374 375/375/375 376/376/376
f 374/374/374 376/376/376 377/377/377
f 378/378/378 374/374/374 377/377/377
f 378/378/378 377/377/377 379/379/379
f 380/380/380 378/378/378 379/379/379
f 380/380/380 379/379/379 381/381/381
f 382/382/382 383/383/383 384/384/384
f 383/383/383 382/382/382 385/385/385
f 382/382/382 386/386/386 385/385/385
f 385/385/385 386/386/386 387/387/387
f 388/388/388 389/389/389 390/390/390
f 390/390/390 389/389/389 391/391/391
f 392/392/392 393/393/393 394/394/394
f 394/394/394 393/393/393 395/395/395
f 396/396/396 394/394/394 395/395/395
f 396/396/396 395/395/395 397/397/397
f 398/398/398 395/395/395 393/393/393
f 395/395/395 398/398/398 399/399/399
f 400/400/400 401/401/401 402/402/402
f 402/402/402 401/401/401 403/403/403
f 404/404/404 405/405/405 406/406/406
f 406/406/406 405/405/405 407/407/407
f 408/408/408 409/409/409 410/410/410
f 411/411/411 409/409/409 408/408/408
f 411/411/411 412/412/412 409/409/409
f 413/413/413 412/412/412 411/411/411
f 414/414/414 412/412/412 413/413/413
f 415/415/415 412/412/412 414/414/414
f 416/416/416 417/417/417 418/418/418
f 419/419/419 417/417/417 416/416/416
f 420/420/420 421/421/421 422/422/422
f 421/421/421 423/423/423 422/422/422
f 422/422/422 423/423/423 424/424/424
f 425/425/425 426/426/426 427/427/427
f 428/428/428 426/426/426 425/425/425
f 428/428/428 429/429/429 426/426/426
f 430/430/430 429/429/429 428/428/428
f 431/431/431 429/429/429 430/430/430
f 432/432/432 429/429/429 431/431/431
f 433/433/433 434/434/434 435/435/435
f 436/436/436 434/434/434 433/433/433
f 436/436/436 437/437/437 434/434/434
f 438/438/438 437/437/437 436/436/436
f 439/439/439 437/437/437 438/438/438
f 440/440/440 437/437/437 439/439/439
f 441/441/441 442/442/442 443/443/443
f 444/444/444 442/442/442 441/441/441
f 444/444/444 445/445/445 442/442/442
f 446/446/446 445/445/445 444/444/444
f 447/447/447 445/445/445 446/446/446
f 448/448/448 445/445/445 447/447/447
f 449/449/449 450/450/450 451/451/451
f 452/452/452 450/450/450 449/449/449
f 452/452/452 453/453/453 450/450/450
f 454/454/454 453/453/453 452/452/452
f 455/455/455 453/453/453 454/454/454
f 456/456/456 453/453/453 455/455/455
f 457/457/457 458/458/458 459/459/459
f 460/460/460 457/457/457 459/459/459
f 461/461/461 458/458/458 457/457/457
f 461/461/461 462/462/462 458/458/458
f 457/457/457 460/460/460 463/463/463
f 458/458/458 462/462/462 464/464/464
f 463/463/463 460/460/460 465/465/465
f 466/466/466 463/463/463 465/465/465
f 464/464/464 467/467/467 460/460/460
f 460/460/460 467/467/467 465/465/465
f 462/462/462 467/467/467 464/464/464
f 467/467/467 462/462/462 468/468/468
f 466/466/466 465/465/465 469/469/469
f 470/470/470 468/468/468 462/462/462
f 466/466/466 469/469/469 471/471/471
f 468/468/468 471/471/471 469/469/469
f 471/471/471 468/468/468 472/472/472
f 472/472/472 468/468/468 470/470/470
f 473/473/473 466/466/466 471/471/471
f 466/466/466 473/473/473 474/474/474
f 470/470/470 475/475/475 472/472/472
f 474/474/474 473/473/473 476/476/476
f 475/475/475 476/476/476 473/473/473
f 476/476/476 477/477/477 474/474/474
f 478/478/478 477/477/477 476/476/476
f 477/477/477 478/478/478 479/479/479
f 477/477/477 479/479/479 480/480/480
f 475/475/475 481/481/481 476/476/476
f 475/475/475 470/470/470 481/481/481
f 481/481/481 480/480/480 479/479/479
f 481/481/481 470/470/470 480/480/480
