g Model_0
v -0.694982 -0.076025 2.593243
v -0.694982 -0.273431 2.593243
v -0.694974 -0.106347 0.593243
v -0.694974 0.091060 0.593243
v -0.892380 0.091060 0.593242
v -0.892380 -0.106347 0.593242
v -0.892389 -0.273432 2.593242
v -0.892389 -0.076025 2.593242
v -0.892389 -0.076025 2.593242
v -0.892389 -0.273432 2.593242
v -0.694982 -0.273431 2.593243
v -0.694982 -0.076025 2.593243
v -0.694982 -0.273431 2.593243
v -0.892389 -0.273432 2.593242
v -0.892380 -0.106347 0.593242
v -0.694974 -0.106347 0.593243
v -0.892389 -0.076025 2.593242
v -0.694982 -0.076025 2.593243
v -0.694974 0.091060 0.593243
v -0.892380 0.091060 0.593242
v 1.260811 0.100803 -2.102122
v 1.260811 -0.158647 -2.102122
v 1.260812 -0.158647 -2.450180
v 1.260812 0.100803 -2.450180
v -0.531250 0.100803 -2.517115
v -1.261050 -0.158647 -2.450191
v -1.261050 0.100803 -2.450191
v -0.531250 -0.158647 -2.517115
v 0.516266 0.100803 -2.517110
v 0.516266 -0.158647 -2.517110
v 1.260812 0.100803 -2.450180
v 1.260812 -0.158647 -2.450180
v -1.261050 0.100803 -2.450191
v -1.261050 -0.158647 -2.450191
v -1.261051 -0.158647 -2.102133
v -1.261051 0.100803 -2.102133
v 0.516265 0.100803 -2.169053
v 1.260811 -0.158647 -2.102122
v 1.260811 0.100803 -2.102122
v 0.516265 -0.158647 -2.169053
v -0.531251 0.100803 -2.169057
v -0.531251 -0.158647 -2.169057
v -1.261051 0.100803 -2.102133
v -1.261051 -0.158647 -2.102133
v -0.531251 -0.158647 -2.169057
v -1.261051 -0.158647 -2.102133
v -1.261050 -0.158647 -2.450191
v -0.531250 -0.158647 -2.517115
v 0.516265 -0.158647 -2.169053
v 0.516266 -0.158647 -2.517110
v 1.260811 -0.158647 -2.102122
v 1.260812 -0.158647 -2.450180
v 0.516265 0.100803 -2.169053
v 1.260811 0.100803 -2.102122
v 1.260812 0.100803 -2.450180
v 0.516266 0.100803 -2.517110
v -0.531251 0.100803 -2.169057
v -0.531250 0.100803 -2.517115
v -1.261051 0.100803 -2.102133
v -1.261050 0.100803 -2.450191
v 0.716384 1.008923 -2.274179
v 0.716384 0.198824 -2.274179
v 0.716385 0.198824 -2.445077
v 0.716384 1.008923 -2.445077
v -0.716363 1.008923 -2.445083
v -0.716363 0.198824 -2.445083
v -0.716364 0.198824 -2.274185
v -0.716364 1.008923 -2.274186
v -0.358177 0.198824 -2.274184
v -0.716364 0.198824 -2.274185
v -0.716363 0.198824 -2.445083
v -0.358177 0.198824 -2.445081
v 0.000010 0.198824 -2.274182
v 0.000011 0.198824 -2.445080
v 0.358197 0.198824 -2.274181
v 0.358198 0.198824 -2.445078
v 0.716384 0.198824 -2.274179
v 0.716385 0.198824 -2.445077
v 0.358197 1.008923 -2.274181
v 0.716384 1.008923 -2.274179
v 0.716384 1.008923 -2.445077
v 0.358198 1.008923 -2.445078
v 0.000010 1.008923 -2.274182
v 0.000011 1.008923 -2.445080
v -0.358177 1.008923 -2.274184
v -0.358177 1.008923 -2.445081
v -0.716364 1.008923 -2.274186
v -0.716363 1.008923 -2.445083
v 0.626838 0.289730 -2.445077
v 0.626837 0.289730 -2.274180
v 0.626837 0.918017 -2.274180
v 0.626838 0.918017 -2.445077
v -0.626817 0.289730 -2.445082
v -0.626817 0.289730 -2.274185
v -0.447724 0.289730 -2.274184
v -0.447723 0.289730 -2.445082
v 0.626838 0.918017 -2.445077
v 0.626837 0.918017 -2.274180
v 0.447744 0.918017 -2.274180
v 0.447744 0.918017 -2.445078
v 0.089557 0.289730 -2.445079
v 0.089557 0.289730 -2.274182
v 0.268650 0.289730 -2.274181
v 0.268651 0.289730 -2.445079
v -0.447723 0.918017 -2.445082
v -0.447724 0.918017 -2.274184
v -0.626818 0.918017 -2.274185
v -0.626817 0.918017 -2.445083
v -0.268630 0.918017 -2.445081
v -0.268630 0.918017 -2.274184
v -0.268630 0.289730 -2.274183
v -0.268629 0.289730 -2.445081
v -0.268629 0.289730 -2.445081
v -0.268630 0.289730 -2.274183
v -0.089537 0.289730 -2.274183
v -0.089536 0.289730 -2.445080
v 0.268651 0.289730 -2.445079
v 0.268650 0.289730 -2.274181
v 0.268650 0.918017 -2.274181
v 0.268651 0.918017 -2.445079
v 0.268651 0.918017 -2.445079
v 0.268650 0.918017 -2.274181
v 0.089556 0.918017 -2.274182
v 0.089557 0.918017 -2.445079
v 0.447744 0.918017 -2.445078
v 0.447744 0.918017 -2.274180
v 0.447744 0.289730 -2.274180
v 0.447745 0.289730 -2.445078
v -0.447723 0.289730 -2.445082
v -0.447724 0.289730 -2.274184
v -0.447724 0.918017 -2.274184
v -0.447723 0.918017 -2.445082
v 0.447745 0.289730 -2.445078
v 0.447744 0.289730 -2.274180
v 0.626837 0.289730 -2.274180
v 0.626838 0.289730 -2.445077
v -0.626817 0.918017 -2.445083
v -0.626818 0.918017 -2.274185
v -0.626817 0.289730 -2.274185
v -0.626817 0.289730 -2.445082
v -0.089536 0.289730 -2.445080
v -0.089537 0.289730 -2.274183
v -0.089537 0.918017 -2.274183
v -0.089536 0.918017 -2.445080
v -0.089536 0.918017 -2.445080
v -0.089537 0.918017 -2.274183
v -0.268630 0.918017 -2.274184
v -0.268630 0.918017 -2.445081
v 0.089557 0.918017 -2.445079
v 0.089556 0.918017 -2.274182
v 0.089557 0.289730 -2.274182
v 0.089557 0.289730 -2.445079
v -1.260814 0.100804 2.102120
v -1.260814 -0.158646 2.102121
v -1.260816 -0.158646 2.450178
v -1.260816 0.100804 2.450178
v 0.531246 0.100804 2.517116
v 1.261046 -0.158646 2.450193
v 1.261046 0.100804 2.450193
v 0.531246 -0.158646 2.517116
v -0.516270 0.100804 2.517110
v -0.516270 -0.158646 2.517110
v -1.260816 0.100804 2.450178
v -1.260816 -0.158646 2.450178
v 1.261046 0.100804 2.450193
v 1.261046 -0.158646 2.450193
v 1.261048 -0.158646 2.102135
v 1.261048 0.100804 2.102135
v -0.516268 0.100804 2.169052
v -1.260814 -0.158646 2.102121
v -1.260814 0.100804 2.102120
v -0.516268 -0.158646 2.169052
v 0.531248 0.100804 2.169058
v 0.531248 -0.158646 2.169058
v 1.261048 0.100804 2.102135
v 1.261048 -0.158646 2.102135
v 0.531248 -0.158646 2.169058
v 1.261048 -0.158646 2.102135
v 1.261046 -0.158646 2.450193
v 0.531246 -0.158646 2.517116
v -0.516268 -0.158646 2.169052
v -0.516270 -0.158646 2.517110
v -1.260814 -0.158646 2.102121
v -1.260816 -0.158646 2.450178
v -0.516268 0.100804 2.169052
v -1.260814 0.100804 2.102120
v -1.260816 0.100804 2.450178
v -0.516270 0.100804 2.517110
v 0.531248 0.100804 2.169058
v 0.531246 0.100804 2.517116
v 1.261048 0.100804 2.102135
v 1.261046 0.100804 2.450193
v -1.230967 -0.125000 2.120541
v -1.230968 -0.124999 2.370541
v -1.230968 0.125001 2.370542
v -1.230967 0.125000 2.120542
v -1.230962 -0.125000 0.829686
v -1.230967 1.125001 2.120542
v -1.230968 1.125001 2.370542
v -1.230962 1.125000 0.829687
v -1.230961 0.125000 0.829687
v -1.230961 -0.125000 0.579686
v -1.230960 1.125000 0.579687
v -1.230960 0.125000 0.579687
v -1.230955 -0.125000 -0.711169
v -1.230956 1.125000 -0.622908
v -1.230955 0.125000 -0.711168
v -1.230954 -0.125000 -0.961169
v -1.230954 0.125000 -0.961168
v -1.230948 -0.125001 -2.370551
v -1.230948 0.124999 -2.398208
v -1.230949 0.956308 -2.370550
v -1.230954 1.000000 -0.961168
v -1.230956 1.875000 -0.461168
v -1.230958 1.875000 -0.211168
v -1.230957 2.125000 -0.298935
v -1.230958 2.125000 -0.048935
v -1.230961 2.125000 0.579685
v -1.230961 1.875000 0.579687
v 0.980948 -0.124999 2.370550
v 1.230948 -0.124999 2.370551
v 1.230948 0.125001 2.370550
v 0.980948 0.125001 2.370549
v -0.980968 -0.124999 2.370542
v 0.980948 1.125001 2.370549
v 1.230948 1.125001 2.370550
v -0.980968 1.125001 2.370543
v -0.980968 0.125001 2.370543
v -1.230968 -0.124999 2.370541
v -1.230968 1.125001 2.370542
v -1.230968 0.125001 2.370542
v 1.230962 -0.125000 -0.961159
v 1.230968 -0.125001 -2.370542
v 1.230968 0.124999 -2.398199
v 1.230962 0.125000 -0.961159
v 1.230961 -0.125000 -0.711159
v 1.230962 1.000000 -0.961159
v 1.230968 0.956309 -2.370541
v 1.230961 0.125000 -0.711159
v 1.230956 -0.125000 0.579696
v 1.230961 1.125000 -0.622898
v 1.230959 1.875000 -0.211159
v 1.230956 1.125000 0.579696
v 1.230960 1.875000 -0.461159
v 1.230956 0.125000 0.579696
v 1.230955 -0.125000 0.829696
v 1.230954 1.125000 0.829696
v 1.230958 2.125000 -0.048926
v 1.230959 2.125000 -0.298926
v 1.230955 1.875000 0.579695
v 1.230955 2.125000 0.579695
v 1.230955 0.125000 0.829696
v 1.230949 -0.124999 2.120551
v 1.230949 1.125001 2.120550
v 1.230949 0.125001 2.120550
v 1.230948 -0.124999 2.370551
v 1.230948 1.125001 2.370550
v 1.230948 0.125001 2.370550
v 0.980968 -0.125001 -2.370543
v 1.230968 -0.125001 -2.370542
v 1.230962 -0.125000 -0.961159
v 0.980962 -0.125000 -0.961160
v -0.980948 -0.125001 -2.370550
v 1.230961 -0.125000 -0.711159
v -0.980954 -0.125000 -0.961168
v -1.230948 -0.125001 -2.370551
v -1.230954 -0.125000 -0.961169
v 0.980961 -0.125000 -0.711160
v 1.230956 -0.125000 0.579696
v -0.980955 -0.125000 -0.711168
v -1.230955 -0.125000 -0.711169
v 0.980956 -0.125000 0.579695
v 1.230955 -0.125000 0.829696
v -0.980961 -0.125000 0.579687
v -1.230961 -0.125000 0.579686
v 0.980954 -0.125000 0.829695
v 1.230949 -0.124999 2.120551
v -0.980962 -0.125000 0.829687
v -1.230962 -0.125000 0.829686
v 0.980949 -0.124999 2.120550
v 1.230948 -0.124999 2.370551
v 0.980948 -0.124999 2.370550
v -0.980967 -0.124999 2.120542
v -1.230967 -0.125000 2.120541
v -0.980968 -0.124999 2.370542
v -1.230968 -0.124999 2.370541
v -1.230948 0.124999 -2.398208
v -1.230949 0.956308 -2.370550
v -0.980949 1.081309 -2.370549
v -0.980948 0.124999 -2.398207
v 0.980968 1.081309 -2.370542
v -0.980948 -0.125001 -2.370550
v -1.230948 -0.125001 -2.370551
v 0.980968 -0.125001 -2.370543
v 0.980968 0.124999 -2.398200
v 1.230968 0.956309 -2.370541
v 1.230968 -0.125001 -2.370542
v 1.230968 0.124999 -2.398199
v 0.980950 0.125001 2.020549
v 0.980949 1.125001 2.120549
v 0.980954 1.125000 0.829695
v 0.980955 0.125000 0.829695
v 0.980956 1.125000 0.579695
v 0.980956 0.125000 0.579695
v 0.980961 1.125000 -0.622900
v 0.980961 0.125000 -0.611160
v 0.980962 1.125000 -0.961160
v 0.980962 0.125000 -0.861160
v -0.980966 0.125000 2.020543
v -0.980967 1.125001 2.120543
v 0.980949 1.125001 2.120549
v 0.980950 0.125001 2.020549
v -0.980961 0.125000 0.829688
v -0.980966 0.125000 2.020543
v 0.980950 0.125001 2.020549
v 0.980955 0.125000 0.829695
v -0.980960 0.125000 0.579688
v 0.980956 0.125000 0.579695
v -0.980956 0.125000 -0.611167
v 0.980961 0.125000 -0.611160
v -0.980954 0.125000 -0.861167
v 0.980962 0.125000 -0.861160
v 1.230956 1.125000 0.579696
v 1.230954 1.875001 0.829695
v 1.230954 1.125000 0.829696
v 1.230955 1.875000 0.579695
v 1.230954 2.125001 0.829695
v 1.230955 2.125000 0.579695
v 1.230950 2.125001 1.981666
v 1.230949 1.875001 2.020550
v 1.230948 2.125001 2.231666
v 1.230948 1.875001 2.270550
v 1.230949 1.125001 2.120550
v 1.230948 1.125001 2.370550
v 0.980968 1.081309 -2.370542
v 1.230962 1.000000 -0.961159
v 1.230968 0.956309 -2.370541
v 0.980962 1.125000 -0.961160
v -0.980949 1.081309 -2.370549
v -0.980954 1.125000 -0.961167
v -1.230949 0.956308 -2.370550
v -1.230954 1.000000 -0.961168
v -0.980967 1.125001 2.120543
v -0.980968 1.125001 2.370543
v 0.980948 1.125001 2.370549
v 0.980949 1.125001 2.120549
v -1.230968 1.125001 2.370542
v -1.230966 1.875001 2.020542
v -1.230967 1.125001 2.120542
v -1.230967 1.875001 2.270542
v -1.230966 2.125001 1.981658
v -1.230967 2.125001 2.231658
v -1.230962 1.875000 0.829687
v -1.230962 2.125000 0.829685
v -1.230961 2.125000 0.579685
v -1.230961 1.875000 0.579687
v -1.230962 1.125000 0.829687
v -1.230960 1.125000 0.579687
v 0.980954 1.125000 0.829695
v 0.980949 1.125001 2.120549
v 1.230949 1.125001 2.120550
v 1.230954 1.125000 0.829696
v -1.230962 1.125000 0.829687
v -1.230967 1.125001 2.120542
v -0.980967 1.125001 2.120543
v -0.980961 1.125000 0.829688
v 0.980961 1.125000 -0.622900
v 0.980956 1.125000 0.579695
v 1.230956 1.125000 0.579696
v 1.230961 1.125000 -0.622898
v -1.230956 1.125000 -0.622908
v -1.230960 1.125000 0.579687
v -0.980960 1.125000 0.579688
v -0.980956 1.125000 -0.622907
v -0.980960 1.125000 0.579688
v -0.980961 1.875000 0.579688
v -0.980962 1.875000 0.829688
v -0.980961 1.125000 0.829688
v 1.230948 1.125001 2.370550
v 0.980948 1.875001 2.270549
v 0.980948 1.125001 2.370549
v 1.230948 1.875001 2.270550
v 0.980948 2.125001 2.231665
v 1.230948 2.125001 2.231666
v -0.980961 0.125000 0.829688
v -0.980967 1.125001 2.120543
v -0.980966 0.125000 2.020543
v -0.980961 1.125000 0.829688
v -0.980960 0.125000 0.579688
v -0.980960 1.125000 0.579688
v -0.980956 0.125000 -0.611167
v -0.980956 1.125000 -0.622907
v -0.980954 0.125000 -0.861167
v -0.980954 1.125000 -0.961167
v 0.980962 0.125000 -0.861160
v 0.980962 1.125000 -0.961160
v -0.980954 1.125000 -0.961167
v -0.980954 0.125000 -0.861167
v -0.980961 1.125000 0.829688
v -0.980962 1.875000 0.829688
v -1.230962 1.875000 0.829687
v -1.230962 1.125000 0.829687
v -0.980956 1.125000 -0.622907
v -0.980958 1.875000 -0.211167
v -1.230958 1.875000 -0.211168
v -1.230956 1.125000 -0.622908
v -1.230956 1.875000 -0.461168
v -1.230957 2.125000 -0.298935
v -0.980957 2.125000 -0.298934
v -0.980956 1.875000 -0.461167
v -1.230954 1.000000 -0.961168
v -0.980954 1.125000 -0.961167
v 0.980959 2.125000 -0.298927
v 0.980960 1.875000 -0.461160
v 1.230959 2.125000 -0.298926
v 1.230960 1.875000 -0.461159
v 0.980962 1.125000 -0.961160
v 1.230962 1.000000 -0.961159
v -0.980954 1.125000 -0.961167
v -0.980956 1.875000 -0.461167
v -0.980958 1.875000 -0.211167
v -0.980956 1.125000 -0.622907
v -1.230960 1.125000 0.579687
v -1.230961 1.875000 0.579687
v -0.980961 1.875000 0.579688
v -0.980960 1.125000 0.579688
v 1.230961 1.125000 -0.622898
v 1.230959 1.875000 -0.211159
v 0.980959 1.875000 -0.211160
v 0.980961 1.125000 -0.622900
v 1.230954 1.125000 0.829696
v 1.230954 1.875001 0.829695
v 0.980954 1.875000 0.829694
v 0.980954 1.125000 0.829695
v -1.230967 1.125001 2.120542
v -1.230966 1.875001 2.020542
v -0.980966 1.875001 2.020543
v -0.980967 1.125001 2.120543
v 0.980954 1.125000 0.829695
v 0.980954 1.875000 0.829694
v 0.980955 1.875000 0.579694
v 0.980956 1.125000 0.579695
v 0.980948 1.125001 2.370549
v 0.980949 1.875001 2.020549
v 0.980949 1.125001 2.120549
v 0.980948 1.875001 2.270549
v 0.980950 2.125001 1.981665
v 0.980948 2.125001 2.231665
v 0.980954 1.875000 0.829694
v 0.980954 2.125000 0.829694
v 0.980949 1.125001 2.120549
v 0.980949 1.875001 2.020549
v 1.230949 1.875001 2.020550
v 1.230949 1.125001 2.120550
v -0.980968 1.125001 2.370543
v -1.230967 1.875001 2.270542
v -1.230968 1.125001 2.370542
v -0.980967 1.875001 2.270543
v -1.230967 2.125001 2.231658
v -0.980967 2.125001 2.231659
v 0.980961 1.125000 -0.622900
v 0.980959 1.875000 -0.211160
v 0.980960 1.875000 -0.461160
v 0.980962 1.125000 -0.961160
v 0.980956 1.125000 0.579695
v 0.980955 1.875000 0.579694
v 1.230955 1.875000 0.579695
v 1.230956 1.125000 0.579696
v -0.980967 1.125001 2.120543
v -0.980967 1.875001 2.270543
v -0.980968 1.125001 2.370543
v -0.980966 1.875001 2.020543
v -0.980966 2.125001 1.981659
v -0.980967 2.125001 2.231659
v -0.980962 1.875000 0.829688
v -0.980962 2.125000 0.829686
v 0.980950 2.125001 1.981665
v 0.980948 2.125001 2.231665
v 1.230948 2.125001 2.231666
v 1.230950 2.125001 1.981666
v 1.230954 2.125001 0.829695
v 0.980954 2.125000 0.829694
v 0.980955 2.125000 0.579694
v 1.230955 2.125000 0.579695
v -0.980962 2.125000 0.829686
v -0.980961 2.125000 0.579686
v -1.230961 2.125000 0.579685
v -1.230962 2.125000 0.829685
v -1.230966 2.125001 1.981658
v -0.980966 2.125001 1.981659
v -0.980967 2.125001 2.231659
v -1.230967 2.125001 2.231658
v 0.980959 2.125000 -0.298927
v 1.230958 2.125000 -0.048926
v 1.230959 2.125000 -0.298926
v 0.980958 2.125000 -0.048927
v 0.980955 2.125000 0.579694
v 1.230955 2.125000 0.579695
v -0.980958 2.125000 -0.048934
v -0.980957 2.125000 -0.298934
v -1.230957 2.125000 -0.298935
v -1.230958 2.125000 -0.048935
v -1.230961 2.125000 0.579685
v -0.980961 2.125000 0.579686
v -1.230966 1.875001 2.020542
v -1.230962 1.875000 0.829687
v -0.980962 1.875000 0.829688
v -0.980966 1.875001 2.020543
v 0.980949 1.875001 2.020549
v 0.980954 1.875000 0.829694
v 1.230954 1.875001 0.829695
v 1.230949 1.875001 2.020550
v -1.230961 1.875000 0.579687
v -1.230958 1.875000 -0.211168
v -0.980958 1.875000 -0.211167
v -0.980961 1.875000 0.579688
v 0.980960 1.875000 -0.461160
v 0.980959 1.875000 -0.211160
v -0.980958 1.875000 -0.211167
v -0.980956 1.875000 -0.461167
v 0.980955 1.875000 0.579694
v 0.980959 1.875000 -0.211160
v 1.230959 1.875000 -0.211159
v 1.230955 1.875000 0.579695
v 0.980959 1.875000 -0.211160
v 0.980955 1.875000 0.579694
v 0.980955 2.125000 0.579694
v 0.980958 2.125000 -0.048927
v 0.980955 1.875000 0.579694
v 0.980954 1.875000 0.829694
v -0.980962 1.875000 0.829688
v -0.980961 1.875000 0.579688
v 0.980955 1.875000 0.579694
v -0.980961 1.875000 0.579688
v -0.980961 2.125000 0.579686
v 0.980955 2.125000 0.579694
v 0.980954 1.875000 0.829694
v 0.980954 2.125000 0.829694
v -0.980962 2.125000 0.829686
v -0.980962 1.875000 0.829688
v -0.980958 1.875000 -0.211167
v -0.980958 2.125000 -0.048934
v -0.980961 2.125000 0.579686
v -0.980961 1.875000 0.579688
v -0.980958 1.875000 -0.211167
v 0.980959 1.875000 -0.211160
v 0.980958 2.125000 -0.048927
v -0.980958 2.125000 -0.048934
v 0.358198 0.198824 -2.445078
v 0.626838 0.289730 -2.445077
v 0.716385 0.198824 -2.445077
v 0.626838 0.918017 -2.445077
v 0.716384 1.008923 -2.445077
v 0.447744 0.918017 -2.445078
v 0.358198 1.008923 -2.445078
v 0.447745 0.289730 -2.445078
v 0.268651 0.918017 -2.445079
v 0.268651 0.289730 -2.445079
v 0.089557 0.918017 -2.445079
v 0.000011 0.198824 -2.445080
v 0.000011 1.008923 -2.445080
v 0.089557 0.289730 -2.445079
v -0.089536 0.918017 -2.445080
v -0.089536 0.289730 -2.445080
v -0.268630 0.918017 -2.445081
v -0.358177 0.198824 -2.445081
v -0.358177 1.008923 -2.445081
v -0.268629 0.289730 -2.445081
v -0.447723 0.918017 -2.445082
v -0.447723 0.289730 -2.445082
v -0.626817 0.918017 -2.445083
v -0.716363 0.198824 -2.445083
v -0.716363 1.008923 -2.445083
v -0.626817 0.289730 -2.445082
vt 0.668624818 0.6081689
vt 0.667358577 0.62332505
vt 0.821983039 0.623325169
vt 0.823249221 0.608169019
vt 0.823249221 0.653690279
vt 0.821983039 0.638534069
vt 0.667358577 0.638534069
vt 0.668624818 0.653690338
vt 0.893993616 0.4816145
vt 0.893993616 0.466405511
vt 0.878784716 0.466405511
vt 0.878784716 0.4816145
vt 0.667358577 0.62332505
vt 0.667358577 0.638534069
vt 0.821983039 0.638534069
vt 0.821983039 0.623325169
vt 0.668624818 0.653690338
vt 0.668624818 0.668899357
vt 0.823249221 0.668899238
vt 0.823249221 0.653690279
vt 0.800315499 0.580137014
vt 0.820304513 0.580137014
vt 0.820304513 0.553321242
vt 0.800315499 0.553321242
vt 0.844997525 0.371601194
vt 0.901460111 0.391590238
vt 0.901460111 0.371601194
vt 0.844997525 0.391590238
vt 0.764292777 0.371601164
vt 0.764292777 0.391590208
vt 0.706698775 0.371601105
vt 0.706698775 0.391590148
vt 0.128639415 0.98741442
vt 0.128639415 0.967425406
vt 0.101823688 0.967425406
vt 0.101823688 0.98741442
vt 0.67720139 0.889636576
vt 0.619607329 0.869647503
vt 0.619607329 0.889636517
vt 0.67720139 0.869647503
vt 0.757906199 0.889636636
vt 0.757906199 0.869647622
vt 0.814368725 0.889636695
vt 0.814368725 0.869647682
vt 0.538369358 0.858356357
vt 0.594596028 0.863512635
vt 0.594596028 0.836696923
vt 0.538369358 0.831540585
vt 0.457664609 0.858356237
vt 0.457664609 0.831540585
vt 0.400301844 0.863512635
vt 0.400301814 0.836696923
vt 0.159186468 0.87132591
vt 0.101823688 0.866169572
vt 0.101823688 0.892985284
vt 0.159186468 0.898141623
vt 0.239891171 0.87132591
vt 0.239891171 0.898141623
vt 0.296117842 0.866169572
vt 0.296117842 0.892985284
vt 0.808998168 0.977061331
vt 0.808998168 0.914648116
vt 0.795831561 0.914648116
vt 0.795831561 0.977061331
vt 0.98749429 0.43401435
vt 0.98749429 0.371601105
vt 0.974327683 0.371601105
vt 0.974327683 0.43401435
vt 0.48262307 0.946691096
vt 0.510219216 0.946691096
vt 0.510219216 0.933524489
vt 0.48262307 0.933524489
vt 0.455026925 0.946691096
vt 0.455026895 0.933524489
vt 0.427430719 0.946691096
vt 0.427430719 0.933524489
vt 0.399834603 0.946691096
vt 0.399834633 0.933524489
vt 0.869690955 0.328448832
vt 0.842094839 0.328448802
vt 0.842094839 0.341615438
vt 0.869690955 0.341615438
vt 0.89728713 0.328448832
vt 0.89728713 0.341615438
vt 0.924883306 0.328448832
vt 0.924883306 0.341615438
vt 0.952479362 0.328448832
vt 0.952479362 0.341615409
vt 0.888566315 0.623009026
vt 0.875399649 0.623009026
vt 0.875399649 0.671414793
vt 0.888566196 0.671414793
vt 0.913577676 0.623009145
vt 0.926744282 0.623009145
vt 0.926744282 0.609211087
vt 0.913577676 0.609211087
vt 0.888566196 0.671414793
vt 0.875399649 0.671414793
vt 0.875399649 0.685212851
vt 0.888566196 0.685212851
vt 0.875399649 0.786226094
vt 0.888566196 0.786226094
vt 0.888566315 0.772428036
vt 0.875399649 0.772428036
vt 0.913577676 0.685212851
vt 0.926744282 0.685212851
vt 0.926744282 0.671414793
vt 0.913577676 0.671414793
vt 0.926744282 0.724022329
vt 0.913577676 0.724022329
vt 0.913577676 0.772427976
vt 0.926744282 0.772427976
vt 0.926744282 0.772427976
vt 0.913577676 0.772427976
vt 0.913577676 0.786226034
vt 0.926744282 0.786226034
vt 0.875399649 0.772428036
vt 0.888566315 0.772428036
vt 0.888566315 0.724022329
vt 0.875399709 0.724022329
vt 0.875399709 0.724022329
vt 0.888566315 0.724022329
vt 0.888566315 0.710224271
vt 0.875399709 0.710224271
vt 0.888566315 0.560805261
vt 0.875399649 0.560805261
vt 0.875399649 0.609211028
vt 0.888566315 0.609211028
vt 0.913577676 0.609211087
vt 0.926744282 0.609211087
vt 0.926744282 0.560805321
vt 0.913577676 0.560805321
vt 0.888566315 0.609211028
vt 0.875399649 0.609211028
vt 0.875399649 0.623009026
vt 0.888566315 0.623009026
vt 0.913577676 0.671414793
vt 0.926744282 0.671414793
vt 0.926744282 0.623009145
vt 0.913577676 0.623009145
vt 0.926744282 0.786226034
vt 0.913577676 0.786226034
vt 0.913577676 0.834631801
vt 0.926744282 0.834631801
vt 0.926744282 0.710224271
vt 0.913577676 0.710224271
vt 0.913577676 0.724022329
vt 0.926744282 0.724022329
vt 0.875399649 0.834631801
vt 0.888566196 0.83463186
vt 0.888566196 0.786226094
vt 0.875399649 0.786226094
vt 0.562046349 0.953513503
vt 0.562046349 0.933524489
vt 0.535230577 0.933524489
vt 0.535230577 0.953513503
vt 0.763161302 0.436590612
vt 0.706698775 0.416601598
vt 0.706698775 0.436590612
vt 0.763161302 0.416601568
vt 0.84386611 0.436590612
vt 0.84386611 0.416601598
vt 0.901460111 0.436590612
vt 0.901460111 0.416601598
vt 0.321129203 0.892985225
vt 0.341118246 0.892985225
vt 0.341118246 0.866169572
vt 0.321129203 0.866169572
vt 0.537001908 0.888524055
vt 0.594595969 0.908513069
vt 0.594595969 0.888524055
vt 0.537001908 0.908513069
vt 0.456297159 0.888524055
vt 0.456297189 0.908513069
vt 0.399834603 0.888524055
vt 0.399834603 0.908513069
vt 0.762925386 0.232349381
vt 0.706698775 0.227193087
vt 0.706698775 0.25400877
vt 0.762925386 0.259165078
vt 0.843630135 0.232349366
vt 0.843630075 0.259165078
vt 0.90099299 0.227193028
vt 0.90099287 0.25400877
vt 0.756538749 0.839479744
vt 0.813901424 0.844636142
vt 0.813901424 0.81782037
vt 0.756538749 0.812663972
vt 0.675833941 0.839479685
vt 0.675833941 0.812663972
vt 0.619607329 0.844635963
vt 0.619607329 0.817820311
vt 0.0317667685 0.227193028
vt 0.0125057744 0.227193028
vt 0.0125056813 0.246454015
vt 0.0317666568 0.246454015
vt 0.131219298 0.227193028
vt 0.0317666568 0.323497951
vt 0.0125056999 0.323497951
vt 0.131219178 0.323497951
vt 0.131219178 0.246454015
vt 0.150480285 0.227193028
vt 0.150480151 0.323497951
vt 0.150480181 0.246454015
vt 0.24993284 0.227193058
vt 0.24313274 0.323497981
vt 0.249932736 0.24645406
vt 0.269193828 0.227193058
vt 0.269193739 0.24645406
vt 0.377778083 0.227193132
vt 0.37990889 0.246454135
vt 0.377777964 0.310501426
vt 0.269193679 0.313867509
vt 0.230671644 0.381280959
vt 0.211410701 0.381280959
vt 0.218172595 0.400541902
vt 0.198911622 0.400541902
vt 0.150480136 0.400541872
vt 0.150480136 0.381280899
vt 0.424181283 0.710224271
vt 0.40492025 0.710224271
vt 0.40492025 0.729485273
vt 0.424181283 0.729485273
vt 0.575334966 0.710224271
vt 0.424181283 0.806529164
vt 0.40492028 0.806529164
vt 0.575334907 0.806529164
vt 0.575334907 0.729485214
vt 0.594595969 0.710224271
vt 0.594595909 0.806529164
vt 0.59459585 0.729485214
vt 0.269193739 0.598902047
vt 0.377777994 0.598902047
vt 0.3799088 0.579641104
vt 0.269193679 0.579641104
vt 0.249932766 0.598902047
vt 0.269193679 0.512227714
vt 0.377777934 0.515593767
vt 0.249932736 0.579641104
vt 0.150480226 0.598902166
vt 0.24313277 0.502597213
vt 0.211410746 0.444814295
vt 0.150480211 0.502597213
vt 0.230671704 0.444814295
vt 0.150480226 0.579641163
vt 0.131219253 0.598902166
vt 0.131219238 0.502597213
vt 0.198911697 0.425553292
vt 0.218172655 0.425553322
vt 0.150480226 0.444814295
vt 0.150480255 0.425553292
vt 0.131219253 0.579641163
vt 0.0317667127 0.598902166
vt 0.0317667499 0.502597153
vt 0.0317667127 0.579641163
vt 0.0125056813 0.598902166
vt 0.0125057185 0.502597153
vt 0.0125057185 0.579641163
vt 0.377777845 0.0317666195
vt 0.377777815 0.0125056813
vt 0.26919356 0.012505793
vt 0.26919359 0.0317667611
vt 0.377778113 0.182920322
vt 0.249932617 0.012505821
vt 0.269193769 0.18292053
vt 0.377778143 0.202181339
vt 0.269193798 0.202181518
vt 0.249932647 0.0317667797
vt 0.150480181 0.0125058852
vt 0.249932766 0.182920545
vt 0.249932811 0.202181563
vt 0.150480181 0.0317668468
vt 0.131219223 0.0125058945
vt 0.150480226 0.182920665
vt 0.150480255 0.202181652
vt 0.131219238 0.0317668505
vt 0.0317668207 0.0125058666
vt 0.131219238 0.182920679
vt 0.131219238 0.202181667
vt 0.0317668207 0.0317668132
vt 0.0125058852 0.0125058666
vt 0.0125058852 0.0317667983
vt 0.031766694 0.182920679
vt 0.0317667127 0.202181667
vt 0.0125056813 0.182920679
vt 0.0125056999 0.202181667
vt 0.807154357 0.086214371
vt 0.807155848 0.0221319199
vt 0.787892938 0.0125056999
vt 0.787893474 0.0862140954
vt 0.636739552 0.0125056813
vt 0.787893295 0.105592541
vt 0.807154119 0.10559269
vt 0.636739492 0.105593123
vt 0.636739254 0.0862144977
vt 0.617476583 0.0221320484
vt 0.61747843 0.105593398
vt 0.617478132 0.0862148926
vt 0.412624627 0.6081689
vt 0.40492025 0.685212851
vt 0.504372776 0.685212851
vt 0.504372716 0.6081689
vt 0.523633718 0.685212851
vt 0.523633718 0.6081689
vt 0.616286278 0.685212851
vt 0.615381837 0.6081689
vt 0.642347276 0.685212851
vt 0.634642839 0.6081689
vt 0.770761132 0.787652433
vt 0.770761013 0.710224271
vt 0.619607329 0.71022439
vt 0.619607449 0.787652612
vt 0.40492034 0.357463062
vt 0.40492025 0.44921121
vt 0.556073964 0.44921124
vt 0.556074023 0.357463151
vt 0.404920369 0.338202119
vt 0.556074083 0.338202149
vt 0.404920429 0.246453986
vt 0.556074142 0.246454015
vt 0.404920429 0.227193028
vt 0.556074202 0.227193028
vt 0.143155992 0.495272994
vt 0.123895034 0.437490016
vt 0.123895019 0.495272994
vt 0.143156007 0.437490076
vt 0.123895034 0.418229043
vt 0.143156037 0.418229073
vt 0.035142675 0.418229043
vt 0.0321469046 0.437490016
vt 0.015881693 0.418229043
vt 0.0128859133 0.437489986
vt 0.0244425312 0.495272934
vt 0.00518149976 0.495272934
vt 0.426452637 0.582859099
vt 0.404920399 0.474520981
vt 0.40492025 0.58315742
vt 0.426452756 0.4742226
vt 0.57760638 0.582859099
vt 0.57760644 0.47422263
vt 0.599138737 0.58315748
vt 0.599138856 0.474521041
vt 0.25297755 0.942413926
vt 0.25297758 0.923153043
vt 0.101823717 0.923153043
vt 0.101823688 0.942413986
vt 0.00518148113 0.33082217
vt 0.0321468115 0.388605058
vt 0.024442438 0.33082217
vt 0.0128858387 0.388605058
vt 0.0351425558 0.407866061
vt 0.0158816017 0.407866031
vt 0.12389493 0.388605118
vt 0.12389493 0.407866091
vt 0.143155918 0.407866091
vt 0.143155918 0.388605118
vt 0.12389496 0.33082217
vt 0.143155932 0.33082217
vt 0.931619704 0.0125056813
vt 0.832167268 0.0125057232
vt 0.832167268 0.0317666829
vt 0.931619704 0.0317666754
vt 0.931619704 0.056778051
vt 0.832167268 0.056778051
vt 0.832167268 0.0760390311
vt 0.931619704 0.0760390311
vt 0.932032585 0.913919866
vt 0.839380026 0.913919866
vt 0.839380026 0.933180809
vt 0.932032585 0.933180809
vt 0.932032585 0.869647503
vt 0.839380026 0.869647503
vt 0.839380026 0.888908446
vt 0.932032585 0.888908446
vt 0.368543267 0.821897209
vt 0.31076026 0.821897209
vt 0.310760289 0.841158211
vt 0.368543297 0.841158152
vt 0.951755702 0.560805559
vt 0.971017301 0.619099677
vt 0.971016645 0.560805321
vt 0.951756299 0.619099915
vt 0.97101748 0.638592243
vt 0.951756537 0.638592482
vt 0.111958213 0.700957417
vt 0.0125056813 0.623913527
vt 0.0202100761 0.700957417
vt 0.111958213 0.623913527
vt 0.131219193 0.700957417
vt 0.131219178 0.623913527
vt 0.222967356 0.700957417
vt 0.223871768 0.623913527
vt 0.242228329 0.700957417
vt 0.249932721 0.623913527
vt 0.624150217 0.474222988
vt 0.624150336 0.55165118
vt 0.775304079 0.551650822
vt 0.7753039 0.4742226
vt 0.958854437 0.245654508
vt 0.958854437 0.303437442
vt 0.97811538 0.303437442
vt 0.97811538 0.245654508
vt 0.0125056813 0.897771358
vt 0.0125057185 0.963689089
vt 0.0317666829 0.963689089
vt 0.0317666829 0.897771358
vt 0.658726275 0.417522103
vt 0.681687474 0.417522103
vt 0.681687474 0.39826116
vt 0.658726275 0.39826116
vt 0.581085503 0.418175638
vt 0.58927983 0.39826116
vt 0.681687355 0.247107461
vt 0.658726275 0.247107461
vt 0.681687355 0.227846518
vt 0.658726275 0.227846488
vt 0.58927983 0.247107461
vt 0.581085503 0.227193028
vt 0.958915234 0.506625891
vt 0.889468789 0.506625891
vt 0.878784716 0.52265197
vt 0.94445926 0.528309882
vt 0.957044005 0.869647503
vt 0.957044005 0.927430391
vt 0.976304948 0.927430391
vt 0.976304948 0.869647503
vt 0.356502205 0.623913527
vt 0.356502235 0.689831316
vt 0.375763237 0.689831316
vt 0.375763237 0.623913527
vt 0.956631124 0.0125056813
vt 0.956631124 0.0702886209
vt 0.975892067 0.0702886209
vt 0.975892067 0.0125056813
vt 0.951755702 0.766402066
vt 0.951755702 0.824696302
vt 0.971016645 0.824696302
vt 0.971016645 0.766402066
vt 0.101823688 0.841158152
vt 0.159606546 0.841158152
vt 0.159606546 0.821897209
vt 0.101823688 0.821897209
vt 0.236784607 0.725167155
vt 0.26375711 0.782946825
vt 0.25604564 0.725164771
vt 0.244496122 0.782949209
vt 0.266755223 0.80220747
vt 0.247494236 0.802209854
vt 0.355505198 0.7829355
vt 0.355507582 0.802196383
vt 0.056778051 0.897771358
vt 0.0567780845 0.956065655
vt 0.076039061 0.956065595
vt 0.0760390386 0.897771358
vt 0.951755702 0.663603783
vt 0.971016645 0.721898139
vt 0.971016645 0.663603783
vt 0.951755702 0.721898139
vt 0.971016645 0.741390705
vt 0.951755702 0.741390705
vt 0.926471531 0.384142607
vt 0.926471531 0.450060368
vt 0.943355501 0.440791339
vt 0.949316263 0.371601105
vt 0.962623358 0.130604759
vt 0.962623358 0.188387707
vt 0.981884301 0.188387707
vt 0.981884301 0.130604759
vt 0.652656555 0.209128276
vt 0.641107082 0.151343897
vt 0.633395612 0.209125891
vt 0.660368085 0.151346222
vt 0.663366199 0.132085636
vt 0.644105196 0.132083267
vt 0.752116203 0.151357561
vt 0.752116203 0.132096931
vt 0.422050565 0.0317667499
vt 0.422050565 0.0125057371
vt 0.402789533 0.0125057371
vt 0.402789563 0.0317667499
vt 0.402789563 0.120519139
vt 0.422050565 0.120519139
vt 0.422050565 0.139780149
vt 0.402789563 0.139780134
vt 0.573204279 0.120519139
vt 0.573204279 0.139780104
vt 0.592465281 0.139780104
vt 0.592465281 0.120519139
vt 0.592465162 0.0317666568
vt 0.573204219 0.0317666642
vt 0.573204219 0.0125056999
vt 0.592465162 0.0125056813
vt 0.0317667238 0.793661356
vt 0.0125057092 0.774400294
vt 0.0125057092 0.793661356
vt 0.0317667164 0.774400294
vt 0.0317666791 0.725968838
vt 0.0125056813 0.725968838
vt 0.182920456 0.774400234
vt 0.182920471 0.793661177
vt 0.202181414 0.793661177
vt 0.202181429 0.774400234
vt 0.202181399 0.728964567
vt 0.182920441 0.728964567
vt 0.842094839 0.303437471
vt 0.933843017 0.303437471
vt 0.933843017 0.284176499
vt 0.842094839 0.284176469
vt 0.27798894 0.942413986
vt 0.369737059 0.942413986
vt 0.369737059 0.923153043
vt 0.27798894 0.923153043
vt 0.70554924 0.978412926
vt 0.76647985 0.978412926
vt 0.76647985 0.959151983
vt 0.70554924 0.959151983
vt 0.78642875 0.175108865
vt 0.78642875 0.194369823
vt 0.937582493 0.194369689
vt 0.937582493 0.175108701
vt 0.925321937 0.977453172
vt 0.986252427 0.977453172
vt 0.986252427 0.958192229
vt 0.925321937 0.958192229
vt 0.68053782 0.959151983
vt 0.619607329 0.959151983
vt 0.619607329 0.978412926
vt 0.668038785 0.978412926
vt 0.159606546 0.821897209
vt 0.159606546 0.841158152
vt 0.310760289 0.841158211
vt 0.31076026 0.821897209
vt 0.619607329 0.933909059
vt 0.770760834 0.934140563
vt 0.77082026 0.914648116
vt 0.619636834 0.914648116
vt 0.78642875 0.130604774
vt 0.78642875 0.149865732
vt 0.937611938 0.150097325
vt 0.937582493 0.130604759
vt 0.900310636 0.977453172
vt 0.887811482 0.958192229
vt 0.842375755 0.958192229
vt 0.839380026 0.977453172
vt 0.553943217 0.16778706
vt 0.402789533 0.167787179
vt 0.402789563 0.190748289
vt 0.553943276 0.19074817
vt 0.734294951 0.346589714
vt 0.713597894 0.339585871
vt 0.706698775 0.346589625
vt 0.713598013 0.291180223
vt 0.706699014 0.284176469
vt 0.727396071 0.291180253
vt 0.73429513 0.284176528
vt 0.727395952 0.3395859
vt 0.741194129 0.291180253
vt 0.741194069 0.33958593
vt 0.754992187 0.291180253
vt 0.761891127 0.346589744
vt 0.761891127 0.284176528
vt 0.754992127 0.33958599
vt 0.768790245 0.291180283
vt 0.768790126 0.33958599
vt 0.782588243 0.291180253
vt 0.789487302 0.346589774
vt 0.789487243 0.284176528
vt 0.782588243 0.33958599
vt 0.796386302 0.291180253
vt 0.796386361 0.33958599
vt 0.81018436 0.291180223
vt 0.817083538 0.346589744
vt 0.817083359 0.284176469
vt 0.810184419 0.33958593
vn 1.000000 0.000000 0.000004
vn 1.000000 0.000000 0.000004
vn 1.000000 0.000000 0.000004
vn 1.000000 0.000000 0.000004
vn -1.000000 -0.000000 -0.000004
vn -1.000000 -0.000000 -0.000004
vn -1.000000 -0.000000 -0.000004
vn -1.000000 -0.000000 -0.000004
vn -0.000004 0.000000 1.000000
vn -0.000004 0.000000 1.000000
vn -0.000004 0.000000 1.000000
vn -0.000004 0.000000 1.000000
vn 0.000000 -0.996529 -0.083252
vn 0.000000 -0.996529 -0.083252
vn 0.000000 -0.996529 -0.083252
vn 0.000000 -0.996529 -0.083252
vn -0.000000 0.996529 0.083252
vn -0.000000 0.996529 0.083252
vn -0.000000 0.996529 0.083252
vn -0.000000 0.996529 0.083252
vn 1.000000 0.000000 0.000004
vn 1.000000 0.000000 0.000004
vn 1.000000 0.000000 0.000004
vn 1.000000 0.000000 0.000004
vn -0.045705 -0.000000 -0.998955
vn -0.091319 -0.000000 -0.995822
vn -0.091319 -0.000000 -0.995822
vn -0.045705 -0.000000 -0.998955
vn 0.044814 -0.000000 -0.998995
vn 0.044814 -0.000000 -0.998995
vn 0.089533 -0.000000 -0.995984
vn 0.089533 -0.000000 -0.995984
vn -1.000000 -0.000000 -0.000004
vn -1.000000 -0.000000 -0.000004
vn -1.000000 -0.000000 -0.000004
vn -1.000000 -0.000000 -0.000004
vn -0.044814 0.000000 0.998995
vn -0.089533 0.000000 0.995984
vn -0.089533 0.000000 0.995984
vn -0.044814 0.000000 0.998995
vn 0.045705 0.000000 0.998955
vn 0.045705 0.000000 0.998955
vn 0.091319 0.000000 0.995822
vn 0.091319 0.000000 0.995822
vn 0.000000 -1.000000 0.000000
vn 0.000000 -1.000000 0.000000
vn 0.000000 -1.000000 0.000000
vn 0.000000 -1.000000 0.000000
vn 0.000000 -1.000000 0.000000
vn 0.000000 -1.000000 0.000000
vn 0.000000 -1.000000 0.000000
vn 0.000000 -1.000000 0.000000
vn -0.000000 1.000000 -0.000000
vn -0.000000 1.000000 -0.000000
vn -0.000000 1.000000 -0.000000
vn -0.000000 1.000000 -0.000000
vn -0.000000 1.000000 -0.000000
vn -0.000000 1.000000 -0.000000
vn -0.000000 1.000000 -0.000000
vn -0.000000 1.000000 -0.000000
vn 1.000000 0.000000 0.000004
vn 1.000000 0.000000 0.000004
vn 1.000000 0.000000 0.000004
vn 1.000000 0.000000 0.000004
vn -1.000000 -0.000000 -0.000004
vn -1.000000 -0.000000 -0.000004
vn -1.000000 -0.000000 -0.000004
vn -1.000000 -0.000000 -0.000004
vn 0.000000 -1.000000 0.000000
vn 0.000000 -1.000000 0.000000
vn 0.000000 -1.000000 0.000000
vn 0.000000 -1.000000 0.000000
vn 0.000000 -1.000000 0.000000
vn 0.000000 -1.000000 0.000000
vn 0.000000 -1.000000 0.000000
vn 0.000000 -1.000000 0.000000
vn 0.000000 -1.000000 0.000000
vn 0.000000 -1.000000 0.000000
vn -0.000000 1.000000 -0.000000
vn -0.000000 1.000000 -0.000000
vn -0.000000 1.000000 -0.000000
vn -0.000000 1.000000 -0.000000
vn -0.000000 1.000000 -0.000000
vn -0.000000 1.000000 -0.000000
vn -0.000000 1.000000 -0.000000
vn -0.000000 1.000000 -0.000000
vn -0.000000 1.000000 -0.000000
vn -0.000000 1.000000 -0.000000
vn -1.000000 -0.000000 -0.000004
vn -1.000000 -0.000000 -0.000004
vn -1.000000 -0.000000 -0.000004
vn -1.000000 -0.000000 -0.000004
vn -0.000000 1.000000 -0.000000
vn -0.000000 1.000000 -0.000000
vn -0.000000 1.000000 -0.000000
vn -0.000000 1.000000 -0.000000
vn 0.000000 -1.000000 0.000000
vn 0.000000 -1.000000 0.000000
vn 0.000000 -1.000000 0.000000
vn 0.000000 -1.000000 0.000000
vn -0.000000 1.000000 -0.000000
vn -0.000000 1.000000 -0.000000
vn -0.000000 1.000000 -0.000000
vn -0.000000 1.000000 -0.000000
vn 0.000000 -1.000000 0.000000
vn 0.000000 -1.000000 0.000000
vn 0.000000 -1.000000 0.000000
vn 0.000000 -1.000000 0.000000
vn 1.000000 0.000000 0.000004
vn 1.000000 0.000000 0.000004
vn 1.000000 0.000000 0.000004
vn 1.000000 0.000000 0.000004
vn -0.000000 1.000000 -0.000000
vn -0.000000 1.000000 -0.000000
vn -0.000000 1.000000 -0.000000
vn -0.000000 1.000000 -0.000000
vn -1.000000 -0.000000 -0.000004
vn -1.000000 -0.000000 -0.000004
vn -1.000000 -0.000000 -0.000004
vn -1.000000 -0.000000 -0.000004
vn 0.000000 -1.000000 0.000000
vn 0.000000 -1.000000 0.000000
vn 0.000000 -1.000000 0.000000
vn 0.000000 -1.000000 0.000000
vn 1.000000 0.000000 0.000004
vn 1.000000 0.000000 0.000004
vn 1.000000 0.000000 0.000004
vn 1.000000 0.000000 0.000004
vn -1.000000 -0.000000 -0.000004
vn -1.000000 -0.000000 -0.000004
vn -1.000000 -0.000000 -0.000004
vn -1.000000 -0.000000 -0.000004
vn -0.000000 1.000000 -0.000000
vn -0.000000 1.000000 -0.000000
vn -0.000000 1.000000 -0.000000
vn -0.000000 1.000000 -0.000000
vn 1.000000 0.000000 0.000004
vn 1.000000 0.000000 0.000004
vn 1.000000 0.000000 0.000004
vn 1.000000 0.000000 0.000004
vn -1.000000 -0.000000 -0.000004
vn -1.000000 -0.000000 -0.000004
vn -1.000000 -0.000000 -0.000004
vn -1.000000 -0.000000 -0.000004
vn 0.000000 -1.000000 0.000000
vn 0.000000 -1.000000 0.000000
vn 0.000000 -1.000000 0.000000
vn 0.000000 -1.000000 0.000000
vn 1.000000 0.000000 0.000004
vn 1.000000 0.000000 0.000004
vn 1.000000 0.000000 0.000004
vn 1.000000 0.000000 0.000004
vn -1.000000 -0.000000 -0.000004
vn -1.000000 -0.000000 -0.000004
vn -1.000000 -0.000000 -0.000004
vn -1.000000 -0.000000 -0.000004
vn 0.045704 0.000000 0.998955
vn 0.091317 0.000000 0.995822
vn 0.091317 0.000000 0.995822
vn 0.045704 0.000000 0.998955
vn -0.044815 0.000000 0.998995
vn -0.044815 0.000000 0.998995
vn -0.089535 0.000000 0.995984
vn -0.089535 0.000000 0.995984
vn 1.000000 0.000000 0.000004
vn 1.000000 0.000000 0.000004
vn 1.000000 0.000000 0.000004
vn 1.000000 0.000000 0.000004
vn 0.044815 -0.000000 -0.998995
vn 0.089535 -0.000000 -0.995984
vn 0.089535 -0.000000 -0.995984
vn 0.044815 -0.000000 -0.998995
vn -0.045704 -0.000000 -0.998955
vn -0.045704 -0.000000 -0.998955
vn -0.091317 -0.000000 -0.995822
vn -0.091317 -0.000000 -0.995822
vn 0.000000 -1.000000 0.000000
vn 0.000000 -1.000000 0.000000
vn 0.000000 -1.000000 0.000000
vn 0.000000 -1.000000 0.000000
vn 0.000000 -1.000000 0.000000
vn 0.000000 -1.000000 0.000000
vn 0.000000 -1.000000 0.000000
vn 0.000000 -1.000000 0.000000
vn -0.000000 1.000000 -0.000000
vn -0.000000 1.000000 -0.000000
vn -0.000000 1.000000 -0.000000
vn -0.000000 1.000000 -0.000000
vn -0.000000 1.000000 -0.000000
vn -0.000000 1.000000 -0.000000
vn -0.000000 1.000000 -0.000000
vn -0.000000 1.000000 -0.000000
vn -1.000000 -0.000000 -0.000004
vn -1.000000 -0.000000 -0.000004
vn -1.000000 -0.000000 -0.000004
vn -1.000000 -0.000000 -0.000004
vn -1.000000 -0.000000 -0.000004
vn -1.000000 -0.000000 -0.000004
vn -1.000000 -0.000000 -0.000004
vn -1.000000 -0.000000 -0.000004
vn -1.000000 -0.000000 -0.000004
vn -1.000000 -0.000000 -0.000004
vn -1.000000 -0.000000 -0.000004
vn -1.000000 -0.000000 -0.000004
vn -1.000000 -0.000000 -0.000004
vn -1.000000 -0.000000 -0.000004
vn -1.000000 -0.000000 -0.000004
vn -1.000000 -0.000000 -0.000004
vn -1.000000 -0.000000 -0.000004
vn -1.000000 -0.000000 -0.000004
vn -1.000000 -0.000000 -0.000004
vn -1.000000 -0.000000 -0.000004
vn -1.000000 -0.000000 -0.000004
vn -1.000000 -0.000000 -0.000004
vn -1.000000 -0.000000 -0.000004
vn -1.000000 -0.000000 -0.000004
vn -1.000000 -0.000000 -0.000004
vn -1.000000 -0.000000 -0.000004
vn -1.000000 -0.000000 -0.000004
vn -0.000004 0.000000 1.000000
vn -0.000004 0.000000 1.000000
vn -0.000004 0.000000 1.000000
vn -0.000004 0.000000 1.000000
vn -0.000004 0.000000 1.000000
vn -0.000004 0.044141 0.999025
vn -0.000004 0.066227 0.997805
vn -0.000004 0.044141 0.999025
vn -0.000004 0.000000 1.000000
vn -0.000004 0.000000 1.000000
vn -0.000004 0.066227 0.997805
vn -0.000004 0.000000 1.000000
vn 1.000000 0.000000 0.000004
vn 1.000000 0.000000 0.000004
vn 1.000000 0.000000 0.000004
vn 1.000000 0.000000 0.000004
vn 1.000000 0.000000 0.000004
vn 1.000000 0.000000 0.000004
vn 1.000000 0.000000 0.000004
vn 1.000000 0.000000 0.000004
vn 1.000000 0.000000 0.000004
vn 1.000000 0.000000 0.000004
vn 1.000000 0.000000 0.000004
vn 1.000000 0.000000 0.000004
vn 1.000000 0.000000 0.000004
vn 1.000000 0.000000 0.000004
vn 1.000000 0.000000 0.000004
vn 1.000000 0.000000 0.000004
vn 1.000000 0.000000 0.000004
vn 1.000000 0.000000 0.000004
vn 1.000000 0.000000 0.000004
vn 1.000000 0.000000 0.000004
vn 1.000000 0.000000 0.000004
vn 1.000000 0.000000 0.000004
vn 1.000000 0.000000 0.000004
vn 1.000000 0.000000 0.000004
vn 1.000000 0.000000 0.000004
vn 1.000000 0.000000 0.000004
vn 1.000000 0.000000 0.000004
vn 0.000000 -1.000000 0.000000
vn 0.000000 -1.000000 0.000000
vn 0.000000 -1.000000 0.000000
vn 0.000000 -1.000000 0.000000
vn 0.000000 -1.000000 0.000000
vn 0.000000 -1.000000 0.000000
vn 0.000000 -1.000000 0.000000
vn 0.000000 -1.000000 0.000000
vn 0.000000 -1.000000 0.000000
vn 0.000000 -1.000000 0.000000
vn 0.000000 -1.000000 0.000000
vn 0.000000 -1.000000 0.000000
vn 0.000000 -1.000000 0.000000
vn 0.000000 -1.000000 0.000000
vn 0.000000 -1.000000 0.000000
vn 0.000000 -1.000000 0.000000
vn 0.000000 -1.000000 0.000000
vn 0.000000 -1.000000 0.000000
vn 0.000000 -1.000000 0.000000
vn 0.000000 -1.000000 0.000000
vn 0.000000 -1.000000 0.000000
vn 0.000000 -1.000000 0.000000
vn 0.000000 -1.000000 0.000000
vn 0.000000 -1.000000 0.000000
vn 0.000000 -1.000000 0.000000
vn 0.000000 -1.000000 0.000000
vn 0.000000 -1.000000 0.000000
vn 0.000000 -1.000000 0.000000
vn -0.003871 -0.039613 -0.999208
vn -0.007728 0.030928 -0.999492
vn -0.003862 0.029919 -0.999545
vn -0.001933 -0.040118 -0.999193
vn 0.003870 0.029919 -0.999545
vn 0.000004 -0.109958 -0.993936
vn 0.000004 -0.109958 -0.993936
vn 0.000004 -0.109958 -0.993936
vn 0.001942 -0.040118 -0.999193
vn 0.007736 0.030928 -0.999492
vn 0.000004 -0.109958 -0.993936
vn 0.003880 -0.039614 -0.999208
vn -1.000000 -0.000000 -0.000004
vn -1.000000 -0.000000 -0.000004
vn -1.000000 -0.000000 -0.000004
vn -1.000000 -0.000000 -0.000004
vn -1.000000 -0.000000 -0.000004
vn -1.000000 -0.000000 -0.000004
vn -1.000000 -0.000000 -0.000004
vn -1.000000 -0.000000 -0.000004
vn -1.000000 -0.000000 -0.000004
vn -1.000000 -0.000000 -0.000004
vn 0.000004 0.099503 -0.995037
vn 0.000004 -0.016441 -0.999865
vn 0.000004 -0.016441 -0.999865
vn 0.000004 0.099503 -0.995037
vn -0.000000 1.000000 -0.000000
vn -0.000000 1.000000 -0.000000
vn -0.000000 1.000000 -0.000000
vn -0.000000 1.000000 -0.000000
vn -0.000000 1.000000 -0.000000
vn -0.000000 1.000000 -0.000000
vn -0.000000 1.000000 -0.000000
vn -0.000000 1.000000 -0.000000
vn -0.000000 1.000000 -0.000000
vn -0.000000 1.000000 -0.000000
vn 1.000000 0.000000 0.000004
vn 1.000000 0.000000 0.000004
vn 1.000000 0.000000 0.000004
vn 1.000000 0.000000 0.000004
vn 1.000000 0.000000 0.000004
vn 1.000000 0.000000 0.000004
vn 1.000000 0.000000 0.000004
vn 1.000000 0.000000 0.000004
vn 1.000000 0.000000 0.000004
vn 1.000000 0.000000 0.000004
vn 1.000000 0.000000 0.000004
vn 1.000000 0.000000 0.000004
vn 0.229659 0.972804 -0.030156
vn 0.447042 0.894084 -0.027715
vn 0.447042 0.894084 -0.027715
vn 0.229659 0.972804 -0.030156
vn -0.229659 0.972804 -0.030158
vn -0.229659 0.972804 -0.030158
vn -0.447042 0.894084 -0.027719
vn -0.447042 0.894084 -0.027719
vn -0.000000 1.000000 -0.000000
vn -0.000000 1.000000 -0.000000
vn -0.000000 1.000000 -0.000000
vn -0.000000 1.000000 -0.000000
vn -1.000000 -0.000000 -0.000004
vn -1.000000 -0.000000 -0.000004
vn -1.000000 -0.000000 -0.000004
vn -1.000000 -0.000000 -0.000004
vn -1.000000 -0.000000 -0.000004
vn -1.000000 -0.000000 -0.000004
vn -1.000000 -0.000000 -0.000004
vn -1.000000 -0.000000 -0.000004
vn -1.000000 -0.000000 -0.000004
vn -1.000000 -0.000000 -0.000004
vn -1.000000 -0.000000 -0.000004
vn -1.000000 -0.000000 -0.000004
vn -0.000000 1.000000 -0.000000
vn -0.000000 1.000000 -0.000000
vn -0.000000 1.000000 -0.000000
vn -0.000000 1.000000 -0.000000
vn -0.000000 1.000000 -0.000000
vn -0.000000 1.000000 -0.000000
vn -0.000000 1.000000 -0.000000
vn -0.000000 1.000000 -0.000000
vn -0.000000 1.000000 -0.000000
vn -0.000000 1.000000 -0.000000
vn -0.000000 1.000000 -0.000000
vn -0.000000 1.000000 -0.000000
vn -0.000000 1.000000 -0.000000
vn -0.000000 1.000000 -0.000000
vn -0.000000 1.000000 -0.000000
vn -0.000000 1.000000 -0.000000
vn 1.000000 0.000000 0.000004
vn 1.000000 0.000000 0.000004
vn 1.000000 0.000000 0.000004
vn 1.000000 0.000000 0.000004
vn -0.000004 0.066227 0.997805
vn -0.000004 0.142934 0.989732
vn -0.000004 0.044141 0.999025
vn -0.000004 0.142934 0.989732
vn -0.000004 0.153687 0.988120
vn -0.000004 0.153687 0.988120
vn 1.000000 0.000000 0.000004
vn 1.000000 0.000000 0.000004
vn 1.000000 0.000000 0.000004
vn 1.000000 0.000000 0.000004
vn 1.000000 0.000000 0.000004
vn 1.000000 0.000000 0.000004
vn 1.000000 0.000000 0.000004
vn 1.000000 0.000000 0.000004
vn 1.000000 0.000000 0.000004
vn 1.000000 0.000000 0.000004
vn -0.000004 0.099504 0.995037
vn -0.000004 0.099504 0.995037
vn -0.000004 0.099504 0.995037
vn -0.000004 0.099504 0.995037
vn -0.000004 0.000000 1.000000
vn -0.000004 0.000000 1.000000
vn -0.000004 0.000000 1.000000
vn -0.000004 0.000000 1.000000
vn -0.000004 -0.481236 0.876591
vn -0.000004 -0.513144 0.858302
vn -0.000004 -0.481236 0.876591
vn -0.000004 -0.481236 0.876591
vn -0.065096 0.533176 -0.843496
vn 0.000004 0.544358 -0.838853
vn 0.000004 0.544358 -0.838853
vn -0.043386 0.537171 -0.842357
vn -0.129910 0.519656 -0.844441
vn -0.129910 0.519656 -0.844441
vn 0.000004 0.544358 -0.838853
vn 0.043393 0.537171 -0.842357
vn 0.000004 0.544358 -0.838853
vn 0.065103 0.533176 -0.843496
vn 0.129918 0.519656 -0.844440
vn 0.129918 0.519656 -0.844440
vn 1.000000 0.000000 0.000004
vn 1.000000 0.000000 0.000004
vn 1.000000 0.000000 0.000004
vn 1.000000 0.000000 0.000004
vn 0.000004 -0.000000 -1.000000
vn 0.000004 -0.000000 -1.000000
vn 0.000004 -0.000000 -1.000000
vn 0.000004 -0.000000 -1.000000
vn -0.000004 -0.481236 0.876591
vn -0.000004 -0.481236 0.876591
vn -0.000004 -0.513144 0.858302
vn -0.000004 -0.481236 0.876591
vn -0.000004 0.000000 1.000000
vn -0.000004 0.000000 1.000000
vn -0.000004 0.000000 1.000000
vn -0.000004 0.000000 1.000000
vn 0.000004 -0.132164 -0.991228
vn 0.000004 -0.132164 -0.991228
vn 0.000004 -0.132164 -0.991228
vn 0.000004 -0.016441 -0.999865
vn -1.000000 -0.000000 -0.000004
vn -1.000000 -0.000000 -0.000004
vn -1.000000 -0.000000 -0.000004
vn -1.000000 -0.000000 -0.000004
vn -1.000000 -0.000000 -0.000004
vn -1.000000 -0.000000 -0.000004
vn -1.000000 -0.000000 -0.000004
vn -1.000000 -0.000000 -0.000004
vn -1.000000 -0.000000 -0.000004
vn -1.000000 -0.000000 -0.000004
vn -1.000000 -0.000000 -0.000004
vn -1.000000 -0.000000 -0.000004
vn 0.000004 -0.016441 -0.999865
vn 0.000004 -0.132164 -0.991228
vn 0.000004 -0.132164 -0.991228
vn 0.000004 -0.132164 -0.991228
vn -0.000004 0.044141 0.999025
vn -0.000004 0.142934 0.989732
vn -0.000004 0.066227 0.997805
vn -0.000004 0.142934 0.989732
vn -0.000004 0.153687 0.988120
vn -0.000004 0.153687 0.988120
vn -1.000000 -0.000000 -0.000004
vn -1.000000 -0.000000 -0.000004
vn -1.000000 -0.000000 -0.000004
vn -1.000000 -0.000000 -0.000004
vn 0.000004 -0.000000 -1.000000
vn 0.000004 -0.000000 -1.000000
vn 0.000004 -0.000000 -1.000000
vn 0.000004 -0.000000 -1.000000
vn 1.000000 0.000000 0.000004
vn 1.000000 0.000000 0.000004
vn 1.000000 0.000000 0.000004
vn 1.000000 0.000000 0.000004
vn 1.000000 0.000000 0.000004
vn 1.000000 0.000000 0.000004
vn 1.000000 0.000000 0.000004
vn 1.000000 0.000000 0.000004
vn -0.000000 1.000000 -0.000000
vn -0.000000 1.000000 -0.000000
vn -0.000000 1.000000 -0.000000
vn -0.000000 1.000000 -0.000000
vn -0.000000 1.000000 -0.000000
vn -0.000000 1.000000 -0.000000
vn -0.000000 1.000000 -0.000000
vn -0.000000 1.000000 -0.000000
vn -0.000000 1.000000 -0.000000
vn -0.000000 1.000000 -0.000000
vn -0.000000 1.000000 -0.000000
vn -0.000000 1.000000 -0.000000
vn -0.000000 1.000000 -0.000000
vn -0.000000 1.000000 -0.000000
vn -0.000000 1.000000 -0.000000
vn -0.000000 1.000000 -0.000000
vn -0.000000 1.000000 -0.000000
vn -0.000000 1.000000 -0.000000
vn -0.000000 1.000000 -0.000000
vn -0.000000 1.000000 -0.000000
vn -0.000000 1.000000 -0.000000
vn -0.000000 1.000000 -0.000000
vn -0.000000 1.000000 -0.000000
vn -0.000000 1.000000 -0.000000
vn -0.000000 1.000000 -0.000000
vn -0.000000 1.000000 -0.000000
vn -0.000000 1.000000 -0.000000
vn -0.000000 1.000000 -0.000000
vn 0.000000 -1.000000 0.000000
vn 0.000000 -1.000000 0.000000
vn 0.000000 -1.000000 0.000000
vn 0.000000 -1.000000 0.000000
vn 0.000000 -1.000000 0.000000
vn 0.000000 -1.000000 0.000000
vn 0.000000 -1.000000 0.000000
vn 0.000000 -1.000000 0.000000
vn 0.000000 -1.000000 0.000000
vn 0.000000 -1.000000 0.000000
vn 0.000000 -1.000000 0.000000
vn 0.000000 -1.000000 0.000000
vn 0.000000 -1.000000 0.000000
vn 0.000000 -1.000000 0.000000
vn 0.000000 -1.000000 0.000000
vn 0.000000 -1.000000 0.000000
vn 0.000000 -1.000000 0.000000
vn 0.000000 -1.000000 0.000000
vn 0.000000 -1.000000 0.000000
vn 0.000000 -1.000000 0.000000
vn -1.000000 -0.000000 -0.000004
vn -1.000000 -0.000000 -0.000004
vn -1.000000 -0.000000 -0.000004
vn -1.000000 -0.000000 -0.000004
vn 0.000000 -1.000000 0.000000
vn 0.000000 -1.000000 0.000000
vn 0.000000 -1.000000 0.000000
vn 0.000000 -1.000000 0.000000
vn 0.000004 -0.000000 -1.000000
vn 0.000004 -0.000000 -1.000000
vn 0.000004 -0.000000 -1.000000
vn 0.000004 -0.000000 -1.000000
vn -0.000004 0.000000 1.000000
vn -0.000004 0.000000 1.000000
vn -0.000004 0.000000 1.000000
vn -0.000004 0.000000 1.000000
vn 1.000000 0.000000 0.000004
vn 1.000000 0.000000 0.000004
vn 1.000000 0.000000 0.000004
vn 1.000000 0.000000 0.000004
vn -0.000004 -0.513144 0.858302
vn -0.000004 -0.513144 0.858302
vn -0.000004 -0.544359 0.838853
vn -0.000004 -0.544359 0.838853
vn 0.000004 -0.000000 -1.000000
vn 0.000004 -0.000000 -1.000000
vn 0.000004 -0.000000 -1.000000
vn 0.000004 -0.000000 -1.000000
vn 0.000004 -0.000000 -1.000000
vn 0.000004 -0.000000 -1.000000
vn 0.000004 -0.000000 -1.000000
vn 0.000004 -0.000000 -1.000000
vn 0.000004 -0.000000 -1.000000
vn 0.000004 -0.000000 -1.000000
vn 0.000004 -0.000000 -1.000000
vn 0.000004 -0.000000 -1.000000
vn 0.000004 -0.000000 -1.000000
vn 0.000004 -0.000000 -1.000000
vn 0.000004 -0.000000 -1.000000
vn 0.000004 -0.000000 -1.000000
vn 0.000004 -0.000000 -1.000000
vn 0.000004 -0.000000 -1.000000
vn 0.000004 -0.000000 -1.000000
vn 0.000004 -0.000000 -1.000000
vn 0.000004 -0.000000 -1.000000
vn 0.000004 -0.000000 -1.000000
vn 0.000004 -0.000000 -1.000000
vn 0.000004 -0.000000 -1.000000
vn 0.000004 -0.000000 -1.000000
vn 0.000004 -0.000000 -1.000000
f 1/1/1 2/2/2 3/3/3
f 1/1/1 3/3/3 4/4/4
f 5/5/5 6/6/6 7/7/7
f 5/5/5 7/7/7 8/8/8
f 9/9/9 10/10/10 11/11/11
f 9/9/9 11/11/11 12/12/12
f 13/13/13 14/14/14 15/15/15
f 13/13/13 15/15/15 16/16/16
f 17/17/17 18/18/18 19/19/19
f 17/17/17 19/19/19 20/20/20
f 21/21/21 22/22/22 23/23/23
f 21/21/21 23/23/23 24/24/24
f 25/25/25 26/26/26 27/27/27
f 25/25/25 28/28/28 26/26/26
f 29/29/29 28/28/28 25/25/25
f 29/29/29 30/30/30 28/28/28
f 31/31/31 30/30/30 29/29/29
f 31/31/31 32/32/32 30/30/30
f 33/33/33 34/34/34 35/35/35
f 33/33/33 35/35/35 36/36/36
f 37/37/37 38/38/38 39/39/39
f 37/37/37 40/40/40 38/38/38
f 41/41/41 40/40/40 37/37/37
f 41/41/41 42/42/42 40/40/40
f 43/43/43 42/42/42 41/41/41
f 43/43/43 44/44/44 42/42/42
f 45/45/45 46/46/46 47/47/47
f 45/45/45 47/47/47 48/48/48
f 49/49/49 45/45/45 48/48/48
f 49/49/49 48/48/48 50/50/50
f 51/51/51 49/49/49 50/50/50
f 51/51/51 50/50/50 52/52/52
f 53/53/53 54/54/54 55/55/55
f 53/53/53 55/55/55 56/56/56
f 57/57/57 53/53/53 56/56/56
f 57/57/57 56/56/56 58/58/58
f 59/59/59 57/57/57 58/58/58
f 59/59/59 58/58/58 60/60/60
f 61/61/61 62/62/62 63/63/63
f 61/61/61 63/63/63 64/64/64
f 65/65/65 66/66/66 67/67/67
f 65/65/65 67/67/67 68/68/68
f 69/69/69 70/70/70 71/71/71
f 69/69/69 71/71/71 72/72/72
f 73/73/73 69/69/69 72/72/72
f 73/73/73 72/72/72 74/74/74
f 75/75/75 73/73/73 74/74/74
f 75/75/75 74/74/74 76/76/76
f 77/77/77 75/75/75 76/76/76
f 77/77/77 76/76/76 78/78/78
f 79/79/79 80/80/80 81/81/81
f 79/79/79 81/81/81 82/82/82
f 83/83/83 79/79/79 82/82/82
f 83/83/83 82/82/82 84/84/84
f 85/85/85 83/83/83 84/84/84
f 85/85/85 84/84/84 86/86/86
f 87/87/87 85/85/85 86/86/86
f 87/87/87 86/86/86 88/88/88
f 89/89/89 90/90/90 91/91/91
f 89/89/89 91/91/91 92/92/92
f 93/93/93 94/94/94 95/95/95
f 93/93/93 95/95/95 96/96/96
f 97/97/97 98/98/98 99/99/99
f 97/97/97 99/99/99 100/100/100
f 101/101/101 102/102/102 103/103/103
f 101/101/101 103/103/103 104/104/104
f 105/105/105 106/106/106 107/107/107
f 105/105/105 107/107/107 108/108/108
f 109/109/109 110/110/110 111/111/111
f 109/109/109 111/111/111 112/112/112
f 113/113/113 114/114/114 115/115/115
f 113/113/113 115/115/115 116/116/116
f 117/117/117 118/118/118 119/119/119
f 117/117/117 119/119/119 120/120/120
f 121/121/121 122/122/122 123/123/123
f 121/121/121 123/123/123 124/124/124
f 125/125/125 126/126/126 127/127/127
f 125/125/125 127/127/127 128/128/128
f 129/129/129 130/130/130 131/131/131
f 129/129/129 131/131/131 132/132/132
f 133/133/133 134/134/134 135/135/135
f 133/133/133 135/135/135 136/136/136
f 137/137/137 138/138/138 139/139/139
f 137/137/137 139/139/139 140/140/140
f 141/141/141 142/142/142 143/143/143
f 141/141/141 143/143/143 144/144/144
f 145/145/145 146/146/146 147/147/147
f 145/145/145 147/147/147 148/148/148
f 149/149/149 150/150/150 151/151/151
f 149/149/149 151/151/151 152/152/152
f 153/153/153 154/154/154 155/155/155
f 153/153/153 155/155/155 156/156/156
f 157/157/157 158/158/158 159/159/159
f 157/157/157 160/160/160 158/158/158
f 161/161/161 160/160/160 157/157/157
f 161/161/161 162/162/162 160/160/160
f 163/163/163 162/162/162 161/161/161
f 163/163/163 164/164/164 162/162/162
f 165/165/165 166/166/166 167/167/167
f 165/165/165 167/167/167 168/168/168
f 169/169/169 170/170/170 171/171/171
f 169/169/169 172/172/172 170/170/170
f 173/173/173 172/172/172 169/169/169
f 173/173/173 174/174/174 172/172/172
f 175/175/175 174/174/174 173/173/173
f 175/175/175 176/176/176 174/174/174
f 177/177/177 178/178/178 179/179/179
f 177/177/177 179/179/179 180/180/180
f 181/181/181 177/177/177 180/180/180
f 181/181/181 180/180/180 182/182/182
f 183/183/183 181/181/181 182/182/182
f 183/183/183 182/182/182 184/184/184
f 185/185/185 186/186/186 187/187/187
f 185/185/185 187/187/187 188/188/188
f 189/189/189 185/185/185 188/188/188
f 189/189/189 188/188/188 190/190/190
f 191/191/191 189/189/189 190/190/190
f 191/191/191 190/190/190 192/192/192
f 193/193/193 194/194/194 195/195/195
f 193/193/193 195/195/195 196/196/196
f 197/197/197 193/193/193 196/196/196
f 195/195/195 198/198/198 196/196/196
f 195/195/195 199/199/199 198/198/198
f 196/196/196 198/198/198 200/200/200
f 197/197/197 196/196/196 201/201/201
f 196/196/196 200/200/200 201/201/201
f 202/202/202 197/197/197 201/201/201
f 201/201/201 200/200/200 203/203/203
f 202/202/202 201/201/201 204/204/204
f 201/201/201 203/203/203 204/204/204
f 205/205/205 202/202/202 204/204/204
f 204/204/204 203/203/203 206/206/206
f 205/205/205 204/204/204 207/207/207
f 204/204/204 206/206/206 207/207/207
f 208/208/208 205/205/205 207/207/207
f 208/208/208 207/207/207 209/209/209
f 210/210/210 208/208/208 209/209/209
f 210/210/210 209/209/209 211/211/211
f 209/209/209 212/212/212 211/211/211
f 209/209/209 213/213/213 212/212/212
f 207/207/207 213/213/213 209/209/209
f 207/207/207 206/206/206 213/213/213
f 206/206/206 214/214/214 213/213/213
f 206/206/206 215/215/215 214/214/214
f 215/215/215 216/216/216 214/214/214
f 215/215/215 217/217/217 216/216/216
f 218/218/218 217/217/217 215/215/215
f 218/218/218 215/215/215 219/219/219
f 220/220/220 221/221/221 222/222/222
f 220/220/220 222/222/222 223/223/223
f 224/224/224 220/220/220 223/223/223
f 222/222/222 225/225/225 223/223/223
f 222/222/222 226/226/226 225/225/225
f 223/223/223 225/225/225 227/227/227
f 224/224/224 223/223/223 228/228/228
f 223/223/223 227/227/227 228/228/228
f 229/229/229 224/224/224 228/228/228
f 228/228/228 227/227/227 230/230/230
f 229/229/229 228/228/228 231/231/231
f 228/228/228 230/230/230 231/231/231
f 232/232/232 233/233/233 234/234/234
f 232/232/232 234/234/234 235/235/235
f 236/236/236 232/232/232 235/235/235
f 234/234/234 237/237/237 235/235/235
f 234/234/234 238/238/238 237/237/237
f 236/236/236 235/235/235 239/239/239
f 240/240/240 236/236/236 239/239/239
f 235/235/235 237/237/237 241/241/241
f 235/235/235 241/241/241 239/239/239
f 237/237/237 242/242/242 241/241/241
f 239/239/239 241/241/241 243/243/243
f 237/237/237 244/244/244 242/242/242
f 240/240/240 239/239/239 245/245/245
f 239/239/239 243/243/243 245/245/245
f 246/246/246 240/240/240 245/245/245
f 245/245/245 243/243/243 247/247/247
f 244/244/244 248/248/248 242/242/242
f 244/244/244 249/249/249 248/248/248
f 250/250/250 242/242/242 248/248/248
f 250/250/250 248/248/248 251/251/251
f 246/246/246 245/245/245 252/252/252
f 245/245/245 247/247/247 252/252/252
f 253/253/253 246/246/246 252/252/252
f 252/252/252 247/247/247 254/254/254
f 253/253/253 252/252/252 255/255/255
f 252/252/252 254/254/254 255/255/255
f 256/256/256 253/253/253 255/255/255
f 255/255/255 254/254/254 257/257/257
f 256/256/256 255/255/255 258/258/258
f 255/255/255 257/257/257 258/258/258
f 259/259/259 260/260/260 261/261/261
f 259/259/259 261/261/261 262/262/262
f 263/263/263 259/259/259 262/262/262
f 262/262/262 261/261/261 264/264/264
f 263/263/263 262/262/262 265/265/265
f 266/266/266 263/263/263 265/265/265
f 266/266/266 265/265/265 267/267/267
f 262/262/262 264/264/264 268/268/268
f 265/265/265 262/262/262 268/268/268
f 268/268/268 264/264/264 269/269/269
f 267/267/267 265/265/265 270/270/270
f 265/265/265 268/268/268 270/270/270
f 267/267/267 270/270/270 271/271/271
f 268/268/268 269/269/269 272/272/272
f 270/270/270 268/268/268 272/272/272
f 272/272/272 269/269/269 273/273/273
f 271/271/271 270/270/270 274/274/274
f 270/270/270 272/272/272 274/274/274
f 271/271/271 274/274/274 275/275/275
f 272/272/272 273/273/273 276/276/276
f 274/274/274 272/272/272 276/276/276
f 276/276/276 273/273/273 277/277/277
f 275/275/275 274/274/274 278/278/278
f 274/274/274 276/276/276 278/278/278
f 275/275/275 278/278/278 279/279/279
f 276/276/276 277/277/277 280/280/280
f 278/278/278 276/276/276 280/280/280
f 280/280/280 277/277/277 281/281/281
f 280/280/280 281/281/281 282/282/282
f 279/279/279 278/278/278 283/283/283
f 278/278/278 280/280/280 283/283/283
f 283/283/283 280/280/280 282/282/282
f 279/279/279 283/283/283 284/284/284
f 283/283/283 282/282/282 285/285/285
f 284/284/284 283/283/283 285/285/285
f 284/284/284 285/285/285 286/286/286
f 287/287/287 288/288/288 289/289/289
f 287/287/287 289/289/289 290/290/290
f 290/290/290 289/289/289 291/291/291
f 287/287/287 290/290/290 292/292/292
f 287/287/287 292/292/292 293/293/293
f 290/290/290 294/294/294 292/292/292
f 290/290/290 291/291/291 295/295/295
f 290/290/290 295/295/295 294/294/294
f 295/295/295 291/291/291 296/296/296
f 295/295/295 297/297/297 294/294/294
f 295/295/295 296/296/296 298/298/298
f 295/295/295 298/298/298 297/297/297
f 299/299/299 300/300/300 301/301/301
f 299/299/299 301/301/301 302/302/302
f 302/302/302 301/301/301 303/303/303
f 302/302/302 303/303/303 304/304/304
f 304/304/304 303/303/303 305/305/305
f 304/304/304 305/305/305 306/306/306
f 306/306/306 305/305/305 307/307/307
f 306/306/306 307/307/307 308/308/308
f 309/309/309 310/310/310 311/311/311
f 309/309/309 311/311/311 312/312/312
f 313/313/313 314/314/314 315/315/315
f 313/313/313 315/315/315 316/316/316
f 317/317/317 313/313/313 316/316/316
f 317/317/317 316/316/316 318/318/318
f 319/319/319 317/317/317 318/318/318
f 319/319/319 318/318/318 320/320/320
f 321/321/321 319/319/319 320/320/320
f 321/321/321 320/320/320 322/322/322
f 323/323/323 324/324/324 325/325/325
f 323/323/323 326/326/326 324/324/324
f 326/326/326 327/327/327 324/324/324
f 326/326/326 328/328/328 327/327/327
f 324/324/324 327/327/327 329/329/329
f 324/324/324 329/329/329 330/330/330
f 330/330/330 329/329/329 331/331/331
f 330/330/330 331/331/331 332/332/332
f 333/333/333 330/330/330 332/332/332
f 333/333/333 332/332/332 334/334/334
f 335/335/335 336/336/336 337/337/337
f 335/335/335 338/338/338 336/336/336
f 339/339/339 338/338/338 335/335/335
f 339/339/339 340/340/340 338/338/338
f 341/341/341 340/340/340 339/339/339
f 341/341/341 342/342/342 340/340/340
f 343/343/343 344/344/344 345/345/345
f 343/343/343 345/345/345 346/346/346
f 347/347/347 348/348/348 349/349/349
f 347/347/347 350/350/350 348/348/348
f 350/350/350 351/351/351 348/348/348
f 350/350/350 352/352/352 351/351/351
f 353/353/353 348/348/348 351/351/351
f 353/353/353 351/351/351 354/354/354
f 353/353/353 354/354/354 355/355/355
f 353/353/353 355/355/355 356/356/356
f 357/357/357 353/353/353 356/356/356
f 357/357/357 356/356/356 358/358/358
f 359/359/359 360/360/360 361/361/361
f 359/359/359 361/361/361 362/362/362
f 363/363/363 364/364/364 365/365/365
f 363/363/363 365/365/365 366/366/366
f 367/367/367 368/368/368 369/369/369
f 367/367/367 369/369/369 370/370/370
f 371/371/371 372/372/372 373/373/373
f 371/371/371 373/373/373 374/374/374
f 375/375/375 376/376/376 377/377/377
f 375/375/375 377/377/377 378/378/378
f 379/379/379 380/380/380 381/381/381
f 379/379/379 382/382/382 380/380/380
f 382/382/382 383/383/383 380/380/380
f 382/382/382 384/384/384 383/383/383
f 385/385/385 386/386/386 387/387/387
f 385/385/385 388/388/388 386/386/386
f 389/389/389 388/388/388 385/385/385
f 389/389/389 390/390/390 388/388/388
f 391/391/391 390/390/390 389/389/389
f 391/391/391 392/392/392 390/390/390
f 393/393/393 392/392/392 391/391/391
f 393/393/393 394/394/394 392/392/392
f 395/395/395 396/396/396 397/397/397
f 395/395/395 397/397/397 398/398/398
f 399/399/399 400/400/400 401/401/401
f 399/399/399 401/401/401 402/402/402
f 403/403/403 404/404/404 405/405/405
f 403/403/403 405/405/405 406/406/406
f 407/407/407 408/408/408 409/409/409
f 407/407/407 409/409/409 410/410/410
f 411/411/411 407/407/407 410/410/410
f 411/411/411 410/410/410 412/412/412
f 413/413/413 410/410/410 409/409/409
f 413/413/413 414/414/414 410/410/410
f 414/414/414 413/413/413 415/415/415
f 414/414/414 415/415/415 416/416/416
f 417/417/417 414/414/414 416/416/416
f 417/417/417 416/416/416 418/418/418
f 419/419/419 420/420/420 421/421/421
f 419/419/419 421/421/421 422/422/422
f 423/423/423 424/424/424 425/425/425
f 423/423/423 425/425/425 426/426/426
f 427/427/427 428/428/428 429/429/429
f 427/427/427 429/429/429 430/430/430
f 431/431/431 432/432/432 433/433/433
f 431/431/431 433/433/433 434/434/434
f 435/435/435 436/436/436 437/437/437
f 435/435/435 437/437/437 438/438/438
f 439/439/439 440/440/440 441/441/441
f 439/439/439 441/441/441 442/442/442
f 443/443/443 444/444/444 445/445/445
f 443/443/443 446/446/446 444/444/444
f 446/446/446 447/447/447 444/444/444
f 446/446/446 448/448/448 447/447/447
f 449/449/449 444/444/444 447/447/447
f 449/449/449 447/447/447 450/450/450
f 451/451/451 452/452/452 453/453/453
f 451/451/451 453/453/453 454/454/454
f 455/455/455 456/456/456 457/457/457
f 455/455/455 458/458/458 456/456/456
f 458/458/458 459/459/459 456/456/456
f 458/458/458 460/460/460 459/459/459
f 461/461/461 462/462/462 463/463/463
f 461/461/461 463/463/463 464/464/464
f 465/465/465 466/466/466 467/467/467
f 465/465/465 467/467/467 468/468/468
f 469/469/469 470/470/470 471/471/471
f 469/469/469 472/472/472 470/470/470
f 470/470/470 472/472/472 473/473/473
f 470/470/470 473/473/473 474/474/474
f 475/475/475 473/473/473 472/472/472
f 475/475/475 476/476/476 473/473/473
f 477/477/477 478/478/478 479/479/479
f 477/477/477 479/479/479 480/480/480
f 477/477/477 480/480/480 481/481/481
f 477/477/477 481/481/481 482/482/482
f 483/483/483 482/482/482 481/481/481
f 483/483/483 481/481/481 484/484/484
f 483/483/483 485/485/485 482/482/482
f 483/483/483 486/486/486 485/485/485
f 487/487/487 485/485/485 486/486/486
f 487/487/487 488/488/488 485/485/485
f 489/489/489 485/485/485 488/488/488
f 489/489/489 490/490/490 485/485/485
f 489/489/489 491/491/491 490/490/490
f 489/489/489 492/492/492 491/491/491
f 493/493/493 494/494/494 495/495/495
f 493/493/493 496/496/496 494/494/494
f 497/497/497 494/494/494 496/496/496
f 497/497/497 498/498/498 494/494/494
f 493/493/493 499/499/499 496/496/496
f 493/493/493 500/500/500 499/499/499
f 501/501/501 499/499/499 500/500/500
f 501/501/501 502/502/502 499/499/499
f 503/503/503 499/499/499 502/502/502
f 503/503/503 504/504/504 499/499/499
f 505/505/505 506/506/506 507/507/507
f 505/505/505 507/507/507 508/508/508
f 509/509/509 510/510/510 511/511/511
f 509/509/509 511/511/511 512/512/512
f 513/513/513 514/514/514 515/515/515
f 513/513/513 515/515/515 516/516/516
f 517/517/517 518/518/518 519/519/519
f 517/517/517 519/519/519 520/520/520
f 521/521/521 522/522/522 523/523/523
f 521/521/521 523/523/523 524/524/524
f 525/525/525 526/526/526 527/527/527
f 525/525/525 527/527/527 528/528/528
f 529/529/529 530/530/530 531/531/531
f 529/529/529 531/531/531 532/532/532
f 533/533/533 534/534/534 535/535/535
f 533/533/533 535/535/535 536/536/536
f 537/537/537 538/538/538 539/539/539
f 537/537/537 539/539/539 540/540/540
f 541/541/541 542/542/542 543/543/543
f 541/541/541 543/543/543 544/544/544
f 545/545/545 546/546/546 547/547/547
f 545/545/545 547/547/547 548/548/548
f 549/549/549 550/550/550 551/551/551
f 551/551/551 550/550/550 552/552/552
f 551/551/551 552/552/552 553/553/553
f 553/553/553 552/552/552 554/554/554
f 553/553/553 554/554/554 555/555/555
f 549/549/549 556/556/556 550/550/550
f 555/555/555 554/554/554 556/556/556
f 555/555/555 556/556/556 549/549/549
f 549/549/549 557/557/557 555/555/555
f 549/549/549 558/558/558 557/557/557
f 555/555/555 557/557/557 559/559/559
f 560/560/560 558/558/558 549/549/549
f 555/555/555 559/559/559 561/561/561
f 560/560/560 562/562/562 558/558/558
f 561/561/561 559/559/559 562/562/562
f 561/561/561 562/562/562 560/560/560
f 560/560/560 563/563/563 561/561/561
f 560/560/560 564/564/564 563/563/563
f 561/561/561 563/563/563 565/565/565
f 566/566/566 564/564/564 560/560/560
f 561/561/561 565/565/565 567/567/567
f 566/566/566 568/568/568 564/564/564
f 567/567/567 565/565/565 568/568/568
f 567/567/567 568/568/568 566/566/566
f 566/566/566 569/569/569 567/567/567
f 566/566/566 570/570/570 569/569/569
f 567/567/567 569/569/569 571/571/571
f 572/572/572 570/570/570 566/566/566
f 567/567/567 571/571/571 573/573/573
f 572/572/572 574/574/574 570/570/570
f 573/573/573 571/571/571 574/574/574
f 573/573/573 574/574/574 572/572/572
