# poke consumable held mesh (X+Z neg + winding rev)
v -0.119686 -0.119686 0.100147
v -0.169261 0.000000 0.100147
v -0.119686 0.119686 0.100147
v 0.000000 -0.169261 0.100147
v 0.000000 0.169261 0.100147
v 0.119686 -0.119686 0.100147
v 0.119686 0.119686 0.100147
v 0.169261 0.000000 0.100147
v 0.119487 0.004745 -0.169259
v 0.133827 0.080096 -0.222116
v 0.082271 0.042358 -0.289902
v 0.067930 -0.032994 -0.237046
v 0.133827 0.080096 -0.222116
v 0.057581 0.119786 -0.186221
v 0.006024 0.082048 -0.254008
v 0.082271 0.042358 -0.289902
v 0.057581 0.119786 -0.186221
v 0.043240 0.044435 -0.133364
v -0.008316 0.006696 -0.201151
v 0.006024 0.082048 -0.254008
v 0.043240 0.044435 -0.133364
v 0.119487 0.004745 -0.169259
v 0.067930 -0.032994 -0.237046
v -0.008316 0.006696 -0.201151
v 0.133827 0.080096 -0.222116
v 0.119487 0.004745 -0.169259
v 0.043240 0.044435 -0.133364
v 0.057581 0.119786 -0.186221
v 0.006024 0.082048 -0.254008
v -0.008316 0.006696 -0.201151
v 0.067930 -0.032994 -0.237046
v 0.082271 0.042358 -0.289902
v 0.150349 0.105154 -0.090557
v 0.119255 0.155341 -0.162609
v 0.184600 0.117508 -0.217162
v 0.215694 0.067320 -0.145109
v 0.119255 0.155341 -0.162609
v 0.060600 0.086587 -0.185186
v 0.125944 0.048754 -0.239739
v 0.184600 0.117508 -0.217162
v 0.060600 0.086587 -0.185186
v 0.091694 0.036400 -0.113133
v 0.157039 -0.001434 -0.167686
v 0.125944 0.048754 -0.239739
v 0.091694 0.036400 -0.113133
v 0.150349 0.105154 -0.090557
v 0.215694 0.067320 -0.145109
v 0.157039 -0.001434 -0.167686
v 0.119255 0.155341 -0.162609
v 0.150349 0.105154 -0.090557
v 0.091694 0.036400 -0.113133
v 0.060600 0.086587 -0.185186
v 0.125944 0.048754 -0.239739
v 0.157039 -0.001434 -0.167686
v 0.215694 0.067320 -0.145109
v 0.184600 0.117508 -0.217162
v -0.014193 0.185925 -0.111701
v -0.026355 0.107354 -0.160239
v 0.010834 0.148000 -0.235353
v 0.022996 0.226571 -0.186815
v -0.026355 0.107354 -0.160239
v 0.058181 0.078168 -0.134178
v 0.095370 0.118814 -0.209292
v 0.010834 0.148000 -0.235353
v 0.058181 0.078168 -0.134178
v 0.070343 0.156739 -0.085640
v 0.107532 0.197385 -0.160754
v 0.095370 0.118814 -0.209292
v 0.070343 0.156739 -0.085640
v -0.014193 0.185925 -0.111701
v 0.022996 0.226571 -0.186815
v 0.107532 0.197385 -0.160754
v -0.026355 0.107354 -0.160239
v -0.014193 0.185925 -0.111701
v 0.070343 0.156739 -0.085640
v 0.058181 0.078168 -0.134178
v 0.095370 0.118814 -0.209292
v 0.107532 0.197385 -0.160754
v 0.022996 0.226571 -0.186815
v 0.010834 0.148000 -0.235353
v -0.076847 0.220144 -0.199081
v -0.119053 0.163929 -0.137961
v -0.094860 0.090017 -0.189235
v -0.052653 0.146233 -0.250356
v -0.119053 0.163929 -0.137961
v -0.039614 0.156571 -0.089872
v -0.015421 0.082659 -0.141146
v -0.094860 0.090017 -0.189235
v -0.039614 0.156571 -0.089872
v 0.002592 0.212786 -0.150992
v 0.026786 0.138874 -0.202266
v -0.015421 0.082659 -0.141146
v 0.002592 0.212786 -0.150992
v -0.076847 0.220144 -0.199081
v -0.052653 0.146233 -0.250356
v 0.026786 0.138874 -0.202266
v -0.119053 0.163929 -0.137961
v -0.076847 0.220144 -0.199081
v 0.002592 0.212786 -0.150992
v -0.039614 0.156571 -0.089872
v -0.015421 0.082659 -0.141146
v 0.026786 0.138874 -0.202266
v -0.052653 0.146233 -0.250356
v -0.094860 0.090017 -0.189235
v -0.118366 -0.136668 -0.210656
v -0.088189 -0.050059 -0.226951
v -0.140440 -0.018605 -0.156540
v -0.170617 -0.105214 -0.140244
v -0.088189 -0.050059 -0.226951
v -0.017221 -0.063730 -0.168181
v -0.069472 -0.032276 -0.097770
v -0.140440 -0.018605 -0.156540
v -0.017221 -0.063730 -0.168181
v -0.047398 -0.150338 -0.151886
v -0.099649 -0.118884 -0.081474
v -0.069472 -0.032276 -0.097770
v -0.047398 -0.150338 -0.151886
v -0.118366 -0.136668 -0.210656
v -0.170617 -0.105214 -0.140244
v -0.099649 -0.118884 -0.081474
v -0.088189 -0.050059 -0.226951
v -0.118366 -0.136668 -0.210656
v -0.047398 -0.150338 -0.151886
v -0.017221 -0.063730 -0.168181
v -0.069472 -0.032276 -0.097770
v -0.099649 -0.118884 -0.081474
v -0.170617 -0.105214 -0.140244
v -0.140440 -0.018605 -0.156540
v 0.013866 0.009933 -0.252927
v 0.074738 -0.049708 -0.215313
v 0.037411 -0.034805 -0.131277
v -0.023460 0.024836 -0.168892
v 0.074738 -0.049708 -0.215313
v 0.014916 -0.119694 -0.229473
v -0.022411 -0.104792 -0.145438
v 0.037411 -0.034805 -0.131277
v 0.014916 -0.119694 -0.229473
v -0.045956 -0.060053 -0.267087
v -0.083282 -0.045150 -0.183052
v -0.022411 -0.104792 -0.145438
v -0.045956 -0.060053 -0.267087
v 0.013866 0.009933 -0.252927
v -0.023460 0.024836 -0.168892
v -0.083282 -0.045150 -0.183052
v 0.074738 -0.049708 -0.215313
v 0.013866 0.009933 -0.252927
v -0.045956 -0.060053 -0.267087
v 0.014916 -0.119694 -0.229473
v -0.022411 -0.104792 -0.145438
v -0.083282 -0.045150 -0.183052
v -0.023460 0.024836 -0.168892
v 0.037411 -0.034805 -0.131277
v -0.145841 0.157853 -0.197187
v -0.078058 0.097533 -0.218261
v -0.071475 0.073566 -0.128486
v -0.139259 0.133886 -0.107413
v -0.078058 0.097533 -0.218261
v -0.141613 0.030717 -0.231439
v -0.135030 0.006750 -0.141664
v -0.071475 0.073566 -0.128486
v -0.141613 0.030717 -0.231439
v -0.209397 0.091038 -0.210365
v -0.202814 0.067071 -0.120590
v -0.135030 0.006750 -0.141664
v -0.209397 0.091038 -0.210365
v -0.145841 0.157853 -0.197187
v -0.139259 0.133886 -0.107413
v -0.202814 0.067071 -0.120590
v -0.078058 0.097533 -0.218261
v -0.145841 0.157853 -0.197187
v -0.209397 0.091038 -0.210365
v -0.141613 0.030717 -0.231439
v -0.135030 0.006750 -0.141664
v -0.202814 0.067071 -0.120590
v -0.139259 0.133886 -0.107413
v -0.071475 0.073566 -0.128486
v 0.023438 0.124124 -0.267251
v -0.026376 0.049025 -0.290831
v 0.018433 -0.000972 -0.226257
v 0.068246 0.074128 -0.202677
v -0.026376 0.049025 -0.290831
v -0.091091 0.072213 -0.227970
v -0.046282 0.022217 -0.163396
v 0.018433 -0.000972 -0.226257
v -0.091091 0.072213 -0.227970
v -0.041278 0.147313 -0.204390
v 0.003531 0.097316 -0.139816
v -0.046282 0.022217 -0.163396
v -0.041278 0.147313 -0.204390
v 0.023438 0.124124 -0.267251
v 0.068246 0.074128 -0.202677
v 0.003531 0.097316 -0.139816
v -0.026376 0.049025 -0.290831
v 0.023438 0.124124 -0.267251
v -0.041278 0.147313 -0.204390
v -0.091091 0.072213 -0.227970
v -0.046282 0.022217 -0.163396
v 0.003531 0.097316 -0.139816
v 0.068246 0.074128 -0.202677
v 0.018433 -0.000972 -0.226257
v -0.109081 -0.067527 -0.218503
v -0.165807 0.004769 -0.203249
v -0.119634 0.024440 -0.124774
v -0.062908 -0.047856 -0.140028
v -0.165807 0.004769 -0.203249
v -0.108122 0.060119 -0.251063
v -0.061949 0.079790 -0.172588
v -0.119634 0.024440 -0.124774
v -0.108122 0.060119 -0.251063
v -0.051396 -0.012177 -0.266318
v -0.005223 0.007494 -0.187842
v -0.061949 0.079790 -0.172588
v -0.051396 -0.012177 -0.266318
v -0.109081 -0.067527 -0.218503
v -0.062908 -0.047856 -0.140028
v -0.005223 0.007494 -0.187842
v -0.165807 0.004769 -0.203249
v -0.109081 -0.067527 -0.218503
v -0.051396 -0.012177 -0.266318
v -0.108122 0.060119 -0.251063
v -0.061949 0.079790 -0.172588
v -0.005223 0.007494 -0.187842
v -0.062908 -0.047856 -0.140028
v -0.119634 0.024440 -0.124774
v -0.185527 0.027511 -0.244395
v -0.097654 0.013620 -0.216776
v -0.118843 0.047158 -0.132494
v -0.206715 0.061049 -0.160112
v -0.097654 0.013620 -0.216776
v -0.120166 -0.072168 -0.188299
v -0.141355 -0.038629 -0.104016
v -0.118843 0.047158 -0.132494
v -0.120166 -0.072168 -0.188299
v -0.208038 -0.058277 -0.215917
v -0.229227 -0.024739 -0.131635
v -0.141355 -0.038629 -0.104016
v -0.208038 -0.058277 -0.215917
v -0.185527 0.027511 -0.244395
v -0.206715 0.061049 -0.160112
v -0.229227 -0.024739 -0.131635
v -0.097654 0.013620 -0.216776
v -0.185527 0.027511 -0.244395
v -0.208038 -0.058277 -0.215917
v -0.120166 -0.072168 -0.188299
v -0.141355 -0.038629 -0.104016
v -0.229227 -0.024739 -0.131635
v -0.206715 0.061049 -0.160112
v -0.118843 0.047158 -0.132494
v 0.093160 -0.190822 -0.153666
v -0.002001 -0.173153 -0.187975
v -0.000445 -0.086116 -0.242444
v 0.095678 -0.049993 -0.241800
v 0.153529 -0.114705 -0.186932
v 0.005653 -0.101897 -0.267487
v 0.004098 -0.188934 -0.213017
v 0.099259 -0.206603 -0.178709
v 0.101776 -0.065774 -0.266843
v 0.159627 -0.130486 -0.211975
v 0.101895 -0.128135 -0.160275
v 0.046918 -0.060106 -0.214076
v 0.102390 0.025890 -0.222589
v 0.191344 -0.084183 -0.135537
v 0.191650 0.011009 -0.174049
v 0.114587 0.015486 -0.248208
v 0.059116 -0.070510 -0.239695
v 0.114092 -0.138539 -0.185894
v 0.203541 -0.094587 -0.161156
v 0.203847 0.000605 -0.199668
v -0.085397 -0.191004 -0.146001
v -0.104521 -0.116233 -0.213740
v -0.017490 -0.096375 -0.264495
v 0.013453 -0.217357 -0.154892
v 0.055422 -0.158873 -0.228126
v -0.024873 -0.117066 -0.285250
v -0.111904 -0.136924 -0.234494
v -0.092780 -0.211695 -0.166756
v 0.006070 -0.238048 -0.175647
v 0.048039 -0.179564 -0.248880
v 0.120461 0.004081 -0.168531
v 0.135048 0.080726 -0.222296
v 0.082606 0.042340 -0.291247
v 0.068019 -0.034306 -0.237482
v 0.135048 0.080726 -0.222296
v 0.057492 0.121098 -0.185785
v 0.005050 0.082712 -0.254736
v 0.082606 0.042340 -0.291247
v 0.057492 0.121098 -0.185785
v 0.042905 0.044453 -0.132020
v -0.009537 0.006066 -0.200971
v 0.005050 0.082712 -0.254736
v 0.042905 0.044453 -0.132020
v 0.120461 0.004081 -0.168531
v 0.068019 -0.034306 -0.237482
v -0.009537 0.006066 -0.200971
v 0.135048 0.080726 -0.222296
v 0.120461 0.004081 -0.168531
v 0.042905 0.044453 -0.132020
v 0.057492 0.121098 -0.185785
v 0.005050 0.082712 -0.254736
v -0.009537 0.006066 -0.200971
v 0.068019 -0.034306 -0.237482
v 0.082606 0.042340 -0.291247
v 0.150559 0.105638 -0.089275
v 0.118930 0.156688 -0.162566
v 0.185398 0.118205 -0.218055
v 0.217026 0.067155 -0.144765
v 0.118930 0.156688 -0.162566
v 0.059268 0.086753 -0.185530
v 0.125735 0.048270 -0.241020
v 0.185398 0.118205 -0.218055
v 0.059268 0.086753 -0.185530
v 0.090896 0.035703 -0.112240
v 0.157364 -0.002780 -0.167730
v 0.125735 0.048270 -0.241020
v 0.090896 0.035703 -0.112240
v 0.150559 0.105638 -0.089275
v 0.217026 0.067155 -0.144765
v 0.157364 -0.002780 -0.167730
v 0.118930 0.156688 -0.162566
v 0.150559 0.105638 -0.089275
v 0.090896 0.035703 -0.112240
v 0.059268 0.086753 -0.185530
v 0.125735 0.048270 -0.241020
v 0.157364 -0.002780 -0.167730
v 0.217026 0.067155 -0.144765
v 0.185398 0.118205 -0.218055
v -0.015134 0.186501 -0.110863
v -0.027505 0.106581 -0.160235
v 0.010323 0.147925 -0.236639
v 0.022694 0.227845 -0.187267
v -0.027505 0.106581 -0.160235
v 0.058483 0.076894 -0.133726
v 0.096311 0.118238 -0.210131
v 0.010323 0.147925 -0.236639
v 0.058483 0.076894 -0.133726
v 0.070854 0.156814 -0.084354
v 0.108682 0.198159 -0.160759
v 0.096311 0.118238 -0.210131
v 0.070854 0.156814 -0.084354
v -0.015134 0.186501 -0.110863
v 0.022694 0.227845 -0.187267
v 0.108682 0.198159 -0.160759
v -0.027505 0.106581 -0.160235
v -0.015134 0.186501 -0.110863
v 0.070854 0.156814 -0.084354
v 0.058483 0.076894 -0.133726
v 0.096311 0.118238 -0.210131
v 0.108682 0.198159 -0.160759
v 0.022694 0.227845 -0.187267
v 0.010323 0.147925 -0.236639
v -0.077374 0.221325 -0.199579
v -0.120306 0.164144 -0.137409
v -0.095697 0.088963 -0.189564
v -0.052765 0.146144 -0.251734
v -0.120306 0.164144 -0.137409
v -0.039503 0.156659 -0.088494
v -0.014894 0.081478 -0.140649
v -0.095697 0.088963 -0.189564
v -0.039503 0.156659 -0.088494
v 0.003429 0.213841 -0.150664
v 0.028038 0.138659 -0.202819
v -0.014894 0.081478 -0.140649
v 0.003429 0.213841 -0.150664
v -0.077374 0.221325 -0.199579
v -0.052765 0.146144 -0.251734
v 0.028038 0.138659 -0.202819
v -0.120306 0.164144 -0.137409
v -0.077374 0.221325 -0.199579
v 0.003429 0.213841 -0.150664
v -0.039503 0.156659 -0.088494
v -0.014894 0.081478 -0.140649
v 0.028038 0.138659 -0.202819
v -0.052765 0.146144 -0.251734
v -0.095697 0.088963 -0.189564
v -0.118786 -0.137565 -0.211625
v -0.088091 -0.049468 -0.228201
v -0.141239 -0.017474 -0.156580
v -0.171934 -0.105570 -0.140004
v -0.088091 -0.049468 -0.228201
v -0.015903 -0.063373 -0.168421
v -0.069052 -0.031379 -0.096800
v -0.141239 -0.017474 -0.156580
v -0.015903 -0.063373 -0.168421
v -0.046599 -0.151469 -0.151846
v -0.099747 -0.119475 -0.080225
v -0.069052 -0.031379 -0.096800
v -0.046599 -0.151469 -0.151846
v -0.118786 -0.137565 -0.211625
v -0.171934 -0.105570 -0.140004
v -0.099747 -0.119475 -0.080225
v -0.088091 -0.049468 -0.228201
v -0.118786 -0.137565 -0.211625
v -0.046599 -0.151469 -0.151846
v -0.015903 -0.063373 -0.168421
v -0.069052 -0.031379 -0.096800
v -0.099747 -0.119475 -0.080225
v -0.171934 -0.105570 -0.140004
v -0.141239 -0.017474 -0.156580
v 0.014178 0.010919 -0.253850
v 0.076095 -0.049747 -0.215590
v 0.038127 -0.034588 -0.130111
v -0.023790 0.026077 -0.168372
v 0.076095 -0.049747 -0.215590
v 0.015245 -0.120936 -0.229993
v -0.022722 -0.105777 -0.144515
v 0.038127 -0.034588 -0.130111
v 0.015245 -0.120936 -0.229993
v -0.046672 -0.060270 -0.268254
v -0.084639 -0.045111 -0.182775
v -0.022722 -0.105777 -0.144515
v -0.046672 -0.060270 -0.268254
v 0.014178 0.010919 -0.253850
v -0.023790 0.026077 -0.168372
v -0.084639 -0.045111 -0.182775
v 0.076095 -0.049747 -0.215590
v 0.014178 0.010919 -0.253850
v -0.046672 -0.060270 -0.268254
v 0.015245 -0.120936 -0.229993
v -0.022722 -0.105777 -0.144515
v -0.084639 -0.045111 -0.182775
v -0.023790 0.026077 -0.168372
v 0.038127 -0.034588 -0.130111
v -0.145934 0.159151 -0.197664
v -0.076986 0.097795 -0.219100
v -0.070291 0.073416 -0.127783
v -0.139239 0.134772 -0.106347
v -0.076986 0.097795 -0.219100
v -0.141633 0.029831 -0.232504
v -0.134938 0.005453 -0.141187
v -0.070291 0.073416 -0.127783
v -0.141633 0.029831 -0.232504
v -0.210581 0.091188 -0.211068
v -0.203886 0.066809 -0.119751
v -0.134938 0.005453 -0.141187
v -0.210581 0.091188 -0.211068
v -0.145934 0.159151 -0.197664
v -0.139239 0.134772 -0.106347
v -0.203886 0.066809 -0.119751
v -0.076986 0.097795 -0.219100
v -0.145934 0.159151 -0.197664
v -0.210581 0.091188 -0.211068
v -0.141633 0.029831 -0.232504
v -0.134938 0.005453 -0.141187
v -0.203886 0.066809 -0.119751
v -0.139239 0.134772 -0.106347
v -0.070291 0.073416 -0.127783
v 0.024036 0.125000 -0.268143
v -0.026632 0.048610 -0.292128
v 0.018946 -0.002245 -0.226445
v 0.069615 0.074144 -0.202460
v -0.026632 0.048610 -0.292128
v -0.092460 0.072197 -0.228187
v -0.046881 0.021341 -0.162504
v 0.018946 -0.002245 -0.226445
v -0.092460 0.072197 -0.228187
v -0.041791 0.148586 -0.204202
v 0.003788 0.097731 -0.138519
v -0.046881 0.021341 -0.162504
v -0.041791 0.148586 -0.204202
v 0.024036 0.125000 -0.268143
v 0.069615 0.074144 -0.202460
v 0.003788 0.097731 -0.138519
v -0.026632 0.048610 -0.292128
v 0.024036 0.125000 -0.268143
v -0.041791 0.148586 -0.204202
v -0.092460 0.072197 -0.228187
v -0.046881 0.021341 -0.162504
v 0.003788 0.097731 -0.138519
v 0.069615 0.074144 -0.202460
v 0.018946 -0.002245 -0.226445
v -0.109486 -0.068792 -0.218898
v -0.167186 0.004746 -0.203382
v -0.120220 0.024755 -0.123558
v -0.062520 -0.048783 -0.139074
v -0.167186 0.004746 -0.203382
v -0.108511 0.061046 -0.252017
v -0.061545 0.081055 -0.172194
v -0.120220 0.024755 -0.123558
v -0.108511 0.061046 -0.252017
v -0.050810 -0.012492 -0.267533
v -0.003844 0.007517 -0.187710
v -0.061545 0.081055 -0.172194
v -0.050810 -0.012492 -0.267533
v -0.109486 -0.068792 -0.218898
v -0.062520 -0.048783 -0.139074
v -0.003844 0.007517 -0.187710
v -0.167186 0.004746 -0.203382
v -0.109486 -0.068792 -0.218898
v -0.050810 -0.012492 -0.267533
v -0.108511 0.061046 -0.252017
v -0.061545 0.081055 -0.172194
v -0.003844 0.007517 -0.187710
v -0.062520 -0.048783 -0.139074
v -0.120220 0.024755 -0.123558
v -0.185906 0.028079 -0.245600
v -0.096524 0.013949 -0.217508
v -0.118077 0.048064 -0.131777
v -0.207458 0.062193 -0.159870
v -0.096524 0.013949 -0.217508
v -0.119423 -0.073312 -0.188541
v -0.140975 -0.039197 -0.102811
v -0.118077 0.048064 -0.131777
v -0.119423 -0.073312 -0.188541
v -0.208805 -0.059182 -0.216634
v -0.230357 -0.025068 -0.130904
v -0.140975 -0.039197 -0.102811
v -0.208805 -0.059182 -0.216634
v -0.185906 0.028079 -0.245600
v -0.207458 0.062193 -0.159870
v -0.230357 -0.025068 -0.130904
v -0.096524 0.013949 -0.217508
v -0.185906 0.028079 -0.245600
v -0.208805 -0.059182 -0.216634
v -0.119423 -0.073312 -0.188541
v -0.140975 -0.039197 -0.102811
v -0.230357 -0.025068 -0.130904
v -0.207458 0.062193 -0.159870
v -0.118077 0.048064 -0.131777
v -0.002973 -0.173345 -0.187175
v 0.099706 -0.207794 -0.178765
v 0.003431 -0.189918 -0.213475
v 0.093302 -0.191221 -0.152466
v 0.160782 -0.130785 -0.212420
v 0.154377 -0.114212 -0.186121
v 0.154377 -0.114212 -0.186121
v 0.102253 -0.065316 -0.267930
v 0.160782 -0.130785 -0.212420
v 0.095849 -0.048743 -0.241631
v 0.005005 -0.101862 -0.268582
v -0.001399 -0.085289 -0.242283
v 0.003431 -0.189918 -0.213475
v -0.002973 -0.173345 -0.187175
v 0.093302 -0.191221 -0.152466
v -0.002973 -0.173345 -0.187175
v -0.001399 -0.085289 -0.242283
v 0.095849 -0.048743 -0.241631
v 0.154377 -0.114212 -0.186121
v 0.005005 -0.101862 -0.268582
v 0.003431 -0.189918 -0.213475
v 0.099706 -0.207794 -0.178765
v 0.102253 -0.065316 -0.267930
v 0.160782 -0.130785 -0.212420
v 0.101297 -0.128822 -0.159385
v 0.204602 -0.095282 -0.161263
v 0.114106 -0.139748 -0.186290
v 0.191793 -0.084356 -0.134358
v 0.204912 0.001025 -0.200226
v 0.192103 0.011951 -0.173321
v 0.192103 0.011951 -0.173321
v 0.114607 0.016079 -0.249334
v 0.204912 0.001025 -0.200226
v 0.101798 0.027005 -0.222429
v 0.058486 -0.070923 -0.240721
v 0.045677 -0.059997 -0.213816
v 0.114106 -0.139748 -0.186290
v 0.101297 -0.128822 -0.159385
v 0.101297 -0.128822 -0.159385
v 0.045677 -0.059997 -0.213816
v 0.101798 0.027005 -0.222429
v 0.191793 -0.084356 -0.134358
v 0.192103 0.011951 -0.173321
v 0.114607 0.016079 -0.249334
v 0.058486 -0.070923 -0.240721
v 0.114106 -0.139748 -0.186290
v 0.204602 -0.095282 -0.161263
v 0.204912 0.001025 -0.200226
v 0.056580 -0.158388 -0.227917
v -0.024939 -0.116888 -0.286508
v 0.048827 -0.180117 -0.249713
v -0.017185 -0.095159 -0.264713
v -0.112988 -0.136978 -0.235158
v -0.105235 -0.115249 -0.213363
v -0.105235 -0.115249 -0.213363
v -0.093641 -0.212624 -0.166627
v -0.112988 -0.136978 -0.235158
v -0.085887 -0.190895 -0.144831
v 0.006366 -0.239286 -0.175623
v 0.014120 -0.217557 -0.153827
v 0.048827 -0.180117 -0.249713
v 0.056580 -0.158388 -0.227917
v -0.085887 -0.190895 -0.144831
v -0.105235 -0.115249 -0.213363
v -0.017185 -0.095159 -0.264713
v 0.014120 -0.217557 -0.153827
v 0.056580 -0.158388 -0.227917
v -0.024939 -0.116888 -0.286508
v -0.112988 -0.136978 -0.235158
v -0.093641 -0.212624 -0.166627
v 0.006366 -0.239286 -0.175623
v 0.048827 -0.180117 -0.249713
v 0.000000 0.241559 -0.158350
v 0.162162 0.162162 -0.033838
v 0.170808 0.170808 -0.158350
v 0.000000 0.229332 -0.033838
v -0.170808 0.170808 -0.158350
v 0.229332 0.000000 -0.033838
v 0.241559 0.000000 -0.158350
v -0.162162 0.162162 -0.033838
v -0.241559 0.000000 -0.158350
v 0.162162 -0.162162 -0.033838
v 0.170808 -0.170808 -0.158350
v -0.229332 0.000000 -0.033838
v -0.170808 -0.170808 -0.158350
v 0.000000 -0.229332 -0.033838
v 0.000000 -0.241559 -0.158350
v -0.162162 -0.162162 -0.033838
v 0.098125 0.098125 0.065371
v 0.138770 0.000000 0.065371
v 0.098125 -0.098125 0.065371
v 0.000000 -0.138770 0.065371
v 0.000000 0.138770 0.065371
v -0.098125 -0.098125 0.065371
v -0.098125 0.098125 0.065371
v -0.138770 0.000000 0.065371
v 0.000000 0.307444 -0.158350
v 0.217396 0.217396 -0.158350
v 0.204946 0.204946 -0.026663
v 0.000000 0.289837 -0.026663
v -0.217396 0.217396 -0.158350
v 0.289837 0.000000 -0.026663
v 0.307444 0.000000 -0.158350
v -0.204946 0.204946 -0.026663
v -0.307444 0.000000 -0.158350
v 0.204946 -0.204946 -0.026663
v 0.217396 -0.217396 -0.158350
v -0.289837 0.000000 -0.026663
v -0.217396 -0.217396 -0.158350
v 0.000000 -0.289837 -0.026663
v 0.000000 -0.307444 -0.158350
v -0.204946 -0.204946 -0.026663
v 0.169261 0.000000 0.100147
v 0.119686 0.119686 0.100147
v 0.119686 -0.119686 0.100147
v 0.000000 0.169261 0.100147
v 0.000000 -0.169261 0.100147
v -0.119686 0.119686 0.100147
v -0.119686 -0.119686 0.100147
v -0.169261 0.000000 0.100147
v -0.085397 -0.191004 -0.146001
v 0.006070 -0.238048 -0.175647
v -0.092780 -0.211695 -0.166756
v 0.013453 -0.217357 -0.154892
v -0.104521 -0.116233 -0.213740
v 0.048039 -0.179564 -0.248880
v -0.111904 -0.136924 -0.234494
v 0.055422 -0.158873 -0.228126
v -0.017490 -0.096375 -0.264495
v -0.024873 -0.117066 -0.285250
v 0.101895 -0.128135 -0.160275
v 0.203541 -0.094587 -0.161156
v 0.114092 -0.138539 -0.185894
v 0.191344 -0.084183 -0.135537
v 0.046918 -0.060106 -0.214076
v 0.203847 0.000605 -0.199668
v 0.059116 -0.070510 -0.239695
v 0.191650 0.011009 -0.174049
v 0.102390 0.025890 -0.222589
v 0.114587 0.015486 -0.248208
v -0.002001 -0.173153 -0.187975
v 0.099259 -0.206603 -0.178709
v 0.004098 -0.188934 -0.213017
v 0.093160 -0.190822 -0.153666
v -0.000445 -0.086116 -0.242444
v 0.159627 -0.130486 -0.211975
v 0.005653 -0.101897 -0.267487
v 0.153529 -0.114705 -0.186932
v 0.095678 -0.049993 -0.241800
v 0.101776 -0.065774 -0.266843
v -0.081335 0.081335 -0.141426
v -0.177507 0.177507 -0.116435
v -0.251033 0.000000 -0.116435
v -0.115026 0.000000 -0.141426
v -0.177507 -0.177507 -0.116435
v -0.081335 -0.081335 -0.141426
v 0.000000 -0.251033 -0.116435
v 0.000000 0.115026 -0.141426
v 0.000000 0.251033 -0.116435
v 0.000000 -0.115026 -0.141426
v 0.177507 -0.177507 -0.116435
v 0.081335 0.081335 -0.141426
v 0.177507 0.177507 -0.116435
v 0.081335 -0.081335 -0.141426
v 0.251033 0.000000 -0.116435
v 0.115026 0.000000 -0.141426
v -0.217396 0.217396 -0.158350
v -0.241559 0.000000 -0.158350
v -0.170808 0.170808 -0.158350
v -0.307444 0.000000 -0.158350
v 0.000000 0.307444 -0.158350
v -0.170808 -0.170808 -0.158350
v 0.000000 0.241559 -0.158350
v -0.217396 -0.217396 -0.158350
v 0.217396 0.217396 -0.158350
v 0.000000 -0.241559 -0.158350
v 0.170808 0.170808 -0.158350
v 0.000000 -0.307444 -0.158350
v 0.307444 0.000000 -0.158350
v 0.170808 -0.170808 -0.158350
v 0.241559 0.000000 -0.158350
v 0.217396 -0.217396 -0.158350
vt 0.1015625 0.828125
vt 0.1015625 0.828125
vt 0.1015625 0.828125
vt 0.1015625 0.828125
vt 0.1015625 0.828125
vt 0.1015625 0.828125
vt 0.1015625 0.828125
vt 0.1015625 0.828125
vt 0.296875 0.828125
vt 0.296875 0.828125
vt 0.296875 0.828125
vt 0.296875 0.828125
vt 0.296875 0.828125
vt 0.296875 0.828125
vt 0.296875 0.828125
vt 0.296875 0.828125
vt 0.296875 0.828125
vt 0.296875 0.828125
vt 0.296875 0.828125
vt 0.296875 0.828125
vt 0.296875 0.828125
vt 0.296875 0.828125
vt 0.296875 0.828125
vt 0.296875 0.828125
vt 0.296875 0.828125
vt 0.296875 0.828125
vt 0.296875 0.828125
vt 0.296875 0.828125
vt 0.296875 0.828125
vt 0.296875 0.828125
vt 0.296875 0.828125
vt 0.296875 0.828125
vt 0.328125 0.828125
vt 0.328125 0.828125
vt 0.328125 0.828125
vt 0.328125 0.828125
vt 0.328125 0.828125
vt 0.328125 0.828125
vt 0.328125 0.828125
vt 0.328125 0.828125
vt 0.328125 0.828125
vt 0.328125 0.828125
vt 0.328125 0.828125
vt 0.328125 0.828125
vt 0.328125 0.828125
vt 0.328125 0.828125
vt 0.328125 0.828125
vt 0.328125 0.828125
vt 0.328125 0.828125
vt 0.328125 0.828125
vt 0.328125 0.828125
vt 0.328125 0.828125
vt 0.328125 0.828125
vt 0.328125 0.828125
vt 0.328125 0.828125
vt 0.328125 0.828125
vt 0.296875 0.828125
vt 0.296875 0.828125
vt 0.296875 0.828125
vt 0.296875 0.828125
vt 0.296875 0.828125
vt 0.296875 0.828125
vt 0.296875 0.828125
vt 0.296875 0.828125
vt 0.296875 0.828125
vt 0.296875 0.828125
vt 0.296875 0.828125
vt 0.296875 0.828125
vt 0.296875 0.828125
vt 0.296875 0.828125
vt 0.296875 0.828125
vt 0.296875 0.828125
vt 0.296875 0.828125
vt 0.296875 0.828125
vt 0.296875 0.828125
vt 0.296875 0.828125
vt 0.296875 0.828125
vt 0.296875 0.828125
vt 0.296875 0.828125
vt 0.296875 0.828125
vt 0.328125 0.828125
vt 0.328125 0.828125
vt 0.328125 0.828125
vt 0.328125 0.828125
vt 0.328125 0.828125
vt 0.328125 0.828125
vt 0.328125 0.828125
vt 0.328125 0.828125
vt 0.328125 0.828125
vt 0.328125 0.828125
vt 0.328125 0.828125
vt 0.328125 0.828125
vt 0.328125 0.828125
vt 0.328125 0.828125
vt 0.328125 0.828125
vt 0.328125 0.828125
vt 0.328125 0.828125
vt 0.328125 0.828125
vt 0.328125 0.828125
vt 0.328125 0.828125
vt 0.328125 0.828125
vt 0.328125 0.828125
vt 0.328125 0.828125
vt 0.328125 0.828125
vt 0.328125 0.828125
vt 0.328125 0.828125
vt 0.328125 0.828125
vt 0.328125 0.828125
vt 0.328125 0.828125
vt 0.328125 0.828125
vt 0.328125 0.828125
vt 0.328125 0.828125
vt 0.328125 0.828125
vt 0.328125 0.828125
vt 0.328125 0.828125
vt 0.328125 0.828125
vt 0.328125 0.828125
vt 0.328125 0.828125
vt 0.328125 0.828125
vt 0.328125 0.828125
vt 0.328125 0.828125
vt 0.328125 0.828125
vt 0.328125 0.828125
vt 0.328125 0.828125
vt 0.328125 0.828125
vt 0.328125 0.828125
vt 0.328125 0.828125
vt 0.328125 0.828125
vt 0.296875 0.828125
vt 0.296875 0.828125
vt 0.296875 0.828125
vt 0.296875 0.828125
vt 0.296875 0.828125
vt 0.296875 0.828125
vt 0.296875 0.828125
vt 0.296875 0.828125
vt 0.296875 0.828125
vt 0.296875 0.828125
vt 0.296875 0.828125
vt 0.296875 0.828125
vt 0.296875 0.828125
vt 0.296875 0.828125
vt 0.296875 0.828125
vt 0.296875 0.828125
vt 0.296875 0.828125
vt 0.296875 0.828125
vt 0.296875 0.828125
vt 0.296875 0.828125
vt 0.296875 0.828125
vt 0.296875 0.828125
vt 0.296875 0.828125
vt 0.296875 0.828125
vt 0.296875 0.828125
vt 0.296875 0.828125
vt 0.296875 0.828125
vt 0.296875 0.828125
vt 0.296875 0.828125
vt 0.296875 0.828125
vt 0.296875 0.828125
vt 0.296875 0.828125
vt 0.296875 0.828125
vt 0.296875 0.828125
vt 0.296875 0.828125
vt 0.296875 0.828125
vt 0.296875 0.828125
vt 0.296875 0.828125
vt 0.296875 0.828125
vt 0.296875 0.828125
vt 0.296875 0.828125
vt 0.296875 0.828125
vt 0.296875 0.828125
vt 0.296875 0.828125
vt 0.296875 0.828125
vt 0.296875 0.828125
vt 0.296875 0.828125
vt 0.296875 0.828125
vt 0.328125 0.828125
vt 0.328125 0.828125
vt 0.328125 0.828125
vt 0.328125 0.828125
vt 0.328125 0.828125
vt 0.328125 0.828125
vt 0.328125 0.828125
vt 0.328125 0.828125
vt 0.328125 0.828125
vt 0.328125 0.828125
vt 0.328125 0.828125
vt 0.328125 0.828125
vt 0.328125 0.828125
vt 0.328125 0.828125
vt 0.328125 0.828125
vt 0.328125 0.828125
vt 0.328125 0.828125
vt 0.328125 0.828125
vt 0.328125 0.828125
vt 0.328125 0.828125
vt 0.328125 0.828125
vt 0.328125 0.828125
vt 0.328125 0.828125
vt 0.328125 0.828125
vt 0.296875 0.828125
vt 0.296875 0.828125
vt 0.296875 0.828125
vt 0.296875 0.828125
vt 0.296875 0.828125
vt 0.296875 0.828125
vt 0.296875 0.828125
vt 0.296875 0.828125
vt 0.296875 0.828125
vt 0.296875 0.828125
vt 0.296875 0.828125
vt 0.296875 0.828125
vt 0.296875 0.828125
vt 0.296875 0.828125
vt 0.296875 0.828125
vt 0.296875 0.828125
vt 0.296875 0.828125
vt 0.296875 0.828125
vt 0.296875 0.828125
vt 0.296875 0.828125
vt 0.296875 0.828125
vt 0.296875 0.828125
vt 0.296875 0.828125
vt 0.296875 0.828125
vt 0.328125 0.828125
vt 0.328125 0.828125
vt 0.328125 0.828125
vt 0.328125 0.828125
vt 0.328125 0.828125
vt 0.328125 0.828125
vt 0.328125 0.828125
vt 0.328125 0.828125
vt 0.328125 0.828125
vt 0.328125 0.828125
vt 0.328125 0.828125
vt 0.328125 0.828125
vt 0.328125 0.828125
vt 0.328125 0.828125
vt 0.328125 0.828125
vt 0.328125 0.828125
vt 0.328125 0.828125
vt 0.328125 0.828125
vt 0.328125 0.828125
vt 0.328125 0.828125
vt 0.328125 0.828125
vt 0.328125 0.828125
vt 0.328125 0.828125
vt 0.328125 0.828125
vt 0.171875 0.578125
vt 0.171875 0.578125
vt 0.171875 0.578125
vt 0.171875 0.578125
vt 0.171875 0.578125
vt 0.171875 0.578125
vt 0.171875 0.578125
vt 0.171875 0.578125
vt 0.171875 0.578125
vt 0.171875 0.578125
vt 0.171875 0.578125
vt 0.171875 0.578125
vt 0.171875 0.578125
vt 0.171875 0.578125
vt 0.171875 0.578125
vt 0.171875 0.578125
vt 0.171875 0.578125
vt 0.171875 0.578125
vt 0.171875 0.578125
vt 0.171875 0.578125
vt 0.171875 0.578125
vt 0.171875 0.578125
vt 0.171875 0.578125
vt 0.171875 0.578125
vt 0.171875 0.578125
vt 0.171875 0.578125
vt 0.171875 0.578125
vt 0.171875 0.578125
vt 0.171875 0.578125
vt 0.171875 0.578125
vt 0.444454998 0.583977103
vt 0.421246737 0.5476107
vt 0.414712787 0.582947254
vt 0.437920958 0.619313538
vt 0.421246737 0.5476107
vt 0.374732226 0.56079191
vt 0.368198335 0.596128285
vt 0.414712787 0.582947254
vt 0.374732226 0.56079191
vt 0.397940427 0.597158313
vt 0.391406447 0.632494628
vt 0.368198335 0.596128285
vt 0.397940427 0.597158313
vt 0.444454998 0.583977103
vt 0.437920958 0.619313538
vt 0.391406447 0.632494628
vt 0.421246737 0.5476107
vt 0.444454998 0.583977103
vt 0.397940427 0.597158313
vt 0.374732226 0.56079191
vt 0.368198335 0.596128285
vt 0.391406447 0.632494628
vt 0.437920958 0.619313538
vt 0.414712787 0.582947254
vt 0.418036044 0.531705141
vt 0.385946155 0.52316767
vt 0.427283496 0.513433635
vt 0.459373236 0.521970928
vt 0.385946155 0.52316767
vt 0.388475806 0.573934674
vt 0.429813236 0.564200401
vt 0.427283496 0.513433635
vt 0.388475806 0.573934674
vt 0.420565546 0.582471967
vt 0.461902857 0.572737753
vt 0.429813236 0.564200401
vt 0.420565546 0.582471967
vt 0.418036044 0.531705141
vt 0.459373236 0.521970928
vt 0.461902857 0.572737753
vt 0.385946155 0.52316767
vt 0.418036044 0.531705141
vt 0.420565546 0.582471967
vt 0.388475806 0.573934674
vt 0.429813236 0.564200401
vt 0.461902857 0.572737753
vt 0.459373236 0.521970928
vt 0.427283496 0.513433635
vt 0.320705473 0.562032819
vt 0.346047342 0.598876178
vt 0.34558028 0.567894042
vt 0.320238441 0.531050622
vt 0.346047342 0.598876178
vt 0.391900241 0.578198135
vt 0.39143309 0.547215998
vt 0.34558028 0.567894042
vt 0.391900241 0.578198135
vt 0.366558403 0.541354716
vt 0.366091371 0.510372579
vt 0.39143309 0.547215998
vt 0.366558403 0.541354716
vt 0.320705473 0.562032819
vt 0.320238441 0.531050622
vt 0.366091371 0.510372579
vt 0.346047342 0.598876178
vt 0.320705473 0.562032819
vt 0.366558403 0.541354716
vt 0.391900241 0.578198135
vt 0.39143309 0.547215998
vt 0.366091371 0.510372579
vt 0.320238441 0.531050622
vt 0.34558028 0.567894042
vt 0.282456696 0.571635306
vt 0.286878347 0.610924602
vt 0.325298667 0.631832838
vt 0.320876926 0.592543542
vt 0.286878347 0.610924602
vt 0.322223067 0.583281934
vt 0.360643268 0.604190171
vt 0.325298667 0.631832838
vt 0.322223067 0.583281934
vt 0.317801416 0.543992758
vt 0.356221586 0.564900994
vt 0.360643268 0.604190171
vt 0.317801416 0.543992758
vt 0.282456696 0.571635306
vt 0.320876926 0.592543542
vt 0.356221586 0.564900994
vt 0.286878347 0.610924602
vt 0.282456696 0.571635306
vt 0.317801416 0.543992758
vt 0.322223067 0.583281934
vt 0.360643268 0.604190171
vt 0.356221586 0.564900994
vt 0.320876926 0.592543542
vt 0.325298667 0.631832838
vt 0.401945591 0.731718779
vt 0.38087371 0.684634924
vt 0.347356141 0.691926479
vt 0.368428051 0.739010453
vt 0.38087371 0.684634924
vt 0.415187865 0.662843585
vt 0.381670296 0.670135379
vt 0.347356141 0.691926479
vt 0.415187865 0.662843585
vt 0.436259776 0.709927559
vt 0.402742237 0.717219114
vt 0.381670296 0.670135379
vt 0.436259776 0.709927559
vt 0.401945591 0.731718779
vt 0.368428051 0.739010453
vt 0.402742237 0.717219114
vt 0.38087371 0.684634924
vt 0.401945591 0.731718779
vt 0.436259776 0.709927559
vt 0.415187865 0.662843585
vt 0.381670296 0.670135379
vt 0.402742237 0.717219114
vt 0.368428051 0.739010453
vt 0.347356141 0.691926479
vt 0.399105489 0.62154609
vt 0.447027475 0.622461677
vt 0.426003337 0.630767167
vt 0.378081441 0.62985146
vt 0.447027475 0.622461677
vt 0.449555099 0.67418313
vt 0.428531021 0.682488441
vt 0.426003337 0.630767167
vt 0.449555099 0.67418313
vt 0.401633263 0.673267484
vt 0.380609065 0.681572855
vt 0.428531021 0.682488441
vt 0.401633263 0.673267484
vt 0.399105489 0.62154609
vt 0.378081441 0.62985146
vt 0.380609065 0.681572855
vt 0.447027475 0.622461677
vt 0.399105489 0.62154609
vt 0.401633263 0.673267484
vt 0.449555099 0.67418313
vt 0.428531021 0.682488441
vt 0.380609065 0.681572855
vt 0.378081441 0.62985146
vt 0.426003337 0.630767167
vt 0.278462797 0.62265563
vt 0.329475135 0.621181786
vt 0.341416955 0.628448665
vt 0.290404469 0.62992245
vt 0.329475135 0.621181786
vt 0.329251647 0.673046231
vt 0.341193318 0.68031323
vt 0.341416955 0.628448665
vt 0.329251647 0.673046231
vt 0.278239191 0.674520135
vt 0.290181071 0.681787133
vt 0.341193318 0.68031323
vt 0.278239191 0.674520135
vt 0.278462797 0.62265563
vt 0.290404469 0.62992245
vt 0.290181071 0.681787133
vt 0.329475135 0.621181786
vt 0.278462797 0.62265563
vt 0.278239191 0.674520135
vt 0.329251647 0.673046231
vt 0.341193318 0.68031323
vt 0.290181071 0.681787133
vt 0.290404469 0.62992245
vt 0.341416955 0.628448665
vt 0.359793842 0.571913958
vt 0.368389845 0.621865213
vt 0.406017482 0.625032723
vt 0.397421479 0.575081468
vt 0.368389845 0.621865213
vt 0.332961261 0.63734901
vt 0.370589018 0.64051652
vt 0.406017482 0.625032723
vt 0.332961261 0.63734901
vt 0.324365318 0.587397754
vt 0.361992896 0.590565145
vt 0.370589018 0.64051652
vt 0.324365318 0.587397754
vt 0.359793842 0.571913958
vt 0.397421479 0.575081468
vt 0.361992896 0.590565145
vt 0.368389845 0.621865213
vt 0.359793842 0.571913958
vt 0.324365318 0.587397754
vt 0.332961261 0.63734901
vt 0.370589018 0.64051652
vt 0.361992896 0.590565145
vt 0.397421479 0.575081468
vt 0.406017482 0.625032723
vt 0.379597455 0.700524807
vt 0.328488857 0.692831218
vt 0.339791596 0.666965187
vt 0.390900493 0.674658656
vt 0.328488857 0.692831218
vt 0.330734432 0.647923887
vt 0.342037141 0.622057736
vt 0.339791596 0.666965187
vt 0.330734432 0.647923887
vt 0.381843269 0.655617237
vt 0.393146247 0.629751265
vt 0.342037141 0.622057736
vt 0.381843269 0.655617237
vt 0.379597455 0.700524807
vt 0.390900493 0.674658656
vt 0.393146247 0.629751265
vt 0.328488857 0.692831218
vt 0.379597455 0.700524807
vt 0.381843269 0.655617237
vt 0.330734432 0.647923887
vt 0.342037141 0.622057736
vt 0.393146247 0.629751265
vt 0.390900493 0.674658656
vt 0.339791596 0.666965187
vt 0.31210658 0.690546691
vt 0.35342291 0.66232264
vt 0.331811249 0.656775475
vt 0.290495038 0.684999406
vt 0.35342291 0.66232264
vt 0.377314687 0.706112862
vt 0.355702996 0.700565457
vt 0.331811249 0.656775475
vt 0.377314687 0.706112862
vt 0.335998386 0.734336495
vt 0.314386755 0.72878927
vt 0.355702996 0.700565457
vt 0.335998386 0.734336495
vt 0.31210658 0.690546691
vt 0.290495038 0.684999406
vt 0.314386755 0.72878927
vt 0.35342291 0.66232264
vt 0.31210658 0.690546691
vt 0.335998386 0.734336495
vt 0.377314687 0.706112862
vt 0.355702996 0.700565457
vt 0.314386755 0.72878927
vt 0.290495038 0.684999406
vt 0.331811249 0.656775475
vt 0.462108254 0.702177465
vt 0.516482234 0.677083015
vt 0.470971733 0.706414878
vt 0.507618785 0.672845662
vt 0.511837602 0.622934759
vt 0.502974153 0.618697286
vt 0.502974153 0.618697286
vt 0.463456482 0.618801117
vt 0.511837602 0.622934759
vt 0.454593033 0.614563763
vt 0.438199997 0.670394659
vt 0.429336429 0.666157305
vt 0.470971733 0.706414878
vt 0.462108254 0.702177465
vt 0.507618785 0.672845662
vt 0.462108254 0.702177465
vt 0.429336429 0.666157305
vt 0.454593033 0.614563763
vt 0.502974153 0.618697286
vt 0.438199997 0.670394659
vt 0.470971733 0.706414878
vt 0.516482234 0.677083015
vt 0.463456482 0.618801117
vt 0.511837602 0.622934759
vt 0.487163603 0.644711494
vt 0.515997171 0.592028916
vt 0.496461451 0.644247234
vt 0.506699443 0.592492878
vt 0.479586989 0.553169429
vt 0.470289111 0.553633451
vt 0.470289111 0.553633451
vt 0.43754828 0.581371427
vt 0.479586989 0.553169429
vt 0.428250551 0.581835508
vt 0.447977394 0.637660623
vt 0.438679516 0.638124645
vt 0.496461451 0.644247234
vt 0.487163603 0.644711494
vt 0.487163603 0.644711494
vt 0.438679516 0.638124645
vt 0.428250551 0.581835508
vt 0.506699443 0.592492878
vt 0.470289111 0.553633451
vt 0.43754828 0.581371427
vt 0.447977394 0.637660623
vt 0.496461451 0.644247234
vt 0.515997171 0.592028916
vt 0.479586989 0.553169429
vt 0.480391175 0.673568606
vt 0.431854397 0.687798679
vt 0.485515326 0.685251117
vt 0.426730245 0.676116467
vt 0.404055476 0.729283094
vt 0.398931444 0.717600763
vt 0.398931444 0.717600763
vt 0.440535545 0.752374172
vt 0.404055476 0.729283094
vt 0.435411543 0.740691721
vt 0.490880609 0.725160837
vt 0.485756427 0.713478506
vt 0.485515326 0.685251117
vt 0.480391175 0.673568606
vt 0.435411543 0.740691721
vt 0.398931444 0.717600763
vt 0.426730245 0.676116467
vt 0.485756427 0.713478506
vt 0.480391175 0.673568606
vt 0.431854397 0.687798679
vt 0.404055476 0.729283094
vt 0.440535545 0.752374172
vt 0.490880609 0.725160837
vt 0.485515326 0.685251117
vt 0.0859375 0.828125
vt 0.0859375 0.828125
vt 0.0859375 0.828125
vt 0.0859375 0.828125
vt 0.0859375 0.828125
vt 0.0859375 0.828125
vt 0.0859375 0.828125
vt 0.0859375 0.828125
vt 0.0859375 0.828125
vt 0.0859375 0.828125
vt 0.0859375 0.828125
vt 0.0859375 0.828125
vt 0.0859375 0.828125
vt 0.0859375 0.828125
vt 0.0859375 0.828125
vt 0.0859375 0.828125
vt 0.0859375 0.828125
vt 0.0859375 0.828125
vt 0.0859375 0.828125
vt 0.0859375 0.828125
vt 0.0859375 0.828125
vt 0.0859375 0.828125
vt 0.0859375 0.828125
vt 0.0859375 0.828125
vt 0.0546875 0.828125
vt 0.0546875 0.828125
vt 0.0546875 0.828125
vt 0.0546875 0.828125
vt 0.0546875 0.828125
vt 0.0546875 0.828125
vt 0.0546875 0.828125
vt 0.0546875 0.828125
vt 0.0546875 0.828125
vt 0.0546875 0.828125
vt 0.0546875 0.828125
vt 0.0546875 0.828125
vt 0.0546875 0.828125
vt 0.0546875 0.828125
vt 0.0546875 0.828125
vt 0.0546875 0.828125
vt 0.0546875 0.828125
vt 0.0546875 0.828125
vt 0.0546875 0.828125
vt 0.0546875 0.828125
vt 0.0546875 0.828125
vt 0.0546875 0.828125
vt 0.0546875 0.828125
vt 0.0546875 0.828125
vt 0.171875 0.734375
vt 0.171875 0.734375
vt 0.171875 0.734375
vt 0.171875 0.734375
vt 0.171875 0.734375
vt 0.171875 0.734375
vt 0.171875 0.734375
vt 0.171875 0.734375
vt 0.171875 0.734375
vt 0.171875 0.734375
vt 0.171875 0.734375
vt 0.171875 0.734375
vt 0.171875 0.734375
vt 0.171875 0.734375
vt 0.171875 0.734375
vt 0.171875 0.734375
vt 0.171875 0.734375
vt 0.171875 0.734375
vt 0.171875 0.734375
vt 0.171875 0.734375
vt 0.171875 0.734375
vt 0.171875 0.734375
vt 0.171875 0.734375
vt 0.171875 0.734375
vt 0.171875 0.734375
vt 0.171875 0.734375
vt 0.171875 0.734375
vt 0.171875 0.734375
vt 0.171875 0.734375
vt 0.171875 0.734375
vt 0.156250253 0.765344977
vt 0.156250253 0.765344977
vt 0.167263642 0.765344977
vt 0.161296681 0.765344977
vt 0.171825558 0.765344977
vt 0.163386971 0.765344977
vt 0.167263657 0.765344977
vt 0.151203826 0.765344977
vt 0.14523685 0.765344977
vt 0.161296681 0.765344977
vt 0.156250253 0.765344977
vt 0.149113521 0.765344977
vt 0.140674949 0.765344977
vt 0.156250253 0.765344977
vt 0.14523685 0.765344977
vt 0.151203826 0.765344977
vt 0.0234375 0.828125
vt 0.0234375 0.828125
vt 0.0234375 0.828125
vt 0.0234375 0.828125
vt 0.0234375 0.828125
vt 0.0234375 0.828125
vt 0.0234375 0.828125
vt 0.0234375 0.828125
vt 0.0234375 0.828125
vt 0.0234375 0.828125
vt 0.0234375 0.828125
vt 0.0234375 0.828125
vt 0.0234375 0.828125
vt 0.0234375 0.828125
vt 0.0234375 0.828125
vt 0.0234375 0.828125
vn 0.000000 0.000000 1.000000
vn 0.000000 0.000000 1.000000
vn 0.000000 0.000000 1.000000
vn 0.000000 0.000000 1.000000
vn 0.000000 0.000000 1.000000
vn 0.000000 0.000000 1.000000
vn 0.000000 0.000000 1.000000
vn 0.000000 0.000000 1.000000
vn 0.818520 -0.426078 -0.385334
vn 0.818520 -0.426078 -0.385334
vn 0.818520 -0.426078 -0.385334
vn 0.818520 -0.426078 -0.385334
vn 0.153947 0.808906 -0.567424
vn 0.153947 0.808906 -0.567424
vn 0.153947 0.808906 -0.567424
vn 0.153947 0.808906 -0.567424
vn -0.818520 0.426078 0.385334
vn -0.818520 0.426078 0.385334
vn -0.818520 0.426078 0.385334
vn -0.818520 0.426078 0.385334
vn -0.153947 -0.808906 0.567425
vn -0.153947 -0.808906 0.567425
vn -0.153947 -0.808906 0.567425
vn -0.153947 -0.808906 0.567425
vn 0.553466 0.405127 0.727700
vn 0.553466 0.405127 0.727700
vn 0.553466 0.405127 0.727700
vn 0.553466 0.405127 0.727700
vn -0.553466 -0.405127 -0.727700
vn -0.553466 -0.405127 -0.727700
vn -0.553466 -0.405127 -0.727700
vn -0.553466 -0.405127 -0.727700
vn 0.629672 0.738086 0.242367
vn 0.629672 0.738086 0.242367
vn 0.629672 0.738086 0.242367
vn 0.629672 0.738086 0.242367
vn -0.333808 0.538772 -0.773497
vn -0.333808 0.538772 -0.773497
vn -0.333808 0.538772 -0.773497
vn -0.333808 0.538772 -0.773497
vn -0.629672 -0.738086 -0.242367
vn -0.629672 -0.738086 -0.242367
vn -0.629672 -0.738086 -0.242367
vn -0.629672 -0.738086 -0.242367
vn 0.333808 -0.538771 0.773497
vn 0.333808 -0.538771 0.773497
vn 0.333808 -0.538771 0.773497
vn 0.333808 -0.538771 0.773497
vn -0.701488 0.406146 0.585628
vn -0.701488 0.406146 0.585628
vn -0.701488 0.406146 0.585628
vn -0.701488 0.406146 0.585628
vn 0.701488 -0.406146 -0.585628
vn 0.701488 -0.406146 -0.585628
vn 0.701488 -0.406146 -0.585628
vn 0.701488 -0.406146 -0.585628
vn -0.907506 0.313310 -0.279768
vn -0.907506 0.313310 -0.279768
vn -0.907506 0.313310 -0.279768
vn -0.907506 0.313310 -0.279768
vn -0.130567 -0.843471 -0.521066
vn -0.130567 -0.843471 -0.521066
vn -0.130567 -0.843471 -0.521066
vn -0.130567 -0.843471 -0.521066
vn 0.907506 -0.313310 0.279768
vn 0.907506 -0.313310 0.279768
vn 0.907506 -0.313310 0.279768
vn 0.907506 -0.313310 0.279768
vn 0.130567 0.843471 0.521066
vn 0.130567 0.843471 0.521066
vn 0.130567 0.843471 0.521066
vn 0.130567 0.843471 0.521066
vn -0.399231 -0.436342 0.806362
vn -0.399231 -0.436342 0.806362
vn -0.399231 -0.436342 0.806362
vn -0.399231 -0.436342 0.806362
vn 0.399231 0.436342 -0.806362
vn 0.399231 0.436342 -0.806362
vn 0.399231 0.436342 -0.806362
vn 0.399231 0.436342 -0.806362
vn -0.852790 0.078992 -0.516246
vn -0.852790 0.078992 -0.516246
vn -0.852790 0.078992 -0.516246
vn -0.852790 0.078992 -0.516246
vn -0.453097 -0.603483 0.656134
vn -0.453097 -0.603483 0.656134
vn -0.453097 -0.603483 0.656134
vn -0.453097 -0.603483 0.656134
vn 0.852790 -0.078992 0.516247
vn 0.852790 -0.078992 0.516247
vn 0.852790 -0.078992 0.516247
vn 0.852790 -0.078992 0.516247
vn 0.453097 0.603483 -0.656134
vn 0.453097 0.603483 -0.656134
vn 0.453097 0.603483 -0.656134
vn 0.453097 0.603483 -0.656134
vn -0.259717 0.793454 0.550435
vn -0.259717 0.793454 0.550435
vn -0.259717 0.793454 0.550435
vn -0.259717 0.793454 0.550435
vn 0.259717 -0.793454 -0.550434
vn 0.259717 -0.793454 -0.550434
vn 0.259717 -0.793454 -0.550434
vn 0.259717 -0.793454 -0.550434
vn -0.761854 0.146750 -0.630907
vn -0.761854 0.146750 -0.630907
vn -0.761854 0.146750 -0.630907
vn -0.761854 0.146750 -0.630907
vn 0.323960 0.929757 -0.174935
vn 0.323960 0.929757 -0.174935
vn 0.323960 0.929757 -0.174935
vn 0.323960 0.929757 -0.174935
vn 0.761854 -0.146750 0.630907
vn 0.761854 -0.146750 0.630907
vn 0.761854 -0.146750 0.630907
vn 0.761854 -0.146750 0.630907
vn -0.323960 -0.929757 0.174935
vn -0.323960 -0.929757 0.174935
vn -0.323960 -0.929757 0.174935
vn -0.323960 -0.929757 0.174935
vn 0.560918 -0.337663 -0.755880
vn 0.560918 -0.337663 -0.755880
vn 0.560918 -0.337663 -0.755880
vn 0.560918 -0.337663 -0.755880
vn -0.560918 0.337664 0.755880
vn -0.560918 0.337664 0.755880
vn -0.560918 0.337664 0.755880
vn -0.560918 0.337664 0.755880
vn 0.642198 0.751314 0.152013
vn 0.642198 0.751314 0.152013
vn 0.642198 0.751314 0.152013
vn 0.642198 0.751314 0.152013
vn 0.653464 -0.640259 0.403798
vn 0.653464 -0.640259 0.403798
vn 0.653464 -0.640259 0.403798
vn 0.653464 -0.640259 0.403798
vn -0.642198 -0.751315 -0.152013
vn -0.642198 -0.751315 -0.152013
vn -0.642198 -0.751315 -0.152013
vn -0.642198 -0.751315 -0.152013
vn -0.653464 0.640259 -0.403798
vn -0.653464 0.640259 -0.403798
vn -0.653464 0.640259 -0.403798
vn -0.653464 0.640259 -0.403798
vn 0.400707 -0.159983 -0.902131
vn 0.400707 -0.159983 -0.902131
vn 0.400707 -0.159983 -0.902131
vn 0.400707 -0.159983 -0.902131
vn -0.400707 0.159983 0.902131
vn -0.400707 0.159983 0.902131
vn -0.400707 0.159983 0.902131
vn -0.400707 0.159983 0.902131
vn 0.682277 0.717277 0.141464
vn 0.682277 0.717277 0.141464
vn 0.682277 0.717277 0.141464
vn 0.682277 0.717277 0.141464
vn 0.727670 -0.647546 -0.226228
vn 0.727670 -0.647546 -0.226228
vn 0.727670 -0.647546 -0.226228
vn 0.727670 -0.647546 -0.226228
vn -0.682277 -0.717277 -0.141464
vn -0.682277 -0.717277 -0.141464
vn -0.682277 -0.717277 -0.141464
vn -0.682277 -0.717277 -0.141464
vn -0.727670 0.647547 0.226229
vn -0.727670 0.647547 0.226229
vn -0.727670 0.647547 0.226229
vn -0.727670 0.647547 0.226229
vn -0.070664 0.257290 -0.963747
vn -0.070664 0.257290 -0.963747
vn -0.070664 0.257290 -0.963747
vn -0.070664 0.257290 -0.963747
vn 0.070664 -0.257290 0.963747
vn 0.070664 -0.257290 0.963747
vn 0.070664 -0.257290 0.963747
vn 0.070664 -0.257290 0.963747
vn 0.694732 -0.248931 -0.674819
vn 0.694732 -0.248931 -0.674819
vn 0.694732 -0.248931 -0.674819
vn 0.694732 -0.248931 -0.674819
vn -0.534752 -0.806202 -0.253136
vn -0.534752 -0.806202 -0.253136
vn -0.534752 -0.806202 -0.253136
vn -0.534752 -0.806202 -0.253136
vn -0.694732 0.248931 0.674819
vn -0.694732 0.248931 0.674819
vn -0.694732 0.248931 0.674819
vn -0.694732 0.248931 0.674819
vn 0.534752 0.806203 0.253136
vn 0.534752 0.806203 0.253136
vn 0.534752 0.806203 0.253136
vn 0.534752 0.806203 0.253136
vn -0.481028 0.536722 -0.693211
vn -0.481028 0.536722 -0.693211
vn -0.481028 0.536722 -0.693211
vn -0.481028 0.536722 -0.693211
vn 0.481028 -0.536723 0.693211
vn 0.481028 -0.536723 0.693211
vn 0.481028 -0.536723 0.693211
vn 0.481028 -0.536723 0.693211
vn -0.619252 -0.594187 0.513292
vn -0.619252 -0.594187 0.513292
vn -0.619252 -0.594187 0.513292
vn -0.619252 -0.594187 0.513292
vn -0.608963 0.776111 0.163755
vn -0.608963 0.776111 0.163755
vn -0.608963 0.776111 0.163755
vn -0.608963 0.776111 0.163755
vn 0.619252 0.594187 -0.513292
vn 0.619252 0.594187 -0.513292
vn 0.619252 0.594187 -0.513292
vn 0.619252 0.594187 -0.513292
vn 0.608962 -0.776111 -0.163755
vn 0.608962 -0.776111 -0.163755
vn 0.608962 -0.776111 -0.163755
vn 0.608962 -0.776111 -0.163755
vn -0.495672 -0.211170 -0.842447
vn -0.495672 -0.211170 -0.842447
vn -0.495672 -0.211170 -0.842447
vn -0.495672 -0.211170 -0.842447
vn 0.495672 0.211170 0.842447
vn 0.495672 0.211170 0.842447
vn 0.495672 0.211170 0.842447
vn 0.495672 0.211170 0.842447
vn 0.241669 0.920943 -0.305712
vn 0.241669 0.920943 -0.305712
vn 0.241669 0.920943 -0.305712
vn 0.241669 0.920943 -0.305712
vn 0.943322 -0.149120 0.296489
vn 0.943322 -0.149120 0.296489
vn 0.943322 -0.149120 0.296489
vn 0.943322 -0.149120 0.296489
vn -0.241669 -0.920943 0.305712
vn -0.241669 -0.920943 0.305712
vn -0.241669 -0.920943 0.305712
vn -0.241669 -0.920943 0.305712
vn -0.943323 0.149120 -0.296489
vn -0.943323 0.149120 -0.296489
vn -0.943323 0.149120 -0.296489
vn -0.943323 0.149120 -0.296489
vn 0.227461 -0.360037 -0.904784
vn 0.227461 -0.360037 -0.904784
vn 0.227461 -0.360037 -0.904784
vn 0.227461 -0.360037 -0.904784
vn -0.227461 0.360037 0.904784
vn -0.227461 0.360037 0.904784
vn -0.227461 0.360037 0.904784
vn -0.227461 0.360037 0.904784
vn -0.201788 0.522175 0.828622
vn -0.201788 0.522175 0.828622
vn -0.201788 0.522175 0.828622
vn -0.201788 0.522175 0.828622
vn -0.201788 0.522175 0.828622
vn 0.201788 -0.522175 -0.828622
vn 0.201788 -0.522175 -0.828622
vn 0.201788 -0.522175 -0.828622
vn 0.201788 -0.522175 -0.828622
vn 0.201788 -0.522175 -0.828622
vn -0.403594 0.344255 0.847703
vn -0.403594 0.344255 0.847703
vn -0.403594 0.344255 0.847703
vn -0.403594 0.344255 0.847703
vn -0.403594 0.344255 0.847703
vn 0.403594 -0.344255 -0.847703
vn 0.403594 -0.344255 -0.847703
vn 0.403594 -0.344255 -0.847703
vn 0.403594 -0.344255 -0.847703
vn 0.403594 -0.344255 -0.847703
vn 0.244289 0.684627 0.686737
vn 0.244289 0.684627 0.686737
vn 0.244289 0.684627 0.686737
vn 0.244289 0.684627 0.686737
vn 0.244289 0.684627 0.686737
vn -0.244289 -0.684627 -0.686738
vn -0.244289 -0.684627 -0.686738
vn -0.244289 -0.684627 -0.686738
vn -0.244289 -0.684627 -0.686738
vn -0.244289 -0.684627 -0.686738
vn 0.818520 -0.426078 -0.385334
vn 0.818520 -0.426078 -0.385334
vn 0.818520 -0.426078 -0.385334
vn 0.818520 -0.426078 -0.385334
vn 0.153947 0.808906 -0.567425
vn 0.153947 0.808906 -0.567425
vn 0.153947 0.808906 -0.567425
vn 0.153947 0.808906 -0.567425
vn -0.818520 0.426078 0.385334
vn -0.818520 0.426078 0.385334
vn -0.818520 0.426078 0.385334
vn -0.818520 0.426078 0.385334
vn -0.153948 -0.808906 0.567424
vn -0.153948 -0.808906 0.567424
vn -0.153948 -0.808906 0.567424
vn -0.153948 -0.808906 0.567424
vn 0.553466 0.405127 0.727700
vn 0.553466 0.405127 0.727700
vn 0.553466 0.405127 0.727700
vn 0.553466 0.405127 0.727700
vn -0.553466 -0.405127 -0.727700
vn -0.553466 -0.405127 -0.727700
vn -0.553466 -0.405127 -0.727700
vn -0.553466 -0.405127 -0.727700
vn 0.629672 0.738086 0.242367
vn 0.629672 0.738086 0.242367
vn 0.629672 0.738086 0.242367
vn 0.629672 0.738086 0.242367
vn -0.333808 0.538771 -0.773497
vn -0.333808 0.538771 -0.773497
vn -0.333808 0.538771 -0.773497
vn -0.333808 0.538771 -0.773497
vn -0.629672 -0.738086 -0.242367
vn -0.629672 -0.738086 -0.242367
vn -0.629672 -0.738086 -0.242367
vn -0.629672 -0.738086 -0.242367
vn 0.333808 -0.538771 0.773497
vn 0.333808 -0.538771 0.773497
vn 0.333808 -0.538771 0.773497
vn 0.333808 -0.538771 0.773497
vn -0.701488 0.406146 0.585628
vn -0.701488 0.406146 0.585628
vn -0.701488 0.406146 0.585628
vn -0.701488 0.406146 0.585628
vn 0.701488 -0.406146 -0.585629
vn 0.701488 -0.406146 -0.585629
vn 0.701488 -0.406146 -0.585629
vn 0.701488 -0.406146 -0.585629
vn -0.907506 0.313310 -0.279768
vn -0.907506 0.313310 -0.279768
vn -0.907506 0.313310 -0.279768
vn -0.907506 0.313310 -0.279768
vn -0.130567 -0.843471 -0.521066
vn -0.130567 -0.843471 -0.521066
vn -0.130567 -0.843471 -0.521066
vn -0.130567 -0.843471 -0.521066
vn 0.907506 -0.313310 0.279768
vn 0.907506 -0.313310 0.279768
vn 0.907506 -0.313310 0.279768
vn 0.907506 -0.313310 0.279768
vn 0.130567 0.843471 0.521066
vn 0.130567 0.843471 0.521066
vn 0.130567 0.843471 0.521066
vn 0.130567 0.843471 0.521066
vn -0.399231 -0.436342 0.806362
vn -0.399231 -0.436342 0.806362
vn -0.399231 -0.436342 0.806362
vn -0.399231 -0.436342 0.806362
vn 0.399231 0.436342 -0.806362
vn 0.399231 0.436342 -0.806362
vn 0.399231 0.436342 -0.806362
vn 0.399231 0.436342 -0.806362
vn -0.852790 0.078992 -0.516246
vn -0.852790 0.078992 -0.516246
vn -0.852790 0.078992 -0.516246
vn -0.852790 0.078992 -0.516246
vn -0.453097 -0.603483 0.656134
vn -0.453097 -0.603483 0.656134
vn -0.453097 -0.603483 0.656134
vn -0.453097 -0.603483 0.656134
vn 0.852789 -0.078992 0.516247
vn 0.852789 -0.078992 0.516247
vn 0.852789 -0.078992 0.516247
vn 0.852789 -0.078992 0.516247
vn 0.453097 0.603483 -0.656134
vn 0.453097 0.603483 -0.656134
vn 0.453097 0.603483 -0.656134
vn 0.453097 0.603483 -0.656134
vn -0.259717 0.793454 0.550435
vn -0.259717 0.793454 0.550435
vn -0.259717 0.793454 0.550435
vn -0.259717 0.793454 0.550435
vn 0.259717 -0.793454 -0.550435
vn 0.259717 -0.793454 -0.550435
vn 0.259717 -0.793454 -0.550435
vn 0.259717 -0.793454 -0.550435
vn -0.761854 0.146750 -0.630907
vn -0.761854 0.146750 -0.630907
vn -0.761854 0.146750 -0.630907
vn -0.761854 0.146750 -0.630907
vn 0.323960 0.929757 -0.174935
vn 0.323960 0.929757 -0.174935
vn 0.323960 0.929757 -0.174935
vn 0.323960 0.929757 -0.174935
vn 0.761854 -0.146750 0.630907
vn 0.761854 -0.146750 0.630907
vn 0.761854 -0.146750 0.630907
vn 0.761854 -0.146750 0.630907
vn -0.323960 -0.929757 0.174935
vn -0.323960 -0.929757 0.174935
vn -0.323960 -0.929757 0.174935
vn -0.323960 -0.929757 0.174935
vn 0.560918 -0.337663 -0.755880
vn 0.560918 -0.337663 -0.755880
vn 0.560918 -0.337663 -0.755880
vn 0.560918 -0.337663 -0.755880
vn -0.560918 0.337664 0.755880
vn -0.560918 0.337664 0.755880
vn -0.560918 0.337664 0.755880
vn -0.560918 0.337664 0.755880
vn 0.642198 0.751314 0.152013
vn 0.642198 0.751314 0.152013
vn 0.642198 0.751314 0.152013
vn 0.642198 0.751314 0.152013
vn 0.653464 -0.640260 0.403798
vn 0.653464 -0.640260 0.403798
vn 0.653464 -0.640260 0.403798
vn 0.653464 -0.640260 0.403798
vn -0.642198 -0.751315 -0.152013
vn -0.642198 -0.751315 -0.152013
vn -0.642198 -0.751315 -0.152013
vn -0.642198 -0.751315 -0.152013
vn -0.653464 0.640260 -0.403798
vn -0.653464 0.640260 -0.403798
vn -0.653464 0.640260 -0.403798
vn -0.653464 0.640260 -0.403798
vn 0.400707 -0.159983 -0.902131
vn 0.400707 -0.159983 -0.902131
vn 0.400707 -0.159983 -0.902131
vn 0.400707 -0.159983 -0.902131
vn -0.400707 0.159983 0.902131
vn -0.400707 0.159983 0.902131
vn -0.400707 0.159983 0.902131
vn -0.400707 0.159983 0.902131
vn 0.682277 0.717277 0.141464
vn 0.682277 0.717277 0.141464
vn 0.682277 0.717277 0.141464
vn 0.682277 0.717277 0.141464
vn 0.727670 -0.647547 -0.226228
vn 0.727670 -0.647547 -0.226228
vn 0.727670 -0.647547 -0.226228
vn 0.727670 -0.647547 -0.226228
vn -0.682277 -0.717277 -0.141464
vn -0.682277 -0.717277 -0.141464
vn -0.682277 -0.717277 -0.141464
vn -0.682277 -0.717277 -0.141464
vn -0.727670 0.647547 0.226229
vn -0.727670 0.647547 0.226229
vn -0.727670 0.647547 0.226229
vn -0.727670 0.647547 0.226229
vn -0.070664 0.257290 -0.963747
vn -0.070664 0.257290 -0.963747
vn -0.070664 0.257290 -0.963747
vn -0.070664 0.257290 -0.963747
vn 0.070664 -0.257290 0.963747
vn 0.070664 -0.257290 0.963747
vn 0.070664 -0.257290 0.963747
vn 0.070664 -0.257290 0.963747
vn 0.694732 -0.248931 -0.674819
vn 0.694732 -0.248931 -0.674819
vn 0.694732 -0.248931 -0.674819
vn 0.694732 -0.248931 -0.674819
vn -0.534752 -0.806202 -0.253136
vn -0.534752 -0.806202 -0.253136
vn -0.534752 -0.806202 -0.253136
vn -0.534752 -0.806202 -0.253136
vn -0.694732 0.248930 0.674819
vn -0.694732 0.248930 0.674819
vn -0.694732 0.248930 0.674819
vn -0.694732 0.248930 0.674819
vn 0.534752 0.806203 0.253136
vn 0.534752 0.806203 0.253136
vn 0.534752 0.806203 0.253136
vn 0.534752 0.806203 0.253136
vn -0.481028 0.536722 -0.693211
vn -0.481028 0.536722 -0.693211
vn -0.481028 0.536722 -0.693211
vn -0.481028 0.536722 -0.693211
vn 0.481028 -0.536723 0.693211
vn 0.481028 -0.536723 0.693211
vn 0.481028 -0.536723 0.693211
vn 0.481028 -0.536723 0.693211
vn -0.619252 -0.594187 0.513292
vn -0.619252 -0.594187 0.513292
vn -0.619252 -0.594187 0.513292
vn -0.619252 -0.594187 0.513292
vn -0.608962 0.776111 0.163755
vn -0.608962 0.776111 0.163755
vn -0.608962 0.776111 0.163755
vn -0.608962 0.776111 0.163755
vn 0.619252 0.594188 -0.513292
vn 0.619252 0.594188 -0.513292
vn 0.619252 0.594188 -0.513292
vn 0.619252 0.594188 -0.513292
vn 0.608963 -0.776111 -0.163755
vn 0.608963 -0.776111 -0.163755
vn 0.608963 -0.776111 -0.163755
vn 0.608963 -0.776111 -0.163755
vn -0.495673 -0.211170 -0.842446
vn -0.495673 -0.211170 -0.842446
vn -0.495673 -0.211170 -0.842446
vn -0.495673 -0.211170 -0.842446
vn 0.495673 0.211170 0.842447
vn 0.495673 0.211170 0.842447
vn 0.495673 0.211170 0.842447
vn 0.495673 0.211170 0.842447
vn 0.241669 0.920943 -0.305712
vn 0.241669 0.920943 -0.305712
vn 0.241669 0.920943 -0.305712
vn 0.241669 0.920943 -0.305712
vn 0.943323 -0.149120 0.296489
vn 0.943323 -0.149120 0.296489
vn 0.943323 -0.149120 0.296489
vn 0.943323 -0.149120 0.296489
vn -0.241669 -0.920943 0.305712
vn -0.241669 -0.920943 0.305712
vn -0.241669 -0.920943 0.305712
vn -0.241669 -0.920943 0.305712
vn -0.943323 0.149120 -0.296489
vn -0.943323 0.149120 -0.296489
vn -0.943323 0.149120 -0.296489
vn -0.943323 0.149120 -0.296489
vn 0.227461 -0.360037 -0.904784
vn 0.227461 -0.360037 -0.904784
vn 0.227461 -0.360037 -0.904784
vn 0.227461 -0.360037 -0.904784
vn -0.227462 0.360037 0.904784
vn -0.227462 0.360037 0.904784
vn -0.227462 0.360037 0.904784
vn -0.227462 0.360037 0.904784
vn -0.801186 -0.574636 0.167014
vn 0.288214 -0.776908 0.559773
vn -0.801186 -0.574637 0.167014
vn 0.288214 -0.776909 0.559773
vn 0.979312 0.094481 0.178945
vn 0.979312 0.094481 0.178945
vn 0.979312 0.094481 0.178945
vn 0.317034 0.835301 -0.449179
vn 0.979312 0.094481 0.178945
vn 0.317034 0.835301 -0.449179
vn -0.783374 0.421763 -0.456553
vn -0.783374 0.421763 -0.456553
vn -0.801186 -0.574637 0.167014
vn -0.801186 -0.574636 0.167014
vn -0.201788 0.522175 0.828622
vn -0.201788 0.522175 0.828622
vn -0.201788 0.522175 0.828622
vn -0.201788 0.522175 0.828622
vn -0.201788 0.522175 0.828622
vn 0.201788 -0.522175 -0.828622
vn 0.201788 -0.522175 -0.828622
vn 0.201788 -0.522175 -0.828622
vn 0.201788 -0.522175 -0.828622
vn 0.201788 -0.522175 -0.828622
vn -0.285565 -0.927626 0.240754
vn 0.738445 -0.424467 0.523953
vn -0.285565 -0.927626 0.240754
vn 0.738445 -0.424467 0.523953
vn 0.741949 0.665291 0.083066
vn 0.741949 0.665290 0.083066
vn 0.741949 0.665290 0.083066
vn -0.279895 0.835639 -0.472616
vn 0.741949 0.665291 0.083066
vn -0.279895 0.835639 -0.472616
vn -0.914933 -0.148838 -0.375159
vn -0.914933 -0.148838 -0.375159
vn -0.285565 -0.927626 0.240754
vn -0.285565 -0.927626 0.240754
vn -0.403594 0.344255 0.847703
vn -0.403594 0.344255 0.847703
vn -0.403594 0.344255 0.847703
vn -0.403594 0.344255 0.847703
vn -0.403594 0.344255 0.847703
vn 0.403594 -0.344255 -0.847703
vn 0.403594 -0.344255 -0.847703
vn 0.403594 -0.344255 -0.847703
vn 0.403594 -0.344255 -0.847703
vn 0.403594 -0.344255 -0.847703
vn 0.951652 -0.033255 -0.305374
vn 0.116961 0.682220 -0.721731
vn 0.951652 -0.033255 -0.305374
vn 0.116961 0.682220 -0.721731
vn -0.879366 0.454890 -0.140680
vn -0.879366 0.454890 -0.140681
vn -0.879366 0.454890 -0.140681
vn -0.660439 -0.401083 0.634785
vn -0.879366 0.454890 -0.140680
vn -0.660439 -0.401083 0.634785
vn 0.471192 -0.702773 0.532999
vn 0.471192 -0.702773 0.532999
vn 0.951652 -0.033255 -0.305374
vn 0.951652 -0.033255 -0.305374
vn 0.244289 0.684627 0.686737
vn 0.244289 0.684627 0.686737
vn 0.244289 0.684627 0.686737
vn 0.244289 0.684627 0.686737
vn 0.244289 0.684627 0.686737
vn -0.244290 -0.684627 -0.686738
vn -0.244290 -0.684627 -0.686738
vn -0.244290 -0.684627 -0.686738
vn -0.244290 -0.684627 -0.686738
vn -0.244290 -0.684627 -0.686738
vn 0.000000 -0.995214 -0.097725
vn -0.653890 -0.653890 -0.380600
vn -0.703722 -0.703722 -0.097725
vn 0.000000 -0.924740 -0.380600
vn 0.703722 -0.703722 -0.097725
vn -0.924740 0.000000 -0.380600
vn -0.995214 0.000000 -0.097725
vn 0.653890 -0.653890 -0.380600
vn 0.995214 0.000000 -0.097725
vn -0.653890 0.653890 -0.380600
vn -0.703722 0.703722 -0.097725
vn 0.924740 0.000000 -0.380600
vn 0.703722 0.703722 -0.097725
vn 0.000000 0.924740 -0.380600
vn 0.000000 0.995214 -0.097725
vn 0.653890 0.653890 -0.380600
vn -0.340004 -0.340004 -0.876809
vn -0.480838 0.000000 -0.876809
vn -0.340004 0.340004 -0.876809
vn 0.000000 0.480838 -0.876809
vn 0.000000 -0.480838 -0.876809
vn 0.340004 0.340004 -0.876809
vn 0.340004 -0.340004 -0.876809
vn 0.480838 0.000000 -0.876809
vn 0.000000 0.991180 0.132524
vn 0.700870 0.700870 0.132524
vn 0.646532 0.646532 0.404961
vn 0.000000 0.914334 0.404961
vn -0.700870 0.700870 0.132524
vn 0.914334 0.000000 0.404961
vn 0.991180 0.000000 0.132524
vn -0.646532 0.646532 0.404961
vn -0.991180 0.000000 0.132524
vn 0.646532 -0.646532 0.404961
vn 0.700870 -0.700870 0.132524
vn -0.914334 0.000000 0.404961
vn -0.700870 -0.700870 0.132524
vn 0.000000 -0.914334 0.404961
vn 0.000000 -0.991180 0.132524
vn -0.646532 -0.646532 0.404961
vn 0.724695 0.000000 0.689070
vn 0.512437 0.512437 0.689070
vn 0.512437 -0.512436 0.689070
vn 0.000000 0.724695 0.689070
vn 0.000000 -0.724695 0.689070
vn -0.512437 0.512436 0.689070
vn -0.512437 -0.512437 0.689070
vn -0.724695 0.000000 0.689070
vn -0.660439 -0.401083 0.634785
vn 0.471192 -0.702773 0.532999
vn -0.660439 -0.401083 0.634785
vn 0.471192 -0.702773 0.532999
vn -0.879366 0.454890 -0.140681
vn 0.951652 -0.033255 -0.305374
vn -0.879366 0.454889 -0.140681
vn 0.951652 -0.033255 -0.305374
vn 0.116961 0.682220 -0.721731
vn 0.116961 0.682220 -0.721731
vn -0.285565 -0.927626 0.240754
vn 0.738445 -0.424468 0.523953
vn -0.285565 -0.927626 0.240754
vn 0.738445 -0.424468 0.523953
vn -0.914933 -0.148837 -0.375160
vn 0.741949 0.665291 0.083066
vn -0.914933 -0.148837 -0.375160
vn 0.741949 0.665290 0.083066
vn -0.279894 0.835639 -0.472616
vn -0.279895 0.835639 -0.472616
vn -0.801186 -0.574636 0.167014
vn 0.288214 -0.776908 0.559773
vn -0.801186 -0.574637 0.167014
vn 0.288214 -0.776908 0.559774
vn -0.783374 0.421763 -0.456553
vn 0.979312 0.094481 0.178945
vn -0.783374 0.421764 -0.456553
vn 0.979312 0.094481 0.178945
vn 0.317034 0.835301 -0.449179
vn 0.317034 0.835301 -0.449179
vn -0.079989 0.079989 -0.993581
vn -0.127788 0.127788 -0.983535
vn -0.180719 0.000000 -0.983535
vn -0.113122 0.000000 -0.993581
vn -0.127788 -0.127788 -0.983535
vn -0.079989 -0.079989 -0.993581
vn 0.000000 -0.180719 -0.983535
vn 0.000000 0.113122 -0.993581
vn 0.000000 0.180719 -0.983535
vn 0.000000 -0.113122 -0.993581
vn 0.127788 -0.127788 -0.983535
vn 0.079989 0.079989 -0.993581
vn 0.127788 0.127788 -0.983535
vn 0.079989 -0.079989 -0.993581
vn 0.180719 0.000000 -0.983535
vn 0.113122 0.000000 -0.993581
vn 0.000000 0.000000 -1.000000
vn 0.000000 0.000000 -1.000000
vn 0.000000 0.000000 -1.000000
vn 0.000000 0.000000 -1.000000
vn 0.000000 0.000000 -1.000000
vn 0.000000 0.000000 -1.000000
vn 0.000000 0.000000 -1.000000
vn 0.000000 0.000000 -1.000000
vn 0.000000 0.000000 -1.000000
vn 0.000000 0.000000 -1.000000
vn 0.000000 0.000000 -1.000000
vn 0.000000 0.000000 -1.000000
vn 0.000000 0.000000 -1.000000
vn 0.000000 0.000000 -1.000000
vn 0.000000 0.000000 -1.000000
vn 0.000000 0.000000 -1.000000
f 1/1/1 2/2/2 3/3/3
f 3/3/3 4/4/4 1/1/1
f 3/3/3 5/5/5 4/4/4
f 5/5/5 6/6/6 4/4/4
f 5/5/5 7/7/7 6/6/6
f 7/7/7 8/8/8 6/6/6
f 9/9/9 10/10/10 11/11/11
f 9/9/9 11/11/11 12/12/12
f 13/13/13 14/14/14 15/15/15
f 13/13/13 15/15/15 16/16/16
f 17/17/17 18/18/18 19/19/19
f 17/17/17 19/19/19 20/20/20
f 21/21/21 22/22/22 23/23/23
f 21/21/21 23/23/23 24/24/24
f 25/25/25 26/26/26 27/27/27
f 25/25/25 27/27/27 28/28/28
f 29/29/29 30/30/30 31/31/31
f 29/29/29 31/31/31 32/32/32
f 33/33/33 34/34/34 35/35/35
f 33/33/33 35/35/35 36/36/36
f 37/37/37 38/38/38 39/39/39
f 37/37/37 39/39/39 40/40/40
f 41/41/41 42/42/42 43/43/43
f 41/41/41 43/43/43 44/44/44
f 45/45/45 46/46/46 47/47/47
f 45/45/45 47/47/47 48/48/48
f 49/49/49 50/50/50 51/51/51
f 49/49/49 51/51/51 52/52/52
f 53/53/53 54/54/54 55/55/55
f 53/53/53 55/55/55 56/56/56
f 57/57/57 58/58/58 59/59/59
f 57/57/57 59/59/59 60/60/60
f 61/61/61 62/62/62 63/63/63
f 61/61/61 63/63/63 64/64/64
f 65/65/65 66/66/66 67/67/67
f 65/65/65 67/67/67 68/68/68
f 69/69/69 70/70/70 71/71/71
f 69/69/69 71/71/71 72/72/72
f 73/73/73 74/74/74 75/75/75
f 73/73/73 75/75/75 76/76/76
f 77/77/77 78/78/78 79/79/79
f 77/77/77 79/79/79 80/80/80
f 81/81/81 82/82/82 83/83/83
f 81/81/81 83/83/83 84/84/84
f 85/85/85 86/86/86 87/87/87
f 85/85/85 87/87/87 88/88/88
f 89/89/89 90/90/90 91/91/91
f 89/89/89 91/91/91 92/92/92
f 93/93/93 94/94/94 95/95/95
f 93/93/93 95/95/95 96/96/96
f 97/97/97 98/98/98 99/99/99
f 97/97/97 99/99/99 100/100/100
f 101/101/101 102/102/102 103/103/103
f 101/101/101 103/103/103 104/104/104
f 105/105/105 106/106/106 107/107/107
f 105/105/105 107/107/107 108/108/108
f 109/109/109 110/110/110 111/111/111
f 109/109/109 111/111/111 112/112/112
f 113/113/113 114/114/114 115/115/115
f 113/113/113 115/115/115 116/116/116
f 117/117/117 118/118/118 119/119/119
f 117/117/117 119/119/119 120/120/120
f 121/121/121 122/122/122 123/123/123
f 121/121/121 123/123/123 124/124/124
f 125/125/125 126/126/126 127/127/127
f 125/125/125 127/127/127 128/128/128
f 129/129/129 130/130/130 131/131/131
f 129/129/129 131/131/131 132/132/132
f 133/133/133 134/134/134 135/135/135
f 133/133/133 135/135/135 136/136/136
f 137/137/137 138/138/138 139/139/139
f 137/137/137 139/139/139 140/140/140
f 141/141/141 142/142/142 143/143/143
f 141/141/141 143/143/143 144/144/144
f 145/145/145 146/146/146 147/147/147
f 145/145/145 147/147/147 148/148/148
f 149/149/149 150/150/150 151/151/151
f 149/149/149 151/151/151 152/152/152
f 153/153/153 154/154/154 155/155/155
f 153/153/153 155/155/155 156/156/156
f 157/157/157 158/158/158 159/159/159
f 157/157/157 159/159/159 160/160/160
f 161/161/161 162/162/162 163/163/163
f 161/161/161 163/163/163 164/164/164
f 165/165/165 166/166/166 167/167/167
f 165/165/165 167/167/167 168/168/168
f 169/169/169 170/170/170 171/171/171
f 169/169/169 171/171/171 172/172/172
f 173/173/173 174/174/174 175/175/175
f 173/173/173 175/175/175 176/176/176
f 177/177/177 178/178/178 179/179/179
f 177/177/177 179/179/179 180/180/180
f 181/181/181 182/182/182 183/183/183
f 181/181/181 183/183/183 184/184/184
f 185/185/185 186/186/186 187/187/187
f 185/185/185 187/187/187 188/188/188
f 189/189/189 190/190/190 191/191/191
f 189/189/189 191/191/191 192/192/192
f 193/193/193 194/194/194 195/195/195
f 193/193/193 195/195/195 196/196/196
f 197/197/197 198/198/198 199/199/199
f 197/197/197 199/199/199 200/200/200
f 201/201/201 202/202/202 203/203/203
f 201/201/201 203/203/203 204/204/204
f 205/205/205 206/206/206 207/207/207
f 205/205/205 207/207/207 208/208/208
f 209/209/209 210/210/210 211/211/211
f 209/209/209 211/211/211 212/212/212
f 213/213/213 214/214/214 215/215/215
f 213/213/213 215/215/215 216/216/216
f 217/217/217 218/218/218 219/219/219
f 217/217/217 219/219/219 220/220/220
f 221/221/221 222/222/222 223/223/223
f 221/221/221 223/223/223 224/224/224
f 225/225/225 226/226/226 227/227/227
f 225/225/225 227/227/227 228/228/228
f 229/229/229 230/230/230 231/231/231
f 229/229/229 231/231/231 232/232/232
f 233/233/233 234/234/234 235/235/235
f 233/233/233 235/235/235 236/236/236
f 237/237/237 238/238/238 239/239/239
f 237/237/237 239/239/239 240/240/240
f 241/241/241 242/242/242 243/243/243
f 241/241/241 243/243/243 244/244/244
f 245/245/245 246/246/246 247/247/247
f 245/245/245 247/247/247 248/248/248
f 249/249/249 250/250/250 251/251/251
f 251/251/251 252/252/252 249/249/249
f 252/252/252 253/253/253 249/249/249
f 254/254/254 255/255/255 256/256/256
f 256/256/256 257/257/257 254/254/254
f 256/256/256 258/258/258 257/257/257
f 259/259/259 260/260/260 261/261/261
f 261/261/261 262/262/262 259/259/259
f 261/261/261 263/263/263 262/262/262
f 264/264/264 265/265/265 266/266/266
f 266/266/266 267/267/267 264/264/264
f 267/267/267 268/268/268 264/264/264
f 269/269/269 270/270/270 271/271/271
f 271/271/271 272/272/272 269/269/269
f 271/271/271 273/273/273 272/272/272
f 274/274/274 275/275/275 276/276/276
f 276/276/276 277/277/277 274/274/274
f 277/277/277 278/278/278 274/274/274
f 279/279/279 280/280/280 281/281/281
f 279/279/279 281/281/281 282/282/282
f 283/283/283 284/284/284 285/285/285
f 283/283/283 285/285/285 286/286/286
f 287/287/287 288/288/288 289/289/289
f 287/287/287 289/289/289 290/290/290
f 291/291/291 292/292/292 293/293/293
f 291/291/291 293/293/293 294/294/294
f 295/295/295 296/296/296 297/297/297
f 295/295/295 297/297/297 298/298/298
f 299/299/299 300/300/300 301/301/301
f 299/299/299 301/301/301 302/302/302
f 303/303/303 304/304/304 305/305/305
f 303/303/303 305/305/305 306/306/306
f 307/307/307 308/308/308 309/309/309
f 307/307/307 309/309/309 310/310/310
f 311/311/311 312/312/312 313/313/313
f 311/311/311 313/313/313 314/314/314
f 315/315/315 316/316/316 317/317/317
f 315/315/315 317/317/317 318/318/318
f 319/319/319 320/320/320 321/321/321
f 319/319/319 321/321/321 322/322/322
f 323/323/323 324/324/324 325/325/325
f 323/323/323 325/325/325 326/326/326
f 327/327/327 328/328/328 329/329/329
f 327/327/327 329/329/329 330/330/330
f 331/331/331 332/332/332 333/333/333
f 331/331/331 333/333/333 334/334/334
f 335/335/335 336/336/336 337/337/337
f 335/335/335 337/337/337 338/338/338
f 339/339/339 340/340/340 341/341/341
f 339/339/339 341/341/341 342/342/342
f 343/343/343 344/344/344 345/345/345
f 343/343/343 345/345/345 346/346/346
f 347/347/347 348/348/348 349/349/349
f 347/347/347 349/349/349 350/350/350
f 351/351/351 352/352/352 353/353/353
f 351/351/351 353/353/353 354/354/354
f 355/355/355 356/356/356 357/357/357
f 355/355/355 357/357/357 358/358/358
f 359/359/359 360/360/360 361/361/361
f 359/359/359 361/361/361 362/362/362
f 363/363/363 364/364/364 365/365/365
f 363/363/363 365/365/365 366/366/366
f 367/367/367 368/368/368 369/369/369
f 367/367/367 369/369/369 370/370/370
f 371/371/371 372/372/372 373/373/373
f 371/371/371 373/373/373 374/374/374
f 375/375/375 376/376/376 377/377/377
f 375/375/375 377/377/377 378/378/378
f 379/379/379 380/380/380 381/381/381
f 379/379/379 381/381/381 382/382/382
f 383/383/383 384/384/384 385/385/385
f 383/383/383 385/385/385 386/386/386
f 387/387/387 388/388/388 389/389/389
f 387/387/387 389/389/389 390/390/390
f 391/391/391 392/392/392 393/393/393
f 391/391/391 393/393/393 394/394/394
f 395/395/395 396/396/396 397/397/397
f 395/395/395 397/397/397 398/398/398
f 399/399/399 400/400/400 401/401/401
f 399/399/399 401/401/401 402/402/402
f 403/403/403 404/404/404 405/405/405
f 403/403/403 405/405/405 406/406/406
f 407/407/407 408/408/408 409/409/409
f 407/407/407 409/409/409 410/410/410
f 411/411/411 412/412/412 413/413/413
f 411/411/411 413/413/413 414/414/414
f 415/415/415 416/416/416 417/417/417
f 415/415/415 417/417/417 418/418/418
f 419/419/419 420/420/420 421/421/421
f 419/419/419 421/421/421 422/422/422
f 423/423/423 424/424/424 425/425/425
f 423/423/423 425/425/425 426/426/426
f 427/427/427 428/428/428 429/429/429
f 427/427/427 429/429/429 430/430/430
f 431/431/431 432/432/432 433/433/433
f 431/431/431 433/433/433 434/434/434
f 435/435/435 436/436/436 437/437/437
f 435/435/435 437/437/437 438/438/438
f 439/439/439 440/440/440 441/441/441
f 439/439/439 441/441/441 442/442/442
f 443/443/443 444/444/444 445/445/445
f 443/443/443 445/445/445 446/446/446
f 447/447/447 448/448/448 449/449/449
f 447/447/447 449/449/449 450/450/450
f 451/451/451 452/452/452 453/453/453
f 451/451/451 453/453/453 454/454/454
f 455/455/455 456/456/456 457/457/457
f 455/455/455 457/457/457 458/458/458
f 459/459/459 460/460/460 461/461/461
f 459/459/459 461/461/461 462/462/462
f 463/463/463 464/464/464 465/465/465
f 463/463/463 465/465/465 466/466/466
f 467/467/467 468/468/468 469/469/469
f 467/467/467 469/469/469 470/470/470
f 471/471/471 472/472/472 473/473/473
f 471/471/471 473/473/473 474/474/474
f 475/475/475 476/476/476 477/477/477
f 475/475/475 477/477/477 478/478/478
f 479/479/479 480/480/480 481/481/481
f 479/479/479 481/481/481 482/482/482
f 483/483/483 484/484/484 485/485/485
f 483/483/483 485/485/485 486/486/486
f 487/487/487 488/488/488 489/489/489
f 487/487/487 489/489/489 490/490/490
f 491/491/491 492/492/492 493/493/493
f 491/491/491 493/493/493 494/494/494
f 495/495/495 496/496/496 497/497/497
f 495/495/495 497/497/497 498/498/498
f 499/499/499 500/500/500 501/501/501
f 499/499/499 501/501/501 502/502/502
f 503/503/503 504/504/504 505/505/505
f 503/503/503 505/505/505 506/506/506
f 507/507/507 508/508/508 509/509/509
f 507/507/507 509/509/509 510/510/510
f 511/511/511 512/512/512 513/513/513
f 511/511/511 513/513/513 514/514/514
f 515/515/515 516/516/516 517/517/517
f 515/515/515 517/517/517 518/518/518
f 519/519/519 520/520/520 521/521/521
f 519/519/519 522/522/522 520/520/520
f 522/522/522 523/523/523 520/520/520
f 522/522/522 524/524/524 523/523/523
f 525/525/525 526/526/526 527/527/527
f 525/525/525 528/528/528 526/526/526
f 528/528/528 529/529/529 526/526/526
f 528/528/528 530/530/530 529/529/529
f 530/530/530 531/531/531 529/529/529
f 530/530/530 532/532/532 531/531/531
f 533/533/533 534/534/534 535/535/535
f 535/535/535 536/536/536 533/533/533
f 536/536/536 537/537/537 533/533/533
f 538/538/538 539/539/539 540/540/540
f 540/540/540 541/541/541 538/538/538
f 540/540/540 542/542/542 541/541/541
f 543/543/543 544/544/544 545/545/545
f 543/543/543 546/546/546 544/544/544
f 546/546/546 547/547/547 544/544/544
f 546/546/546 548/548/548 547/547/547
f 549/549/549 550/550/550 551/551/551
f 549/549/549 552/552/552 550/550/550
f 552/552/552 553/553/553 550/550/550
f 552/552/552 554/554/554 553/553/553
f 554/554/554 555/555/555 553/553/553
f 554/554/554 556/556/556 555/555/555
f 557/557/557 558/558/558 559/559/559
f 559/559/559 560/560/560 557/557/557
f 559/559/559 561/561/561 560/560/560
f 562/562/562 563/563/563 564/564/564
f 564/564/564 565/565/565 562/562/562
f 565/565/565 566/566/566 562/562/562
f 567/567/567 568/568/568 569/569/569
f 567/567/567 570/570/570 568/568/568
f 570/570/570 571/571/571 568/568/568
f 570/570/570 572/572/572 571/571/571
f 573/573/573 574/574/574 575/575/575
f 573/573/573 576/576/576 574/574/574
f 576/576/576 577/577/577 574/574/574
f 576/576/576 578/578/578 577/577/577
f 578/578/578 579/579/579 577/577/577
f 578/578/578 580/580/580 579/579/579
f 581/581/581 582/582/582 583/583/583
f 583/583/583 584/584/584 581/581/581
f 583/583/583 585/585/585 584/584/584
f 586/586/586 587/587/587 588/588/588
f 588/588/588 589/589/589 586/586/586
f 589/589/589 590/590/590 586/586/586
f 591/591/591 592/592/592 593/593/593
f 591/591/591 594/594/594 592/592/592
f 595/595/595 594/594/594 591/591/591
f 593/593/593 592/592/592 596/596/596
f 593/593/593 596/596/596 597/597/597
f 595/595/595 598/598/598 594/594/594
f 599/599/599 598/598/598 595/595/595
f 597/597/597 596/596/596 600/600/600
f 597/597/597 600/600/600 601/601/601
f 599/599/599 602/602/602 598/598/598
f 603/603/603 602/602/602 599/599/599
f 601/601/601 600/600/600 604/604/604
f 601/601/601 604/604/604 605/605/605
f 605/605/605 606/606/606 603/603/603
f 603/603/603 606/606/606 602/602/602
f 605/605/605 604/604/604 606/606/606
f 594/594/594 607/607/607 592/592/592
f 592/592/592 608/608/608 596/596/596
f 592/592/592 607/607/607 608/608/608
f 596/596/596 608/608/608 609/609/609
f 596/596/596 609/609/609 600/600/600
f 609/609/609 608/608/608 607/607/607
f 600/600/600 609/609/609 610/610/610
f 600/600/600 610/610/610 604/604/604
f 610/610/610 609/609/609 607/607/607
f 594/594/594 611/611/611 607/607/607
f 610/610/610 607/607/607 611/611/611
f 598/598/598 611/611/611 594/594/594
f 604/604/604 610/610/610 612/612/612
f 604/604/604 612/612/612 606/606/606
f 612/612/612 610/610/610 611/611/611
f 598/598/598 613/613/613 611/611/611
f 602/602/602 613/613/613 598/598/598
f 612/612/612 611/611/611 613/613/613
f 606/606/606 612/612/612 614/614/614
f 606/606/606 614/614/614 602/602/602
f 602/602/602 614/614/614 613/613/613
f 613/613/613 614/614/614 612/612/612
f 615/615/615 616/616/616 617/617/617
f 615/615/615 617/617/617 618/618/618
f 619/619/619 615/615/615 618/618/618
f 616/616/616 620/620/620 617/617/617
f 616/616/616 621/621/621 620/620/620
f 619/619/619 618/618/618 622/622/622
f 623/623/623 619/619/619 622/622/622
f 621/621/621 624/624/624 620/620/620
f 621/621/621 625/625/625 624/624/624
f 623/623/623 622/622/622 626/626/626
f 627/627/627 623/623/623 626/626/626
f 625/625/625 628/628/628 624/624/624
f 625/625/625 629/629/629 628/628/628
f 629/629/629 627/627/627 630/630/630
f 627/627/627 626/626/626 630/630/630
f 629/629/629 630/630/630 628/628/628
f 617/617/617 620/620/620 631/631/631
f 617/617/617 631/631/631 632/632/632
f 618/618/618 617/617/617 632/632/632
f 620/620/620 633/633/633 631/631/631
f 620/620/620 624/624/624 633/633/633
f 618/618/618 632/632/632 634/634/634
f 622/622/622 618/618/618 634/634/634
f 624/624/624 635/635/635 633/633/633
f 624/624/624 628/628/628 635/635/635
f 622/622/622 634/634/634 636/636/636
f 626/626/626 622/622/622 636/636/636
f 628/628/628 637/637/637 635/635/635
f 628/628/628 630/630/630 637/637/637
f 626/626/626 636/636/636 638/638/638
f 630/630/630 626/626/626 638/638/638
f 630/630/630 638/638/638 637/637/637
f 639/639/639 640/640/640 641/641/641
f 639/639/639 642/642/642 640/640/640
f 643/643/643 639/639/639 641/641/641
f 642/642/642 644/644/644 640/640/640
f 643/643/643 641/641/641 645/645/645
f 642/642/642 646/646/646 644/644/644
f 647/647/647 643/643/643 645/645/645
f 646/646/646 648/648/648 644/644/644
f 646/646/646 647/647/647 648/648/648
f 647/647/647 645/645/645 648/648/648
f 649/649/649 650/650/650 651/651/651
f 649/649/649 652/652/652 650/650/650
f 653/653/653 649/649/649 651/651/651
f 652/652/652 654/654/654 650/650/650
f 653/653/653 651/651/651 655/655/655
f 652/652/652 656/656/656 654/654/654
f 657/657/657 653/653/653 655/655/655
f 656/656/656 658/658/658 654/654/654
f 656/656/656 657/657/657 658/658/658
f 657/657/657 655/655/655 658/658/658
f 659/659/659 660/660/660 661/661/661
f 659/659/659 662/662/662 660/660/660
f 663/663/663 659/659/659 661/661/661
f 662/662/662 664/664/664 660/660/660
f 663/663/663 661/661/661 665/665/665
f 662/662/662 666/666/666 664/664/664
f 667/667/667 663/663/663 665/665/665
f 666/666/666 668/668/668 664/664/664
f 666/666/666 667/667/667 668/668/668
f 667/667/667 665/665/665 668/668/668
f 669/669/669 670/670/670 671/671/671
f 669/669/669 671/671/671 672/672/672
f 672/672/672 671/671/671 673/673/673
f 672/672/672 673/673/673 674/674/674
f 669/669/669 672/672/672 674/674/674
f 674/674/674 673/673/673 675/675/675
f 676/676/676 670/670/670 669/669/669
f 674/674/674 676/676/676 669/669/669
f 676/676/676 677/677/677 670/670/670
f 674/674/674 675/675/675 678/678/678
f 674/674/674 678/678/678 676/676/676
f 678/678/678 675/675/675 679/679/679
f 680/680/680 677/677/677 676/676/676
f 678/678/678 680/680/680 676/676/676
f 680/680/680 681/681/681 677/677/677
f 678/678/678 679/679/679 682/682/682
f 678/678/678 682/682/682 680/680/680
f 682/682/682 679/679/679 683/683/683
f 684/684/684 683/683/683 681/681/681
f 684/684/684 681/681/681 680/680/680
f 682/682/682 684/684/684 680/680/680
f 682/682/682 683/683/683 684/684/684
f 685/685/685 686/686/686 687/687/687
f 685/685/685 688/688/688 686/686/686
f 689/689/689 685/685/685 687/687/687
f 688/688/688 690/690/690 686/686/686
f 689/689/689 687/687/687 691/691/691
f 688/688/688 692/692/692 690/690/690
f 693/693/693 689/689/689 691/691/691
f 692/692/692 694/694/694 690/690/690
f 693/693/693 691/691/691 695/695/695
f 692/692/692 696/696/696 694/694/694
f 697/697/697 693/693/693 695/695/695
f 696/696/696 698/698/698 694/694/694
f 697/697/697 695/695/695 699/699/699
f 696/696/696 700/700/700 698/698/698
f 700/700/700 697/697/697 699/699/699
f 700/700/700 699/699/699 698/698/698
