g Model_0
v 0.980961 2.125000 -0.798927
v 0.980962 1.875000 -0.961160
v -0.980954 1.875000 -0.961167
v 0.980961 2.125000 -0.798927
v -0.980954 1.875000 -0.961167
v -0.980955 2.125000 -0.798934
v 0.980961 2.125000 -0.798927
v -0.980955 2.125000 -0.798934
v -0.980957 2.151148 -0.384019
v 0.980959 2.151148 -0.384011
v -0.980958 2.160081 0.040804
v 0.980961 2.125000 -0.798927
v -0.980957 2.151148 -0.384019
v 0.980959 2.151148 -0.384011
v 0.980959 2.151148 -0.384011
v -0.980958 2.160081 0.040804
v 0.980958 2.160082 0.079694
v 0.980953 2.125001 1.205695
v 0.980955 2.151148 0.790779
v -0.980961 2.151148 0.790772
v 0.980953 2.125001 1.205695
v -0.980961 2.151148 0.790772
v -0.980963 2.125000 1.205688
v 0.980956 2.160082 0.329694
v -0.980959 2.160081 0.290804
v -0.980961 2.151148 0.790772
v 0.980956 2.160082 0.329694
v -0.980961 2.151148 0.790772
v 0.980955 2.151148 0.790779
v -0.980959 1.910081 0.329688
v 0.980957 1.910082 0.329694
v 0.980953 1.875001 1.087566
v -0.980959 1.910081 0.329688
v 0.980953 1.875001 1.087566
v -0.980962 1.875000 1.087560
v 0.980958 1.910082 0.079694
v 0.980957 1.910082 0.329694
v -0.980959 1.910081 0.329688
v 0.980958 1.910082 0.079694
v -0.980959 1.910081 0.329688
v -0.980958 1.910081 0.079688
v 0.980962 1.875000 -0.961160
v 0.980961 1.875000 -0.711160
v -0.980955 1.875000 -0.711167
v 0.980962 1.875000 -0.961160
v -0.980955 1.875000 -0.711167
v -0.980954 1.875000 -0.961167
v -1.230965 -0.125000 1.514376
v -1.230966 -0.125000 1.764376
v -1.230965 0.125000 1.764378
v -1.230964 0.125000 1.514378
v -1.230960 -0.125000 0.329686
v -1.230964 1.125000 1.450600
v -1.230965 1.000000 1.764377
v -1.230959 1.125000 0.329687
v -1.230959 0.125000 0.329687
v -1.230958 -0.125000 0.079686
v -1.230958 1.125000 0.079687
v -1.230958 0.125000 0.079687
v -1.230953 -0.125001 -1.211169
v -1.230953 1.125000 -1.122908
v -1.230953 0.124999 -1.211168
v -1.230952 -0.125001 -1.461169
v -1.230952 0.124999 -1.461168
v -1.230952 0.999999 -1.461168
v -1.230954 1.875000 -0.961168
v -1.230955 1.875000 -0.711168
v -1.230955 2.125000 -0.798935
v -1.230957 2.151148 -0.384020
v -1.230958 2.160081 0.040803
v -1.230958 1.910081 0.079687
v 1.230964 -0.125000 -1.461159
v 1.230970 -0.125001 -2.832660
v 1.230970 0.124999 -2.898199
v 1.230964 0.125000 -1.461159
v 1.230964 1.000000 -1.461159
v 1.230970 0.874953 -2.862351
v 0.980970 -0.125001 -2.832661
v 1.230970 -0.125001 -2.832660
v 1.230964 -0.125000 -1.461159
v 0.980964 -0.125000 -1.461160
v -0.980946 -0.125001 -2.832668
v -0.980952 -0.125001 -1.461168
v -1.230946 -0.125001 -2.832669
v -1.230952 -0.125001 -1.461169
v -1.230946 -0.125001 -2.832669
v -1.230952 -0.125001 -1.461169
v -1.230952 0.124999 -1.461168
v -1.230946 0.124999 -2.898208
v -1.230946 0.874953 -2.862360
v -1.230952 0.999999 -1.461168
v 1.230963 -0.125000 -1.211159
v 1.230964 -0.125000 -1.461159
v 1.230964 0.125000 -1.461159
v 1.230963 0.125000 -1.211159
v 1.230958 -0.125000 0.079696
v 1.230963 1.125000 -1.122899
v 1.230964 1.000000 -1.461159
v 1.230961 1.875000 -0.711159
v 1.230958 1.125000 0.079696
v 1.230962 1.875000 -0.961159
v 1.230958 0.125000 0.079696
v 1.230957 -0.125000 0.329696
v 1.230957 1.125000 0.329696
v 1.230959 2.151148 -0.384010
v 1.230961 2.125000 -0.798926
v 1.230958 1.910082 0.079695
v 1.230958 2.160082 0.079695
v 1.230957 0.125000 0.329696
v 1.230952 -0.124999 1.514386
v 1.230952 1.125001 1.450609
v 1.230952 0.125001 1.514386
v 1.230951 -0.124999 1.764386
v 1.230951 1.000001 1.764386
v 1.230951 0.125001 1.764386
v 1.230951 1.000001 1.764386
v 1.230947 0.875291 2.756196
v 1.230947 0.125000 2.764386
v 1.230951 0.125001 1.764386
v 1.230947 -0.125000 2.726504
v 1.230951 -0.124999 1.764386
v -1.230946 0.124999 -2.898208
v -1.230946 0.874953 -2.862360
v -0.980946 0.999953 -2.862359
v -0.980946 0.124999 -2.898207
v 0.980970 0.999953 -2.862352
v -0.980946 -0.125001 -2.832668
v -1.230946 -0.125001 -2.832669
v 0.980970 -0.125001 -2.832661
v 0.980970 0.124999 -2.898200
v 1.230970 0.874953 -2.862351
v 1.230970 -0.125001 -2.832660
v 1.230970 0.124999 -2.898199
v -1.230965 -0.125000 1.514376
v -0.980966 -0.125000 1.764377
v -1.230966 -0.125000 1.764376
v -0.980965 -0.125000 1.514377
v -1.230960 -0.125000 0.329686
v 0.980951 -0.124999 1.764385
v -0.980960 -0.125000 0.329687
v -1.230958 -0.125000 0.079686
v 0.980952 -0.124999 1.514385
v 1.230951 -0.124999 1.764386
v 1.230952 -0.124999 1.514386
v 0.980957 -0.125000 0.329695
v 1.230957 -0.125000 0.329696
v -0.980958 -0.125000 0.079687
v -1.230953 -0.125001 -1.211169
v 0.980958 -0.125000 0.079695
v 1.230958 -0.125000 0.079696
v -0.980953 -0.125001 -1.211168
v -1.230952 -0.125001 -1.461169
v -0.980952 -0.125001 -1.461168
v 0.980963 -0.125000 -1.211160
v 1.230963 -0.125000 -1.211159
v 0.980964 -0.125000 -1.461160
v 1.230964 -0.125000 -1.461159
v 0.980951 1.125001 1.764385
v 0.980947 1.000291 2.756195
v 1.230947 0.875291 2.756196
v 1.230951 1.000001 1.764386
v 0.980952 0.125001 1.414385
v 0.980952 1.125001 1.450608
v 0.980957 1.125000 0.329695
v 0.980957 0.125000 0.329695
v 0.980958 1.125000 0.079695
v 0.980958 0.125000 0.079695
v 0.980963 1.125000 -1.122900
v 0.980963 0.125000 -1.111160
v 0.980964 1.125000 -1.461160
v 0.980964 0.125000 -1.361160
v -0.980963 0.125000 1.414379
v -0.980964 1.125000 1.450602
v 0.980952 1.125001 1.450608
v 0.980952 0.125001 1.414385
v -0.980959 0.125000 0.329688
v -0.980963 0.125000 1.414379
v 0.980952 0.125001 1.414385
v 0.980957 0.125000 0.329695
v -0.980958 0.125000 0.079688
v 0.980958 0.125000 0.079695
v -0.980953 0.125000 -1.111167
v 0.980963 0.125000 -1.111160
v -0.980952 0.124999 -1.361167
v 0.980964 0.125000 -1.361160
v 1.230958 1.125000 0.079696
v 1.230957 1.910082 0.329695
v 1.230957 1.125000 0.329696
v 1.230958 1.910082 0.079695
v 1.230956 2.160082 0.329695
v 1.230958 2.160082 0.079695
v 1.230955 2.151148 0.790780
v 1.230953 1.875001 1.087567
v 1.230953 2.125001 1.205696
v 1.230952 1.875001 1.337567
v 1.230952 1.125001 1.450609
v 1.230951 1.000001 1.764386
v 0.980970 0.999953 -2.862352
v 1.230964 1.000000 -1.461159
v 1.230970 0.874953 -2.862351
v 0.980964 1.125000 -1.461160
v -0.980946 0.999953 -2.862359
v -0.980952 1.124999 -1.461167
v -1.230946 0.874953 -2.862360
v -1.230952 0.999999 -1.461168
v -0.980964 1.125000 1.450602
v -0.980965 1.125000 1.764378
v 0.980951 1.125001 1.764385
v 0.980952 1.125001 1.450608
v -1.230965 1.000000 1.764377
v -1.230962 1.875000 1.087559
v -1.230964 1.125000 1.450600
v -1.230963 1.875000 1.337559
v -1.230961 2.151148 0.790771
v -1.230963 2.125000 1.205687
v -1.230959 1.910081 0.329687
v -1.230959 2.160081 0.290803
v -1.230958 2.160081 0.040803
v -1.230958 1.910081 0.079687
v -1.230959 1.125000 0.329687
v -1.230958 1.125000 0.079687
v 0.980957 1.125000 0.329695
v 0.980952 1.125001 1.450608
v 1.230952 1.125001 1.450609
v 1.230957 1.125000 0.329696
v -1.230959 1.125000 0.329687
v -1.230964 1.125000 1.450600
v -0.980964 1.125000 1.450602
v -0.980959 1.125000 0.329688
v 0.980963 1.125000 -1.122900
v 0.980958 1.125000 0.079695
v 1.230958 1.125000 0.079696
v 1.230963 1.125000 -1.122899
v -1.230953 1.125000 -1.122908
v -1.230958 1.125000 0.079687
v -0.980958 1.125000 0.079688
v -0.980953 1.125000 -1.122907
v -0.980958 1.125000 0.079688
v -0.980958 1.910081 0.079688
v -0.980959 1.910081 0.329688
v -0.980959 1.125000 0.329688
v 1.230951 1.000001 1.764386
v 0.980952 1.875001 1.337566
v 0.980951 1.125001 1.764385
v 1.230952 1.875001 1.337567
v 0.980953 2.125001 1.205695
v 1.230953 2.125001 1.205696
v -1.230965 1.000000 1.764377
v -1.230969 0.875291 2.756187
v -0.980969 1.000291 2.756188
v -0.980965 1.125000 1.764378
v -0.980959 0.125000 0.329688
v -0.980964 1.125000 1.450602
v -0.980963 0.125000 1.414379
v -0.980959 1.125000 0.329688
v -0.980958 0.125000 0.079688
v -0.980958 1.125000 0.079688
v -0.980953 0.125000 -1.111167
v -0.980953 1.125000 -1.122907
v -0.980952 0.124999 -1.361167
v -0.980952 1.124999 -1.461167
v -0.980965 1.125000 1.764378
v -0.980969 1.000291 2.756188
v 0.980947 1.000291 2.756195
v 0.980951 1.125001 1.764385
v -1.230965 0.125000 1.764378
v -1.230969 0.875291 2.756187
v -1.230965 1.000000 1.764377
v -1.230969 0.125000 2.764378
v -1.230966 -0.125000 1.764376
v -1.230970 -0.125000 2.726494
v 0.980964 0.125000 -1.361160
v 0.980964 1.125000 -1.461160
v -0.980952 1.124999 -1.461167
v -0.980952 0.124999 -1.361167
v -0.980959 1.125000 0.329688
v -0.980959 1.910081 0.329688
v -1.230959 1.910081 0.329687
v -1.230959 1.125000 0.329687
v -0.980953 1.125000 -1.122907
v -0.980955 1.875000 -0.711167
v -1.230955 1.875000 -0.711168
v -1.230953 1.125000 -1.122908
v -1.230954 1.875000 -0.961168
v -1.230955 2.125000 -0.798935
v -0.980955 2.125000 -0.798934
v -0.980954 1.875000 -0.961167
v -1.230952 0.999999 -1.461168
v -0.980952 1.124999 -1.461167
v 0.980962 1.875000 -0.961160
v 0.980961 2.125000 -0.798927
v 1.230961 2.125000 -0.798926
v 1.230962 1.875000 -0.961159
v 0.980964 1.125000 -1.461160
v 1.230964 1.000000 -1.461159
v -0.980952 1.124999 -1.461167
v -0.980954 1.875000 -0.961167
v -0.980955 1.875000 -0.711167
v -0.980953 1.125000 -1.122907
v -1.230958 1.125000 0.079687
v -1.230958 1.910081 0.079687
v -0.980958 1.910081 0.079688
v -0.980958 1.125000 0.079688
v 1.230963 1.125000 -1.122899
v 1.230961 1.875000 -0.711159
v 0.980961 1.875000 -0.711160
v 0.980963 1.125000 -1.122900
v 1.230957 1.125000 0.329696
v 1.230957 1.910082 0.329695
v 0.980957 1.910082 0.329694
v 0.980957 1.125000 0.329695
v -1.230964 1.125000 1.450600
v -1.230962 1.875000 1.087559
v -0.980962 1.875000 1.087560
v -0.980964 1.125000 1.450602
v 0.980957 1.125000 0.329695
v 0.980957 1.910082 0.329694
v 0.980958 1.910082 0.079694
v 0.980958 1.125000 0.079695
v 0.980951 1.125001 1.764385
v 0.980952 1.875001 1.337566
v 0.980953 1.875001 1.087566
v 0.980952 1.125001 1.450608
v 0.980952 1.125001 1.450608
v 0.980953 1.875001 1.087566
v 1.230953 1.875001 1.087567
v 1.230952 1.125001 1.450609
v -0.980965 1.125000 1.764378
v -1.230963 1.875000 1.337559
v -1.230965 1.000000 1.764377
v -0.980963 1.875000 1.337560
v -1.230963 2.125000 1.205687
v -0.980963 2.125000 1.205688
v 0.980963 1.125000 -1.122900
v 0.980961 1.875000 -0.711160
v 0.980962 1.875000 -0.961160
v 0.980964 1.125000 -1.461160
v 0.980958 1.125000 0.079695
v 0.980958 1.910082 0.079694
v 1.230958 1.910082 0.079695
v 1.230958 1.125000 0.079696
v -0.980964 1.125000 1.450602
v -0.980962 1.875000 1.087560
v -0.980963 1.875000 1.337560
v -0.980965 1.125000 1.764378
v 0.980955 2.151148 0.790779
v 0.980953 2.125001 1.205695
v 1.230953 2.125001 1.205696
v 1.230955 2.151148 0.790780
v 1.230956 2.160082 0.329695
v 0.980956 2.160082 0.329694
v 0.980958 2.160082 0.079694
v 1.230958 2.160082 0.079695
v -1.230961 2.151148 0.790771
v -1.230963 2.125000 1.205687
v -0.980963 2.125000 1.205688
v -0.980961 2.151148 0.790772
v -0.980959 2.160081 0.290804
v -1.230959 2.160081 0.290803
v -1.230958 2.160081 0.040803
v -0.980958 2.160081 0.040804
v 0.980961 2.125000 -0.798927
v 1.230959 2.151148 -0.384010
v 1.230961 2.125000 -0.798926
v 0.980959 2.151148 -0.384011
v 0.980958 2.160082 0.079694
v 1.230958 2.160082 0.079695
v -1.230955 2.125000 -0.798935
v -0.980957 2.151148 -0.384019
v -0.980955 2.125000 -0.798934
v -1.230957 2.151148 -0.384020
v -1.230958 2.160081 0.040803
v -0.980958 2.160081 0.040804
v -1.230962 1.875000 1.087559
v -1.230959 1.910081 0.329687
v -0.980959 1.910081 0.329688
v -0.980962 1.875000 1.087560
v 0.980953 1.875001 1.087566
v 0.980957 1.910082 0.329694
v 1.230957 1.910082 0.329695
v 1.230953 1.875001 1.087567
v -1.230958 1.910081 0.079687
v -1.230955 1.875000 -0.711168
v -0.980955 1.875000 -0.711167
v -0.980958 1.910081 0.079688
v 0.980958 1.910082 0.079694
v 0.980961 1.875000 -0.711160
v 1.230961 1.875000 -0.711159
v 1.230958 1.910082 0.079695
v 0.980958 2.160082 0.079694
v -0.980958 2.160081 0.040804
v -0.980959 2.160081 0.290804
v 0.980956 2.160082 0.329694
v 0.980947 -0.125000 2.726503
v 1.230947 -0.125000 2.726504
v 1.230947 0.125000 2.764386
v 0.980947 0.125000 2.764385
v -0.980970 -0.125000 2.726495
v 0.980947 1.000291 2.756195
v 1.230947 0.875291 2.756196
v -0.980969 1.000291 2.756188
v -0.980969 0.125000 2.764379
v -1.230970 -0.125000 2.726494
v -1.230969 0.875291 2.756187
v -1.230969 0.125000 2.764378
v -0.980966 -0.125000 1.764377
v -1.230970 -0.125000 2.726494
v -1.230966 -0.125000 1.764376
v -0.980970 -0.125000 2.726495
v 0.980951 -0.124999 1.764385
v 0.980947 -0.125000 2.726503
v 1.230951 -0.124999 1.764386
v 1.230947 -0.125000 2.726504
v -0.980963 2.125000 1.205688
v -0.980963 1.875000 1.337560
v 0.980952 1.875001 1.337566
v 0.980953 2.125001 1.205695
v 0.980952 1.875001 1.337566
v -0.980963 1.875000 1.337560
v -0.980962 1.875000 1.087560
v 0.980953 1.875001 1.087566
v -0.980955 1.875000 -0.711167
v 0.980961 1.875000 -0.711160
v 0.980958 1.910082 0.079694
v -0.980958 1.910081 0.079688
v 0.656515 2.361070 -0.119118
v 0.656515 2.038093 -0.119118
v -0.656515 2.038093 -0.119124
v -0.656515 2.361070 -0.119124
v -0.656518 2.361070 0.553399
v -0.656518 2.038094 0.553399
v 0.656512 2.038094 0.553405
v 0.656512 2.361071 0.553404
v -0.656518 2.361070 0.553399
v 0.656512 2.361071 0.553404
v 0.656515 2.361070 -0.119118
v -0.656515 2.361070 -0.119124
v -0.694984 -0.076025 2.942378
v -0.694984 -0.273431 2.942378
v -0.694975 -0.106347 0.942378
v -0.694975 0.091060 0.942378
v -0.892382 0.091060 0.942377
v -0.892382 -0.106347 0.942377
v -0.892390 -0.273431 2.942377
v -0.892390 -0.076025 2.942377
v -0.892390 -0.076025 2.942377
v -0.892390 -0.273431 2.942377
v -0.694984 -0.273431 2.942378
v -0.694984 -0.076025 2.942378
v -0.694984 -0.273431 2.942378
v -0.892390 -0.273431 2.942377
v -0.892382 -0.106347 0.942377
v -0.694975 -0.106347 0.942378
v -0.892390 -0.076025 2.942377
v -0.694984 -0.076025 2.942378
v -0.694975 0.091060 0.942378
v -0.892382 0.091060 0.942377
v 1.260813 0.100803 -2.594819
v 1.260813 -0.158647 -2.594819
v 1.260815 -0.158647 -2.942876
v 1.260814 0.100803 -2.942877
v -0.531247 0.100802 -3.009812
v -1.261048 -0.158648 -2.942887
v -1.261048 0.100802 -2.942887
v -0.531247 -0.158648 -3.009811
v 0.516269 0.100803 -3.009807
v 0.516269 -0.158647 -3.009807
v 1.260814 0.100803 -2.942877
v 1.260815 -0.158647 -2.942876
v -1.261048 0.100802 -2.942887
v -1.261048 -0.158648 -2.942887
v -1.261049 -0.158647 -2.594830
v -1.261049 0.100802 -2.594830
v 0.516267 0.100803 -2.661749
v 1.260813 -0.158647 -2.594819
v 1.260813 0.100803 -2.594819
v 0.516267 -0.158647 -2.661749
v -0.531249 0.100803 -2.661754
v -0.531249 -0.158647 -2.661754
v -1.261049 0.100802 -2.594830
v -1.261049 -0.158647 -2.594830
v -0.531249 -0.158647 -2.661754
v -1.261049 -0.158647 -2.594830
v -1.261048 -0.158648 -2.942887
v -0.531247 -0.158648 -3.009811
v 0.516267 -0.158647 -2.661749
v 0.516269 -0.158647 -3.009807
v 1.260813 -0.158647 -2.594819
v 1.260815 -0.158647 -2.942876
v 0.516267 0.100803 -2.661749
v 1.260813 0.100803 -2.594819
v 1.260814 0.100803 -2.942877
v 0.516269 0.100803 -3.009807
v -0.531249 0.100803 -2.661754
v -0.531247 0.100802 -3.009812
v -1.261049 0.100802 -2.594830
v -1.261048 0.100802 -2.942887
v -1.260816 0.100804 2.451255
v -1.260816 -0.158646 2.451255
v -1.260818 -0.158646 2.799313
v -1.260818 0.100804 2.799313
v 0.531244 0.100804 2.866250
v 1.261045 -0.158646 2.799328
v 1.261045 0.100804 2.799327
v 0.531244 -0.158646 2.866250
v -0.516272 0.100804 2.866244
v -0.516272 -0.158646 2.866244
v -1.260818 0.100804 2.799313
v -1.260818 -0.158646 2.799313
v 1.261045 0.100804 2.799327
v 1.261045 -0.158646 2.799328
v 1.261047 -0.158646 2.451270
v 1.261047 0.100804 2.451270
v -0.516270 0.100804 2.518187
v -1.260816 -0.158646 2.451255
v -1.260816 0.100804 2.451255
v -0.516270 -0.158646 2.518187
v 0.531246 0.100804 2.518193
v 0.531246 -0.158646 2.518193
v 1.261047 0.100804 2.451270
v 1.261047 -0.158646 2.451270
v 0.531246 -0.158646 2.518193
v 1.261047 -0.158646 2.451270
v 1.261045 -0.158646 2.799328
v 0.531244 -0.158646 2.866250
v -0.516270 -0.158646 2.518187
v -0.516272 -0.158646 2.866244
v -1.260816 -0.158646 2.451255
v -1.260818 -0.158646 2.799313
v -0.516270 0.100804 2.518187
v -1.260816 0.100804 2.451255
v -1.260818 0.100804 2.799313
v -0.516272 0.100804 2.866244
v 0.531246 0.100804 2.518193
v 0.531244 0.100804 2.866250
v 1.261047 0.100804 2.451270
v 1.261045 0.100804 2.799327
vt 0.603307664 0.347352862
vt 0.601586819 0.348981619
vt 0.594899595 0.284667969
vt 0.603307664 0.347352862
vt 0.594899595 0.284667969
vt 0.601796508 0.347537041
vt 0.594899595 0.284667969
vt 0.603307664 0.347352862
vt 0.603307664 0.347168744
vt 0.594899595 0.284667969
vt 0.622582674 0.303318977
vt 0.594899595 0.284667969
vt 0.603307664 0.347168744
vt 0.601781309 0.347168744
vt 0.594899595 0.284667969
vt 0.622582674 0.303318977
vt 0.601781309 0.346705914
vt 0.594899595 0.284667969
vt 0.621056318 0.302074075
vt 0.621056318 0.302258134
vt 0.594899595 0.284667969
vt 0.621056318 0.302258134
vt 0.622582674 0.302258134
vt 0.621056318 0.303106308
vt 0.622582674 0.303134918
vt 0.594899595 0.284667969
vt 0.621056318 0.303106308
vt 0.594899595 0.284667969
vt 0.621056318 0.302258134
vt 0.594899595 0.284667969
vt 0.627243876 0.305240273
vt 0.627639651 0.301808119
vt 0.594899595 0.284667969
vt 0.627639651 0.301808119
vt 0.626465857 0.30436343
vt 0.594899595 0.284667969
vt 0.627639651 0.299717784
vt 0.627243876 0.305240273
vt 0.594899595 0.284667969
vt 0.627243876 0.305240273
vt 0.627632856 0.303044856
vt 0.594899595 0.284667969
vt 0.608364642 0.342366993
vt 0.607579887 0.348361254
vt 0.594899595 0.284667969
vt 0.607579887 0.348361254
vt 0.608357847 0.347226739
vt 0.636807799 0.242938459
vt 0.636807799 0.245260954
vt 0.639261842 0.245260954
vt 0.639261842 0.242938519
vt 0.636807799 0.230946481
vt 0.64907825 0.242938519
vt 0.64907825 0.245260954
vt 0.64907825 0.230946481
vt 0.639261842 0.230946481
vt 0.636807799 0.228623986
vt 0.64907825 0.228623986
vt 0.639261842 0.228623986
vt 0.636807799 0.216632009
vt 0.64907825 0.21745193
vt 0.639261842 0.216632009
vt 0.636807799 0.214309454
vt 0.639261842 0.214309514
vt 0.647851169 0.214309514
vt 0.656440496 0.218954504
vt 0.656440496 0.221276999
vt 0.658894598 0.220461607
vt 0.658894598 0.222784102
vt 0.658894598 0.228262782
vt 0.656440496 0.228623986
vt 0.108542681 0.75432229
vt 0.108542681 0.767415345
vt 0.110996783 0.7676723
vt 0.110996783 0.75432229
vt 0.119586095 0.75432229
vt 0.119157217 0.767415345
vt 0.0868296921 0.72337079
vt 0.084375605 0.72337079
vt 0.084375605 0.736463904
vt 0.086829707 0.736463904
vt 0.106088586 0.72337079
vt 0.106088586 0.736463904
vt 0.108542666 0.72337079
vt 0.108542666 0.736463904
vt 0.13062951 0.723627746
vt 0.13062951 0.7367208
vt 0.133083597 0.73672086
vt 0.133083597 0.72337079
vt 0.141244024 0.723627746
vt 0.141672909 0.73672086
vt 0.614720941 0.229588449
vt 0.614720941 0.231910944
vt 0.617175043 0.231910944
vt 0.617175043 0.229588449
vt 0.614720941 0.217596412
vt 0.626991391 0.228768468
vt 0.62576437 0.231910944
vt 0.634353697 0.224943399
vt 0.626991391 0.217596412
vt 0.634353697 0.227265954
vt 0.617175043 0.217596412
vt 0.614720941 0.215273917
vt 0.626991391 0.215273917
vt 0.636807799 0.223436296
vt 0.636807799 0.225758791
vt 0.634353697 0.217596412
vt 0.636807799 0.217596412
vt 0.617175043 0.215273917
vt 0.614720941 0.203281939
vt 0.626991391 0.203281939
vt 0.617175043 0.203281939
vt 0.614720941 0.200959444
vt 0.626991391 0.200959444
vt 0.617175043 0.200959444
vt 0.120813146 0.72337079
vt 0.120813146 0.72337079
vt 0.110996783 0.72337079
vt 0.110996783 0.72337079
vt 0.108542681 0.72337079
vt 0.108542681 0.72337079
vt 0.0992038175 0.813795805
vt 0.107326746 0.813796341
vt 0.108542666 0.811473906
vt 0.0992038175 0.81147331
vt 0.108542666 0.793247759
vt 0.0968084633 0.811472952
vt 0.0968084633 0.813795447
vt 0.0968084484 0.793246865
vt 0.0992038175 0.793247163
vt 0.107326746 0.790925145
vt 0.0968084633 0.79092437
vt 0.0992038175 0.790924728
vt 0.661944568 0.242681563
vt 0.659490466 0.245003998
vt 0.661944568 0.245003998
vt 0.659490466 0.242681563
vt 0.661944568 0.230689526
vt 0.640231609 0.245003998
vt 0.659490466 0.230689526
vt 0.661944568 0.22836709
vt 0.640231609 0.242681563
vt 0.637777507 0.245003998
vt 0.637777507 0.242681563
vt 0.640231609 0.230689526
vt 0.637777507 0.230689526
vt 0.659490466 0.22836709
vt 0.661944568 0.216375053
vt 0.640231609 0.22836709
vt 0.637777507 0.22836709
vt 0.659490466 0.216375053
vt 0.661944568 0.214052558
vt 0.659490466 0.214052558
vt 0.640231609 0.216375053
vt 0.637777507 0.216375053
vt 0.640231609 0.214052558
vt 0.637777507 0.214052558
vt 0.0972817838 0.762320876
vt 0.0972817838 0.762320876
vt 0.0972817838 0.759998441
vt 0.0972817838 0.759998441
vt 0.403001606 0.734070241
vt 0.412817985 0.734999299
vt 0.412817985 0.723007262
vt 0.403001606 0.723007262
vt 0.412817985 0.720684767
vt 0.403001606 0.720684767
vt 0.412817985 0.709512711
vt 0.403001606 0.709621787
vt 0.412817985 0.706370294
vt 0.403001606 0.707299292
vt 0.358827978 0.795668781
vt 0.368687242 0.79566896
vt 0.368687212 0.777442873
vt 0.358827978 0.777442634
vt 0.565092504 0.829736829
vt 0.565092504 0.818673849
vt 0.545833588 0.818673909
vt 0.545833588 0.829736829
vt 0.565092504 0.832059264
vt 0.545833588 0.832059264
vt 0.565092504 0.843122184
vt 0.545833588 0.843122244
vt 0.565092504 0.845444679
vt 0.545833588 0.845444679
vt 0.583899975 0.209922194
vt 0.591262281 0.207599699
vt 0.583899975 0.207599699
vt 0.591262281 0.209922194
vt 0.593716383 0.207599699
vt 0.593716383 0.209922194
vt 0.593716383 0.196897924
vt 0.591262281 0.19653672
vt 0.593716383 0.194575429
vt 0.591262281 0.194214225
vt 0.583899975 0.195607722
vt 0.583899975 0.193285227
vt 0.144465983 0.81109339
vt 0.13063398 0.813415885
vt 0.144470453 0.813415885
vt 0.13062951 0.81109339
vt 0.144465983 0.792867303
vt 0.13062951 0.792867303
vt 0.144470453 0.790544748
vt 0.13063398 0.790544748
vt 0.675987661 0.281713247
vt 0.678441763 0.281713247
vt 0.678441763 0.263487101
vt 0.675987661 0.263487101
vt 0.605986834 0.237586737
vt 0.61334908 0.234335244
vt 0.605986834 0.235264301
vt 0.61334908 0.236657798
vt 0.615803182 0.23397404
vt 0.615803182 0.236296535
vt 0.61334908 0.223272264
vt 0.615803182 0.22291106
vt 0.615803182 0.220588565
vt 0.61334908 0.220949769
vt 0.605986834 0.223272264
vt 0.605986834 0.220949769
vt 0.656377196 0.28012532
vt 0.656377196 0.268133402
vt 0.653923094 0.268133402
vt 0.653923094 0.28012532
vt 0.650648713 0.268133402
vt 0.650648713 0.28012532
vt 0.653102815 0.28012532
vt 0.653102815 0.268133402
vt 0.673533559 0.273889959
vt 0.673533559 0.285061955
vt 0.675987661 0.285061955
vt 0.675987661 0.273889959
vt 0.678527355 0.230357766
vt 0.678527355 0.21918577
vt 0.676073253 0.21918577
vt 0.676073194 0.230357766
vt 0.625533998 0.251901269
vt 0.632896304 0.251901269
vt 0.632896304 0.249578774
vt 0.625533998 0.249578774
vt 0.603460073 0.237587094
vt 0.596150398 0.239910305
vt 0.603460073 0.23990953
vt 0.596150398 0.23758781
vt 0.593716383 0.239910543
vt 0.593716383 0.237588108
vt 0.0972817838 0.782869518
vt 0.0972817838 0.782869518
vt 0.0972817838 0.780547023
vt 0.0972817838 0.780547023
vt 0.402916044 0.762663841
vt 0.412732422 0.750671804
vt 0.402916044 0.751600862
vt 0.412732422 0.762663841
vt 0.402916044 0.764986336
vt 0.412732422 0.764986336
vt 0.402916074 0.776049376
vt 0.412732422 0.776158392
vt 0.402916044 0.778371811
vt 0.412732422 0.779300809
vt 0.172263488 0.804124594
vt 0.172263488 0.804124594
vt 0.172263488 0.785898447
vt 0.172263488 0.785898447
vt 0.133083597 0.7676723
vt 0.14289996 0.7676723
vt 0.14289996 0.7676723
vt 0.133083597 0.7676723
vt 0.13062951 0.7676723
vt 0.13062951 0.7676723
vt 0.378448367 0.777442634
vt 0.368687242 0.777443469
vt 0.368687242 0.795669615
vt 0.378448367 0.795668781
vt 0.635350347 0.237586737
vt 0.635350347 0.24454695
vt 0.637804389 0.244547009
vt 0.637804389 0.237586796
vt 0.680895805 0.27775836
vt 0.680895805 0.270623088
vt 0.678441763 0.270623744
vt 0.678441763 0.277759075
vt 0.59319967 0.26851511
vt 0.59055388 0.268515885
vt 0.59055388 0.27083832
vt 0.59319967 0.270837665
vt 0.602370501 0.268513024
vt 0.601154566 0.2708354
vt 0.59319967 0.289063752
vt 0.59055388 0.289064527
vt 0.59055388 0.291386962
vt 0.59319967 0.291386247
vt 0.601154566 0.289061546
vt 0.602370501 0.291384101
vt 0.668625414 0.273889959
vt 0.675987661 0.269245028
vt 0.675987661 0.266922474
vt 0.668625414 0.270747542
vt 0.635433316 0.193285406
vt 0.635433316 0.20018971
vt 0.637887418 0.200189531
vt 0.637887418 0.193285227
vt 0.680895805 0.270622373
vt 0.680895805 0.263487101
vt 0.678441763 0.263487756
vt 0.678441763 0.270623088
vt 0.637804389 0.277045012
vt 0.637804389 0.270084858
vt 0.635350347 0.270084858
vt 0.635350347 0.277045012
vt 0.635433316 0.20473206
vt 0.635433316 0.211511552
vt 0.637887418 0.211511195
vt 0.637887418 0.204731703
vt 0.625619531 0.209922194
vt 0.632981777 0.209922194
vt 0.632981777 0.207599699
vt 0.625619531 0.207599699
vt 0.625619531 0.237225533
vt 0.632981777 0.236296535
vt 0.632981777 0.23397404
vt 0.625619531 0.234903038
vt 0.635435939 0.230446041
vt 0.635435939 0.237225533
vt 0.637889981 0.237225115
vt 0.637889981 0.230445623
vt 0.603460073 0.258135676
vt 0.596150398 0.260458946
vt 0.603460073 0.260458171
vt 0.596150398 0.258136451
vt 0.593716383 0.260459185
vt 0.593716383 0.258136749
vt 0.668710947 0.204101861
vt 0.676073194 0.207926869
vt 0.676073253 0.205604434
vt 0.668710947 0.200959444
vt 0.637804389 0.255812705
vt 0.637804389 0.248908401
vt 0.635350347 0.248908579
vt 0.635350347 0.255812883
vt 0.615803182 0.225233495
vt 0.623165488 0.226162553
vt 0.623165488 0.223839998
vt 0.615803182 0.22291106
vt 0.549916565 0.239652336
vt 0.549916565 0.237329841
vt 0.547462463 0.237329841
vt 0.547462463 0.239652336
vt 0.547462463 0.250353992
vt 0.549916506 0.250353992
vt 0.549916506 0.252676487
vt 0.547462463 0.252676487
vt 0.571629524 0.239652276
vt 0.571629524 0.237329781
vt 0.569175482 0.237329781
vt 0.569175482 0.239652276
vt 0.569175482 0.250715256
vt 0.571629524 0.250715256
vt 0.571629524 0.253037691
vt 0.569175482 0.253037691
vt 0.593007922 0.268513024
vt 0.59055388 0.266190529
vt 0.59055388 0.268513024
vt 0.593007922 0.266190529
vt 0.593007922 0.260350704
vt 0.59055388 0.260350704
vt 0.614720941 0.268513024
vt 0.612266839 0.266190529
vt 0.612266839 0.268513024
vt 0.614720941 0.266190529
vt 0.614720941 0.260711908
vt 0.612266839 0.260711908
vt 0.615717649 0.266215742
vt 0.615717649 0.277278781
vt 0.618171692 0.277278781
vt 0.618171692 0.266215742
vt 0.6279881 0.266215742
vt 0.6279881 0.277278721
vt 0.630442142 0.277278721
vt 0.630442142 0.266215742
vt 0.671079516 0.281237006
vt 0.671079516 0.273889959
vt 0.668625414 0.273889959
vt 0.668625414 0.281237006
vt 0.666171312 0.273889959
vt 0.666171312 0.281237006
vt 0.668625414 0.281237006
vt 0.668625414 0.273889959
vt 0.594899595 0.284667969
vt 0.622582674 0.303318977
vt 0.594899595 0.284667969
vt 0.621056318 0.303106308
vt 0.152630776 0.769994855
vt 0.152630776 0.7676723
vt 0.150179252 0.76767236
vt 0.150179252 0.769994855
vt 0.152630746 0.788220942
vt 0.14037317 0.769995093
vt 0.14037317 0.767672658
vt 0.14037317 0.78822124
vt 0.150179252 0.788221002
vt 0.152630746 0.790543437
vt 0.14037317 0.790543735
vt 0.150179252 0.790543497
vt 0.106088594 0.767415345
vt 0.108542681 0.767415345
vt 0.108542681 0.767415345
vt 0.106088594 0.767415345
vt 0.086829707 0.767415345
vt 0.086829707 0.767415345
vt 0.0843756199 0.767415345
vt 0.0843756199 0.767415345
vt 0.594899595 0.284667969
vt 0.624527693 0.303723156
vt 0.594899595 0.284667969
vt 0.624720573 0.302278578
vt 0.594899595 0.284667969
vt 0.626861691 0.301004946
vt 0.594899595 0.284667969
vt 0.627639651 0.301808119
vt 0.594899595 0.284667969
vt 0.607579887 0.348361254
vt 0.594899595 0.284667969
vt 0.607774377 0.348361254
vt 0.628821731 0.758750856
vt 0.614386916 0.758750856
vt 0.614386916 0.802029669
vt 0.628821731 0.802029669
vt 0.643256545 0.758750856
vt 0.628821731 0.758750856
vt 0.628821731 0.802029669
vt 0.643256545 0.802029669
vt 0.614386916 0.802029669
vt 0.614386916 0.758750856
vt 0.584329844 0.758750856
vt 0.584329844 0.80202961
vt 0.902443171 0.224117547
vt 0.88990134 0.223607123
vt 0.88990134 0.28593722
vt 0.902443171 0.286447644
vt 0.88990134 0.223607123
vt 0.87735945 0.224117547
vt 0.87735945 0.286447644
vt 0.88990134 0.28593722
vt 0.927614391 0.223607123
vt 0.927614391 0.229737967
vt 0.940199912 0.229737967
vt 0.940199912 0.223607123
vt 0.915028751 0.223607123
vt 0.902443171 0.223607123
vt 0.902443171 0.28593719
vt 0.915028751 0.28593719
vt 0.927614391 0.223607123
vt 0.915028751 0.223607123
vt 0.915028751 0.28593719
vt 0.927614391 0.28593719
vt 0.108987615 0.803815007
vt 0.114548028 0.803815007
vt 0.114548028 0.799057782
vt 0.108987615 0.799057782
vt 0.0978667811 0.80427599
vt 0.103427194 0.794300556
vt 0.0978667811 0.794300556
vt 0.103427194 0.80427599
vt 0.0978668034 0.818593383
vt 0.103427194 0.818593383
vt 0.0978667811 0.828769267
vt 0.103427194 0.828769267
vt 0.114548028 0.794300556
vt 0.108987615 0.794300556
vt 0.108987615 0.799057782
vt 0.114548028 0.799057782
vt 0.1089876 0.818593383
vt 0.103427194 0.828769326
vt 0.108987615 0.828769267
vt 0.103427194 0.818593383
vt 0.1089876 0.80427599
vt 0.103427194 0.80427599
vt 0.108987615 0.794300556
vt 0.103427194 0.794300556
vt 0.0904073641 0.818794429
vt 0.088973023 0.828769326
vt 0.0964324251 0.828769326
vt 0.0978667811 0.818794429
vt 0.0904073641 0.804476976
vt 0.0978667811 0.804476976
vt 0.088973023 0.794300556
vt 0.0964324251 0.794300556
vt 0.081513606 0.818592846
vt 0.0800792575 0.828769326
vt 0.0875386596 0.828769326
vt 0.088973023 0.818592846
vt 0.081513606 0.804275393
vt 0.088973023 0.804275393
vt 0.0800792575 0.794300556
vt 0.0875386596 0.794300556
vt 0.123916902 0.762998462
vt 0.127245963 0.762998462
vt 0.127245963 0.760150254
vt 0.123916902 0.760150254
vt 0.11725878 0.763274431
vt 0.120587841 0.757302046
vt 0.11725878 0.757302046
vt 0.120587841 0.763274431
vt 0.11725878 0.771846354
vt 0.120587841 0.771846354
vt 0.11725878 0.777938724
vt 0.120587841 0.777938724
vt 0.127245963 0.757302046
vt 0.123916902 0.757302046
vt 0.123916902 0.760150254
vt 0.127245963 0.760150254
vt 0.123916879 0.771846354
vt 0.120587841 0.777938724
vt 0.123916902 0.777938724
vt 0.120587841 0.771846354
vt 0.123916879 0.763274431
vt 0.120587841 0.763274431
vt 0.123916902 0.757302046
vt 0.120587841 0.757302046
vt 0.11279279 0.771966696
vt 0.111934036 0.777938783
vt 0.116400033 0.777938724
vt 0.11725878 0.771966696
vt 0.11279279 0.763394773
vt 0.11725878 0.763394773
vt 0.111934036 0.757302046
vt 0.116400033 0.757302046
vt 0.107468046 0.771846056
vt 0.106609292 0.777938783
vt 0.111075282 0.777938724
vt 0.111934036 0.771846056
vt 0.107468046 0.763274074
vt 0.111934036 0.763274074
vt 0.106609292 0.757302046
vt 0.111075282 0.757302046
vn 0.000004 0.544358 -0.838853
vn 0.043393 0.537171 -0.842357
vn -0.043386 0.537171 -0.842357
vn 0.000004 0.544358 -0.838853
vn -0.043386 0.537171 -0.842357
vn 0.000004 0.544358 -0.838853
vn 0.000000 0.998020 -0.062895
vn 0.000000 0.998020 -0.062895
vn 0.000050 0.999129 -0.041739
vn 0.000050 0.999147 -0.041299
vn 0.000050 0.999947 -0.010283
vn 0.000000 0.998020 -0.062895
vn 0.000050 0.999129 -0.041739
vn 0.000050 0.999147 -0.041299
vn 0.000050 0.999147 -0.041299
vn 0.000050 0.999947 -0.010283
vn 0.000050 0.999952 -0.009842
vn -0.000000 0.998020 0.062895
vn -0.000046 0.999161 0.040947
vn -0.000046 0.999177 0.040571
vn -0.000000 0.998020 0.062895
vn -0.000046 0.999177 0.040571
vn -0.000000 0.998020 0.062895
vn -0.000046 0.999955 0.009490
vn -0.000046 0.999958 0.009113
vn -0.000046 0.999177 0.040571
vn -0.000046 0.999955 0.009490
vn -0.000046 0.999177 0.040571
vn -0.000046 0.999161 0.040947
vn 0.000000 -0.999525 -0.030834
vn 0.000000 -0.999525 -0.030834
vn 0.000000 -0.999525 -0.030834
vn 0.000000 -0.999525 -0.030834
vn 0.000000 -0.999525 -0.030834
vn 0.000000 -0.999525 -0.030834
vn 0.000000 -0.999563 0.029550
vn 0.000000 -0.999525 -0.030834
vn 0.000000 -0.999525 -0.030834
vn 0.000000 -0.999563 0.029550
vn 0.000000 -0.999525 -0.030834
vn 0.000000 -0.999563 0.029550
vn 0.000000 -1.000000 0.000000
vn 0.000000 -0.999563 0.029550
vn 0.000000 -0.999563 0.029550
vn 0.000000 -1.000000 0.000000
vn 0.000000 -0.999563 0.029550
vn 0.000000 -1.000000 0.000000
vn -1.000000 -0.000000 -0.000004
vn -1.000000 -0.000000 -0.000004
vn -1.000000 -0.000000 -0.000004
vn -1.000000 -0.000000 -0.000004
vn -1.000000 -0.000000 -0.000004
vn -1.000000 -0.000000 -0.000004
vn -1.000000 -0.000000 -0.000004
vn -1.000000 -0.000000 -0.000004
vn -1.000000 -0.000000 -0.000004
vn -1.000000 -0.000000 -0.000004
vn -1.000000 -0.000000 -0.000004
vn -1.000000 -0.000000 -0.000004
vn -1.000000 -0.000000 -0.000004
vn -1.000000 -0.000000 -0.000004
vn -1.000000 -0.000000 -0.000004
vn -1.000000 -0.000000 -0.000004
vn -1.000000 -0.000000 -0.000004
vn -1.000000 -0.000000 -0.000004
vn -1.000000 -0.000000 -0.000004
vn -1.000000 -0.000000 -0.000004
vn -1.000000 -0.000000 -0.000004
vn -1.000000 -0.000000 -0.000004
vn -1.000000 -0.000000 -0.000004
vn -1.000000 -0.000000 -0.000004
vn 1.000000 0.000000 0.000004
vn 1.000000 0.000000 0.000004
vn 1.000000 0.000000 0.000004
vn 1.000000 0.000000 0.000004
vn 1.000000 0.000000 0.000004
vn 1.000000 0.000000 0.000004
vn 0.000000 -1.000000 0.000000
vn 0.000000 -1.000000 0.000000
vn 0.000000 -1.000000 0.000000
vn 0.000000 -1.000000 0.000000
vn 0.000000 -1.000000 0.000000
vn 0.000000 -1.000000 0.000000
vn 0.000000 -1.000000 0.000000
vn 0.000000 -1.000000 0.000000
vn -1.000000 -0.000000 -0.000004
vn -1.000000 -0.000000 -0.000004
vn -1.000000 -0.000000 -0.000004
vn -1.000000 -0.000000 -0.000004
vn -1.000000 -0.000000 -0.000004
vn -1.000000 -0.000000 -0.000004
vn 1.000000 0.000000 0.000004
vn 1.000000 0.000000 0.000004
vn 1.000000 0.000000 0.000004
vn 1.000000 0.000000 0.000004
vn 1.000000 0.000000 0.000004
vn 1.000000 0.000000 0.000004
vn 1.000000 0.000000 0.000004
vn 1.000000 0.000000 0.000004
vn 1.000000 0.000000 0.000004
vn 1.000000 0.000000 0.000004
vn 1.000000 0.000000 0.000004
vn 1.000000 0.000000 0.000004
vn 1.000000 0.000000 0.000004
vn 1.000000 0.000000 0.000004
vn 1.000000 0.000000 0.000004
vn 1.000000 0.000000 0.000004
vn 1.000000 0.000000 0.000004
vn 1.000000 0.000000 0.000004
vn 1.000000 0.000000 0.000004
vn 1.000000 0.000000 0.000004
vn 1.000000 0.000000 0.000004
vn 1.000000 0.000000 0.000004
vn 1.000000 0.000000 0.000004
vn 1.000000 0.000000 0.000004
vn 1.000000 0.000000 0.000004
vn 1.000000 0.000000 0.000004
vn 1.000000 0.000000 0.000004
vn 1.000000 0.000000 0.000004
vn 1.000000 0.000000 0.000004
vn 1.000000 0.000000 0.000004
vn -0.005568 -0.105950 -0.994356
vn -0.011015 0.044078 -0.998967
vn -0.005505 0.042508 -0.999081
vn -0.002782 -0.106731 -0.994284
vn 0.005514 0.042508 -0.999081
vn 0.000004 -0.253587 -0.967313
vn 0.000004 -0.253587 -0.967313
vn 0.000004 -0.253587 -0.967313
vn 0.002790 -0.106731 -0.994284
vn 0.011024 0.044078 -0.998967
vn 0.000004 -0.253587 -0.967312
vn 0.005577 -0.105950 -0.994356
vn 0.000000 -1.000000 0.000000
vn 0.000000 -1.000000 0.000000
vn 0.000000 -1.000000 0.000000
vn 0.000000 -1.000000 0.000000
vn 0.000000 -1.000000 0.000000
vn 0.000000 -1.000000 0.000000
vn 0.000000 -1.000000 0.000000
vn 0.000000 -1.000000 0.000000
vn 0.000000 -1.000000 0.000000
vn 0.000000 -1.000000 0.000000
vn 0.000000 -1.000000 0.000000
vn 0.000000 -1.000000 0.000000
vn 0.000000 -1.000000 0.000000
vn 0.000000 -1.000000 0.000000
vn 0.000000 -1.000000 0.000000
vn 0.000000 -1.000000 0.000000
vn 0.000000 -1.000000 0.000000
vn 0.000000 -1.000000 0.000000
vn 0.000000 -1.000000 0.000000
vn 0.000000 -1.000000 0.000000
vn 0.000000 -1.000000 0.000000
vn 0.000000 -1.000000 0.000000
vn 0.000000 -1.000000 0.000000
vn 0.000000 -1.000000 0.000000
vn 0.151953 0.985074 0.080870
vn 0.228229 0.966001 0.121465
vn 0.444411 0.888824 0.111762
vn 0.444411 0.888824 0.111762
vn -1.000000 -0.000000 -0.000004
vn -1.000000 -0.000000 -0.000004
vn -1.000000 -0.000000 -0.000004
vn -1.000000 -0.000000 -0.000004
vn -1.000000 -0.000000 -0.000004
vn -1.000000 -0.000000 -0.000004
vn -1.000000 -0.000000 -0.000004
vn -1.000000 -0.000000 -0.000004
vn -1.000000 -0.000000 -0.000004
vn -1.000000 -0.000000 -0.000004
vn 0.000004 0.036199 -0.999345
vn 0.000004 -0.205820 -0.978590
vn 0.000004 -0.205820 -0.978590
vn 0.000004 0.036199 -0.999345
vn -0.000000 1.000000 -0.000000
vn -0.000000 1.000000 -0.000000
vn -0.000000 1.000000 -0.000000
vn -0.000000 1.000000 -0.000000
vn -0.000000 1.000000 -0.000000
vn -0.000000 1.000000 -0.000000
vn -0.000000 1.000000 -0.000000
vn -0.000000 1.000000 -0.000000
vn -0.000000 1.000000 -0.000000
vn -0.000000 1.000000 -0.000000
vn 1.000000 0.000000 0.000004
vn 1.000000 0.000000 0.000004
vn 1.000000 0.000000 0.000004
vn 1.000000 0.000000 0.000004
vn 1.000000 0.000000 0.000004
vn 1.000000 0.000000 0.000004
vn 1.000000 0.000000 0.000004
vn 1.000000 0.000000 0.000004
vn 1.000000 0.000000 0.000004
vn 1.000000 0.000000 0.000004
vn 1.000000 0.000000 0.000004
vn 1.000000 0.000000 0.000004
vn 0.228982 0.969577 -0.086527
vn 0.445796 0.891591 -0.079566
vn 0.445796 0.891591 -0.079566
vn 0.228982 0.969577 -0.086527
vn -0.228981 0.969577 -0.086529
vn -0.228981 0.969577 -0.086529
vn -0.445795 0.891591 -0.079570
vn -0.445795 0.891591 -0.079570
vn -0.000000 1.000000 -0.000000
vn -0.151954 0.985074 0.080869
vn 0.151953 0.985074 0.080870
vn -0.000000 1.000000 -0.000000
vn -1.000000 -0.000000 -0.000004
vn -1.000000 -0.000000 -0.000004
vn -1.000000 -0.000000 -0.000004
vn -1.000000 -0.000000 -0.000004
vn -1.000000 -0.000000 -0.000004
vn -1.000000 -0.000000 -0.000004
vn -1.000000 -0.000000 -0.000004
vn -1.000000 -0.000000 -0.000004
vn -1.000000 -0.000000 -0.000004
vn -1.000000 -0.000000 -0.000004
vn -1.000000 -0.000000 -0.000004
vn -1.000000 -0.000000 -0.000004
vn -0.000000 1.000000 -0.000000
vn -0.000000 1.000000 -0.000000
vn -0.000000 1.000000 -0.000000
vn -0.000000 1.000000 -0.000000
vn -0.000000 1.000000 -0.000000
vn -0.000000 1.000000 -0.000000
vn -0.000000 1.000000 -0.000000
vn -0.000000 1.000000 -0.000000
vn -0.000000 1.000000 -0.000000
vn -0.000000 1.000000 -0.000000
vn -0.000000 1.000000 -0.000000
vn -0.000000 1.000000 -0.000000
vn -0.000000 1.000000 -0.000000
vn -0.000000 1.000000 -0.000000
vn -0.000000 1.000000 -0.000000
vn -0.000000 1.000000 -0.000000
vn 1.000000 0.000000 0.000004
vn 1.000000 0.000000 0.000004
vn 1.000000 0.000000 0.000004
vn 1.000000 0.000000 0.000004
vn 0.115481 0.461941 0.879360
vn 0.038549 0.465711 0.884097
vn 0.115481 0.461941 0.879360
vn 0.057836 0.465028 0.883405
vn -0.000004 0.466557 0.884491
vn -0.000004 0.466557 0.884491
vn -0.444413 0.888824 0.111758
vn -0.444413 0.888824 0.111758
vn -0.228230 0.966001 0.121463
vn -0.151954 0.985074 0.080869
vn 1.000000 0.000000 0.000004
vn 1.000000 0.000000 0.000004
vn 1.000000 0.000000 0.000004
vn 1.000000 0.000000 0.000004
vn 1.000000 0.000000 0.000004
vn 1.000000 0.000000 0.000004
vn 1.000000 0.000000 0.000004
vn 1.000000 0.000000 0.000004
vn 1.000000 0.000000 0.000004
vn 1.000000 0.000000 0.000004
vn -0.151954 0.985074 0.080869
vn -0.228230 0.966001 0.121463
vn 0.228229 0.966001 0.121465
vn 0.151953 0.985074 0.080870
vn -1.000000 -0.000000 -0.000004
vn -1.000000 -0.000000 -0.000004
vn -1.000000 -0.000000 -0.000004
vn -1.000000 -0.000000 -0.000004
vn -1.000000 -0.000000 -0.000004
vn -1.000000 -0.000000 -0.000004
vn -0.000004 0.099504 0.995037
vn -0.000004 0.099504 0.995037
vn -0.000004 0.099504 0.995037
vn -0.000004 0.099504 0.995037
vn -0.000004 0.000000 1.000000
vn -0.000004 0.000000 1.000000
vn -0.000004 0.000000 1.000000
vn -0.000004 0.000000 1.000000
vn -0.000004 -0.481236 0.876591
vn -0.000004 -0.481236 0.876591
vn -0.000004 -0.481236 0.876591
vn -0.000004 -0.481236 0.876591
vn -0.065096 0.533176 -0.843496
vn 0.000004 0.544358 -0.838853
vn 0.000004 0.544358 -0.838853
vn -0.043386 0.537171 -0.842357
vn -0.129910 0.519656 -0.844441
vn -0.129910 0.519656 -0.844441
vn 0.043393 0.537171 -0.842357
vn 0.000004 0.544358 -0.838853
vn 0.000004 0.544358 -0.838853
vn 0.065103 0.533176 -0.843496
vn 0.129918 0.519656 -0.844440
vn 0.129918 0.519656 -0.844440
vn 1.000000 0.000000 0.000004
vn 1.000000 0.000000 0.000004
vn 1.000000 0.000000 0.000004
vn 1.000000 0.000000 0.000004
vn 0.000004 -0.000000 -1.000000
vn 0.000004 -0.000000 -1.000000
vn 0.000004 -0.000000 -1.000000
vn 0.000004 -0.000000 -1.000000
vn -0.000004 -0.481236 0.876591
vn -0.000004 -0.481236 0.876591
vn -0.000004 -0.481236 0.876591
vn -0.000004 -0.481236 0.876591
vn -0.000004 0.000000 1.000000
vn -0.000004 0.000000 1.000000
vn -0.000004 0.000000 1.000000
vn -0.000004 0.000000 1.000000
vn 0.000004 -0.435696 -0.900094
vn 0.000004 -0.435696 -0.900094
vn 0.000004 -0.435696 -0.900094
vn 0.000004 -0.205820 -0.978590
vn -1.000000 -0.000000 -0.000004
vn -1.000000 -0.000000 -0.000004
vn -1.000000 -0.000000 -0.000004
vn -1.000000 -0.000000 -0.000004
vn -1.000000 -0.000000 -0.000004
vn -1.000000 -0.000000 -0.000004
vn -1.000000 -0.000000 -0.000004
vn -1.000000 -0.000000 -0.000004
vn 0.000004 -0.205820 -0.978590
vn 0.000004 -0.435696 -0.900094
vn 0.000004 -0.435696 -0.900094
vn 0.000004 -0.435696 -0.900094
vn -0.115489 0.461941 0.879359
vn -0.057843 0.465028 0.883404
vn -0.115489 0.461941 0.879359
vn -0.038556 0.465711 0.884096
vn -0.000004 0.466557 0.884491
vn -0.000004 0.466557 0.884491
vn -1.000000 -0.000000 -0.000004
vn -1.000000 -0.000000 -0.000004
vn -1.000000 -0.000000 -0.000004
vn -1.000000 -0.000000 -0.000004
vn 0.000004 -0.000000 -1.000000
vn 0.000004 -0.000000 -1.000000
vn 0.000004 -0.000000 -1.000000
vn 0.000004 -0.000000 -1.000000
vn 1.000000 0.000000 0.000004
vn 1.000000 0.000000 0.000004
vn 1.000000 0.000000 0.000004
vn 1.000000 0.000000 0.000004
vn -0.000046 0.999161 0.040947
vn -0.000000 0.998020 0.062895
vn -0.000000 0.998020 0.062895
vn -0.000000 0.999153 0.041143
vn -0.000000 0.999953 0.009686
vn -0.000046 0.999955 0.009490
vn 0.000050 0.999952 -0.009842
vn -0.000000 0.999954 -0.009632
vn -0.000000 0.999184 0.040390
vn -0.000000 0.998020 0.062894
vn -0.000000 0.998020 0.062895
vn -0.000046 0.999177 0.040571
vn -0.000046 0.999958 0.009113
vn -0.000000 0.999960 0.008933
vn -0.000000 0.999945 -0.010513
vn 0.000050 0.999947 -0.010283
vn 0.000000 0.998020 -0.062895
vn 0.000000 0.999156 -0.041089
vn 0.000000 0.998020 -0.062895
vn 0.000050 0.999147 -0.041299
vn 0.000050 0.999952 -0.009842
vn -0.000000 0.999954 -0.009632
vn 0.000000 0.998020 -0.062895
vn 0.000050 0.999129 -0.041739
vn 0.000000 0.998020 -0.062895
vn 0.000000 0.999119 -0.041969
vn -0.000000 0.999945 -0.010513
vn 0.000050 0.999947 -0.010283
vn 0.000000 -0.998930 -0.046240
vn 0.000000 -0.998930 -0.046240
vn 0.000000 -0.999525 -0.030834
vn 0.000000 -0.999525 -0.030834
vn 0.000000 -0.999525 -0.030834
vn 0.000000 -0.999525 -0.030834
vn 0.000000 -0.998930 -0.046240
vn 0.000000 -0.998930 -0.046240
vn -0.000000 -0.999018 0.044316
vn -0.000000 -0.999018 0.044316
vn 0.000000 -0.999563 0.029550
vn 0.000000 -0.999563 0.029550
vn 0.000000 -0.999563 0.029550
vn 0.000000 -0.999563 0.029550
vn -0.000000 -0.999018 0.044316
vn -0.000000 -0.999018 0.044316
vn 0.000050 0.999952 -0.009842
vn 0.000050 0.999947 -0.010283
vn -0.000046 0.999958 0.009113
vn -0.000046 0.999955 0.009490
vn -0.000004 -0.149819 0.988713
vn -0.000004 -0.149817 0.988714
vn 0.001259 -0.070096 0.997539
vn 0.000627 -0.070276 0.997527
vn -0.000004 -0.149823 0.988713
vn 0.001255 0.009716 0.999952
vn 0.002515 0.010076 0.999946
vn -0.001264 0.009716 0.999952
vn -0.000636 -0.070278 0.997527
vn -0.000004 -0.149824 0.988713
vn -0.002523 0.010076 0.999946
vn -0.001268 -0.070100 0.997539
vn 0.000000 -1.000000 0.000000
vn 0.000000 -1.000000 0.000000
vn 0.000000 -1.000000 0.000000
vn 0.000000 -1.000000 0.000000
vn 0.000000 -1.000000 0.000000
vn 0.000000 -1.000000 0.000000
vn 0.000000 -1.000000 0.000000
vn 0.000000 -1.000000 0.000000
vn -0.000004 0.466557 0.884491
vn -0.038556 0.465711 0.884096
vn 0.038549 0.465711 0.884097
vn -0.000004 0.466557 0.884491
vn 0.000000 -1.000000 0.000000
vn 0.000000 -1.000000 0.000000
vn 0.000000 -0.999525 -0.030834
vn 0.000000 -0.999525 -0.030834
vn 0.000000 -0.999563 0.029550
vn 0.000000 -0.999563 0.029550
vn 0.000000 -0.999563 0.029550
vn 0.000000 -0.999563 0.029550
vn 0.000004 -0.000000 -1.000000
vn 0.000004 -0.000000 -1.000000
vn 0.000004 -0.000000 -1.000000
vn 0.000004 -0.000000 -1.000000
vn -0.000004 0.000000 1.000000
vn -0.000004 0.000000 1.000000
vn -0.000004 0.000000 1.000000
vn -0.000004 0.000000 1.000000
vn -0.000000 1.000000 -0.000000
vn -0.000000 1.000000 -0.000000
vn -0.000000 1.000000 -0.000000
vn -0.000000 1.000000 -0.000000
vn 1.000000 0.000000 0.000004
vn 1.000000 0.000000 0.000004
vn 1.000000 0.000000 0.000004
vn 1.000000 0.000000 0.000004
vn -1.000000 -0.000000 -0.000004
vn -1.000000 -0.000000 -0.000004
vn -1.000000 -0.000000 -0.000004
vn -1.000000 -0.000000 -0.000004
vn -0.000004 0.000000 1.000000
vn -0.000004 0.000000 1.000000
vn -0.000004 0.000000 1.000000
vn -0.000004 0.000000 1.000000
vn 0.000000 -0.996529 -0.083252
vn 0.000000 -0.996529 -0.083252
vn 0.000000 -0.996529 -0.083252
vn 0.000000 -0.996529 -0.083252
vn -0.000000 0.996529 0.083252
vn -0.000000 0.996529 0.083252
vn -0.000000 0.996529 0.083252
vn -0.000000 0.996529 0.083252
vn 1.000000 0.000000 0.000004
vn 1.000000 0.000000 0.000004
vn 1.000000 0.000000 0.000004
vn 1.000000 0.000000 0.000004
vn -0.045705 -0.000000 -0.998955
vn -0.091319 -0.000000 -0.995822
vn -0.091319 -0.000000 -0.995822
vn -0.045705 -0.000000 -0.998955
vn 0.044814 -0.000000 -0.998995
vn 0.044814 -0.000000 -0.998995
vn 0.089533 -0.000000 -0.995984
vn 0.089533 -0.000000 -0.995984
vn -1.000000 -0.000000 -0.000004
vn -1.000000 -0.000000 -0.000004
vn -1.000000 -0.000000 -0.000004
vn -1.000000 -0.000000 -0.000004
vn -0.044814 0.000000 0.998995
vn -0.089533 0.000000 0.995984
vn -0.089533 0.000000 0.995984
vn -0.044814 0.000000 0.998995
vn 0.045705 0.000000 0.998955
vn 0.045705 0.000000 0.998955
vn 0.091319 0.000000 0.995822
vn 0.091319 0.000000 0.995822
vn 0.000000 -1.000000 0.000000
vn 0.000000 -1.000000 0.000000
vn 0.000000 -1.000000 0.000000
vn 0.000000 -1.000000 0.000000
vn 0.000000 -1.000000 0.000000
vn 0.000000 -1.000000 0.000000
vn 0.000000 -1.000000 0.000000
vn 0.000000 -1.000000 0.000000
vn -0.000000 1.000000 -0.000000
vn -0.000000 1.000000 -0.000000
vn -0.000000 1.000000 -0.000000
vn -0.000000 1.000000 -0.000000
vn -0.000000 1.000000 -0.000000
vn -0.000000 1.000000 -0.000000
vn -0.000000 1.000000 -0.000000
vn -0.000000 1.000000 -0.000000
vn -1.000000 -0.000000 -0.000004
vn -1.000000 -0.000000 -0.000004
vn -1.000000 -0.000000 -0.000004
vn -1.000000 -0.000000 -0.000004
vn 0.045704 0.000000 0.998955
vn 0.091317 0.000000 0.995822
vn 0.091317 0.000000 0.995822
vn 0.045704 0.000000 0.998955
vn -0.044815 0.000000 0.998995
vn -0.044815 0.000000 0.998995
vn -0.089535 0.000000 0.995984
vn -0.089535 0.000000 0.995984
vn 1.000000 0.000000 0.000004
vn 1.000000 0.000000 0.000004
vn 1.000000 0.000000 0.000004
vn 1.000000 0.000000 0.000004
vn 0.044815 -0.000000 -0.998995
vn 0.089535 -0.000000 -0.995984
vn 0.089535 -0.000000 -0.995984
vn 0.044815 -0.000000 -0.998995
vn -0.045704 -0.000000 -0.998955
vn -0.045704 -0.000000 -0.998955
vn -0.091317 -0.000000 -0.995822
vn -0.091317 -0.000000 -0.995822
vn 0.000000 -1.000000 0.000000
vn 0.000000 -1.000000 0.000000
vn 0.000000 -1.000000 0.000000
vn 0.000000 -1.000000 0.000000
vn 0.000000 -1.000000 0.000000
vn 0.000000 -1.000000 0.000000
vn 0.000000 -1.000000 0.000000
vn 0.000000 -1.000000 0.000000
vn -0.000000 1.000000 -0.000000
vn -0.000000 1.000000 -0.000000
vn -0.000000 1.000000 -0.000000
vn -0.000000 1.000000 -0.000000
vn -0.000000 1.000000 -0.000000
vn -0.000000 1.000000 -0.000000
vn -0.000000 1.000000 -0.000000
vn -0.000000 1.000000 -0.000000
f 1/1/1 2/2/2 3/3/3
f 4/4/4 5/5/5 6/6/6
f 7/7/7 8/8/8 9/9/9
f 10/10/10 9/9/9 11/11/11
f 12/12/12 13/13/13 14/14/14
f 15/15/15 16/16/16 17/17/17
f 18/18/18 19/19/19 20/20/20
f 21/21/21 22/22/22 23/23/23
f 24/24/24 25/25/25 26/26/26
f 27/27/27 28/28/28 29/29/29
f 30/30/30 31/31/31 32/32/32
f 33/33/33 34/34/34 35/35/35
f 36/36/36 37/37/37 38/38/38
f 39/39/39 40/40/40 41/41/41
f 42/42/42 43/43/43 44/44/44
f 45/45/45 46/46/46 47/47/47
f 48/48/48 49/49/49 50/50/50
f 48/48/48 50/50/50 51/51/51
f 52/52/52 48/48/48 51/51/51
f 50/50/50 53/53/53 51/51/51
f 50/50/50 54/54/54 53/53/53
f 51/51/51 53/53/53 55/55/55
f 52/52/52 51/51/51 56/56/56
f 51/51/51 55/55/55 56/56/56
f 57/57/57 52/52/52 56/56/56
f 56/56/56 55/55/55 58/58/58
f 57/57/57 56/56/56 59/59/59
f 56/56/56 58/58/58 59/59/59
f 60/60/60 57/57/57 59/59/59
f 59/59/59 58/58/58 61/61/61
f 60/60/60 59/59/59 62/62/62
f 59/59/59 61/61/61 62/62/62
f 63/63/63 60/60/60 62/62/62
f 63/63/63 62/62/62 64/64/64
f 62/62/62 65/65/65 64/64/64
f 62/62/62 61/61/61 65/65/65
f 61/61/61 66/66/66 65/65/65
f 61/61/61 67/67/67 66/66/66
f 67/67/67 68/68/68 66/66/66
f 67/67/67 69/69/69 68/68/68
f 70/70/70 69/69/69 67/67/67
f 70/70/70 67/67/67 71/71/71
f 72/72/72 73/73/73 74/74/74
f 72/72/72 74/74/74 75/75/75
f 74/74/74 76/76/76 75/75/75
f 74/74/74 77/77/77 76/76/76
f 78/78/78 79/79/79 80/80/80
f 78/78/78 80/80/80 81/81/81
f 82/82/82 78/78/78 81/81/81
f 82/82/82 81/81/81 83/83/83
f 84/84/84 82/82/82 83/83/83
f 84/84/84 83/83/83 85/85/85
f 86/86/86 87/87/87 88/88/88
f 86/86/86 88/88/88 89/89/89
f 88/88/88 90/90/90 89/89/89
f 88/88/88 91/91/91 90/90/90
f 92/92/92 93/93/93 94/94/94
f 92/92/92 94/94/94 95/95/95
f 96/96/96 92/92/92 95/95/95
f 94/94/94 97/97/97 95/95/95
f 94/94/94 98/98/98 97/97/97
f 98/98/98 99/99/99 97/97/97
f 95/95/95 97/97/97 100/100/100
f 98/98/98 101/101/101 99/99/99
f 96/96/96 95/95/95 102/102/102
f 95/95/95 100/100/100 102/102/102
f 103/103/103 96/96/96 102/102/102
f 102/102/102 100/100/100 104/104/104
f 101/101/101 105/105/105 99/99/99
f 101/101/101 106/106/106 105/105/105
f 107/107/107 99/99/99 105/105/105
f 107/107/107 105/105/105 108/108/108
f 103/103/103 102/102/102 109/109/109
f 102/102/102 104/104/104 109/109/109
f 110/110/110 103/103/103 109/109/109
f 109/109/109 104/104/104 111/111/111
f 110/110/110 109/109/109 112/112/112
f 109/109/109 111/111/111 112/112/112
f 113/113/113 110/110/110 112/112/112
f 112/112/112 111/111/111 114/114/114
f 113/113/113 112/112/112 115/115/115
f 112/112/112 114/114/114 115/115/115
f 116/116/116 117/117/117 118/118/118
f 116/116/116 118/118/118 119/119/119
f 119/119/119 118/118/118 120/120/120
f 119/119/119 120/120/120 121/121/121
f 122/122/122 123/123/123 124/124/124
f 122/122/122 124/124/124 125/125/125
f 125/125/125 124/124/124 126/126/126
f 122/122/122 125/125/125 127/127/127
f 122/122/122 127/127/127 128/128/128
f 125/125/125 129/129/129 127/127/127
f 125/125/125 126/126/126 130/130/130
f 125/125/125 130/130/130 129/129/129
f 130/130/130 126/126/126 131/131/131
f 130/130/130 132/132/132 129/129/129
f 130/130/130 131/131/131 133/133/133
f 130/130/130 133/133/133 132/132/132
f 134/134/134 135/135/135 136/136/136
f 134/134/134 137/137/137 135/135/135
f 138/138/138 137/137/137 134/134/134
f 137/137/137 139/139/139 135/135/135
f 138/138/138 140/140/140 137/137/137
f 141/141/141 140/140/140 138/138/138
f 137/137/137 142/142/142 139/139/139
f 140/140/140 142/142/142 137/137/137
f 142/142/142 143/143/143 139/139/139
f 142/142/142 144/144/144 143/143/143
f 145/145/145 144/144/144 142/142/142
f 140/140/140 145/145/145 142/142/142
f 145/145/145 146/146/146 144/144/144
f 141/141/141 147/147/147 140/140/140
f 147/147/147 145/145/145 140/140/140
f 148/148/148 147/147/147 141/141/141
f 149/149/149 146/146/146 145/145/145
f 147/147/147 149/149/149 145/145/145
f 149/149/149 150/150/150 146/146/146
f 148/148/148 151/151/151 147/147/147
f 151/151/151 149/149/149 147/147/147
f 152/152/152 151/151/151 148/148/148
f 152/152/152 153/153/153 151/151/151
f 154/154/154 150/150/150 149/149/149
f 151/151/151 154/154/154 149/149/149
f 153/153/153 154/154/154 151/151/151
f 154/154/154 155/155/155 150/150/150
f 153/153/153 156/156/156 154/154/154
f 156/156/156 155/155/155 154/154/154
f 156/156/156 157/157/157 155/155/155
f 158/158/158 159/159/159 160/160/160
f 158/158/158 160/160/160 161/161/161
f 162/162/162 163/163/163 164/164/164
f 162/162/162 164/164/164 165/165/165
f 165/165/165 164/164/164 166/166/166
f 165/165/165 166/166/166 167/167/167
f 167/167/167 166/166/166 168/168/168
f 167/167/167 168/168/168 169/169/169
f 169/169/169 168/168/168 170/170/170
f 169/169/169 170/170/170 171/171/171
f 172/172/172 173/173/173 174/174/174
f 172/172/172 174/174/174 175/175/175
f 176/176/176 177/177/177 178/178/178
f 176/176/176 178/178/178 179/179/179
f 180/180/180 176/176/176 179/179/179
f 180/180/180 179/179/179 181/181/181
f 182/182/182 180/180/180 181/181/181
f 182/182/182 181/181/181 183/183/183
f 184/184/184 182/182/182 183/183/183
f 184/184/184 183/183/183 185/185/185
f 186/186/186 187/187/187 188/188/188
f 186/186/186 189/189/189 187/187/187
f 189/189/189 190/190/190 187/187/187
f 189/189/189 191/191/191 190/190/190
f 187/187/187 190/190/190 192/192/192
f 187/187/187 192/192/192 193/193/193
f 193/193/193 192/192/192 194/194/194
f 193/193/193 194/194/194 195/195/195
f 196/196/196 193/193/193 195/195/195
f 196/196/196 195/195/195 197/197/197
f 198/198/198 199/199/199 200/200/200
f 198/198/198 201/201/201 199/199/199
f 202/202/202 201/201/201 198/198/198
f 202/202/202 203/203/203 201/201/201
f 204/204/204 203/203/203 202/202/202
f 204/204/204 205/205/205 203/203/203
f 206/206/206 207/207/207 208/208/208
f 206/206/206 208/208/208 209/209/209
f 210/210/210 211/211/211 212/212/212
f 210/210/210 213/213/213 211/211/211
f 213/213/213 214/214/214 211/211/211
f 213/213/213 215/215/215 214/214/214
f 216/216/216 211/211/211 214/214/214
f 216/216/216 214/214/214 217/217/217
f 216/216/216 217/217/217 218/218/218
f 216/216/216 218/218/218 219/219/219
f 220/220/220 216/216/216 219/219/219
f 220/220/220 219/219/219 221/221/221
f 222/222/222 223/223/223 224/224/224
f 222/222/222 224/224/224 225/225/225
f 226/226/226 227/227/227 228/228/228
f 226/226/226 228/228/228 229/229/229
f 230/230/230 231/231/231 232/232/232
f 230/230/230 232/232/232 233/233/233
f 234/234/234 235/235/235 236/236/236
f 234/234/234 236/236/236 237/237/237
f 238/238/238 239/239/239 240/240/240
f 238/238/238 240/240/240 241/241/241
f 242/242/242 243/243/243 244/244/244
f 242/242/242 245/245/245 243/243/243
f 245/245/245 246/246/246 243/243/243
f 245/245/245 247/247/247 246/246/246
f 248/248/248 249/249/249 250/250/250
f 248/248/248 250/250/250 251/251/251
f 252/252/252 253/253/253 254/254/254
f 252/252/252 255/255/255 253/253/253
f 256/256/256 255/255/255 252/252/252
f 256/256/256 257/257/257 255/255/255
f 258/258/258 257/257/257 256/256/256
f 258/258/258 259/259/259 257/257/257
f 260/260/260 259/259/259 258/258/258
f 260/260/260 261/261/261 259/259/259
f 262/262/262 263/263/263 264/264/264
f 262/262/262 264/264/264 265/265/265
f 266/266/266 267/267/267 268/268/268
f 266/266/266 269/269/269 267/267/267
f 270/270/270 269/269/269 266/266/266
f 270/270/270 271/271/271 269/269/269
f 272/272/272 273/273/273 274/274/274
f 272/272/272 274/274/274 275/275/275
f 276/276/276 277/277/277 278/278/278
f 276/276/276 278/278/278 279/279/279
f 280/280/280 281/281/281 282/282/282
f 280/280/280 282/282/282 283/283/283
f 284/284/284 285/285/285 286/286/286
f 284/284/284 286/286/286 287/287/287
f 288/288/288 284/284/284 287/287/287
f 288/288/288 287/287/287 289/289/289
f 290/290/290 291/291/291 292/292/292
f 290/290/290 292/292/292 293/293/293
f 294/294/294 290/290/290 293/293/293
f 294/294/294 293/293/293 295/295/295
f 296/296/296 297/297/297 298/298/298
f 296/296/296 298/298/298 299/299/299
f 300/300/300 301/301/301 302/302/302
f 300/300/300 302/302/302 303/303/303
f 304/304/304 305/305/305 306/306/306
f 304/304/304 306/306/306 307/307/307
f 308/308/308 309/309/309 310/310/310
f 308/308/308 310/310/310 311/311/311
f 312/312/312 313/313/313 314/314/314
f 312/312/312 314/314/314 315/315/315
f 316/316/316 317/317/317 318/318/318
f 316/316/316 318/318/318 319/319/319
f 320/320/320 321/321/321 322/322/322
f 320/320/320 322/322/322 323/323/323
f 324/324/324 325/325/325 326/326/326
f 324/324/324 326/326/326 327/327/327
f 328/328/328 329/329/329 330/330/330
f 328/328/328 331/331/331 329/329/329
f 331/331/331 332/332/332 329/329/329
f 331/331/331 333/333/333 332/332/332
f 334/334/334 335/335/335 336/336/336
f 334/334/334 336/336/336 337/337/337
f 338/338/338 339/339/339 340/340/340
f 338/338/338 340/340/340 341/341/341
f 342/342/342 343/343/343 344/344/344
f 342/342/342 344/344/344 345/345/345
f 346/346/346 347/347/347 348/348/348
f 346/346/346 348/348/348 349/349/349
f 346/346/346 349/349/349 350/350/350
f 346/346/346 350/350/350 351/351/351
f 352/352/352 351/351/351 350/350/350
f 352/352/352 350/350/350 353/353/353
f 354/354/354 355/355/355 356/356/356
f 354/354/354 356/356/356 357/357/357
f 354/354/354 357/357/357 358/358/358
f 354/354/354 358/358/358 359/359/359
f 360/360/360 359/359/359 358/358/358
f 360/360/360 358/358/358 361/361/361
f 362/362/362 363/363/363 364/364/364
f 362/362/362 365/365/365 363/363/363
f 366/366/366 363/363/363 365/365/365
f 366/366/366 367/367/367 363/363/363
f 368/368/368 369/369/369 370/370/370
f 368/368/368 371/371/371 369/369/369
f 372/372/372 369/369/369 371/371/371
f 372/372/372 373/373/373 369/369/369
f 374/374/374 375/375/375 376/376/376
f 374/374/374 376/376/376 377/377/377
f 378/378/378 379/379/379 380/380/380
f 378/378/378 380/380/380 381/381/381
f 382/382/382 383/383/383 384/384/384
f 382/382/382 384/384/384 385/385/385
f 386/386/386 387/387/387 388/388/388
f 386/386/386 388/388/388 389/389/389
f 390/390/390 391/391/391 392/392/392
f 390/390/390 392/392/392 393/393/393
f 394/394/394 395/395/395 396/396/396
f 394/394/394 396/396/396 397/397/397
f 398/398/398 394/394/394 397/397/397
f 396/396/396 399/399/399 397/397/397
f 396/396/396 400/400/400 399/399/399
f 397/397/397 399/399/399 401/401/401
f 398/398/398 397/397/397 402/402/402
f 397/397/397 401/401/401 402/402/402
f 403/403/403 398/398/398 402/402/402
f 402/402/402 401/401/401 404/404/404
f 403/403/403 402/402/402 405/405/405
f 402/402/402 404/404/404 405/405/405
f 406/406/406 407/407/407 408/408/408
f 406/406/406 409/409/409 407/407/407
f 410/410/410 409/409/409 406/406/406
f 410/410/410 411/411/411 409/409/409
f 412/412/412 411/411/411 410/410/410
f 412/412/412 413/413/413 411/411/411
f 414/414/414 415/415/415 416/416/416
f 414/414/414 416/416/416 417/417/417
f 418/418/418 419/419/419 420/420/420
f 418/418/418 420/420/420 421/421/421
f 422/422/422 423/423/423 424/424/424
f 422/422/422 424/424/424 425/425/425
f 426/426/426 427/427/427 428/428/428
f 426/426/426 428/428/428 429/429/429
f 430/430/430 431/431/431 432/432/432
f 430/430/430 432/432/432 433/433/433
f 434/434/434 435/435/435 436/436/436
f 434/434/434 436/436/436 437/437/437
f 438/438/438 439/439/439 440/440/440
f 438/438/438 440/440/440 441/441/441
f 442/442/442 443/443/443 444/444/444
f 442/442/442 444/444/444 445/445/445
f 446/446/446 447/447/447 448/448/448
f 446/446/446 448/448/448 449/449/449
f 450/450/450 451/451/451 452/452/452
f 450/450/450 452/452/452 453/453/453
f 454/454/454 455/455/455 456/456/456
f 454/454/454 456/456/456 457/457/457
f 458/458/458 459/459/459 460/460/460
f 458/458/458 460/460/460 461/461/461
f 462/462/462 463/463/463 464/464/464
f 462/462/462 465/465/465 463/463/463
f 466/466/466 465/465/465 462/462/462
f 466/466/466 467/467/467 465/465/465
f 468/468/468 467/467/467 466/466/466
f 468/468/468 469/469/469 467/467/467
f 470/470/470 471/471/471 472/472/472
f 470/470/470 472/472/472 473/473/473
f 474/474/474 475/475/475 476/476/476
f 474/474/474 477/477/477 475/475/475
f 478/478/478 477/477/477 474/474/474
f 478/478/478 479/479/479 477/477/477
f 480/480/480 479/479/479 478/478/478
f 480/480/480 481/481/481 479/479/479
f 482/482/482 483/483/483 484/484/484
f 482/482/482 484/484/484 485/485/485
f 486/486/486 482/482/482 485/485/485
f 486/486/486 485/485/485 487/487/487
f 488/488/488 486/486/486 487/487/487
f 488/488/488 487/487/487 489/489/489
f 490/490/490 491/491/491 492/492/492
f 490/490/490 492/492/492 493/493/493
f 494/494/494 490/490/490 493/493/493
f 494/494/494 493/493/493 495/495/495
f 496/496/496 494/494/494 495/495/495
f 496/496/496 495/495/495 497/497/497
f 498/498/498 499/499/499 500/500/500
f 498/498/498 500/500/500 501/501/501
f 502/502/502 503/503/503 504/504/504
f 502/502/502 505/505/505 503/503/503
f 506/506/506 505/505/505 502/502/502
f 506/506/506 507/507/507 505/505/505
f 508/508/508 507/507/507 506/506/506
f 508/508/508 509/509/509 507/507/507
f 510/510/510 511/511/511 512/512/512
f 510/510/510 512/512/512 513/513/513
f 514/514/514 515/515/515 516/516/516
f 514/514/514 517/517/517 515/515/515
f 518/518/518 517/517/517 514/514/514
f 518/518/518 519/519/519 517/517/517
f 520/520/520 519/519/519 518/518/518
f 520/520/520 521/521/521 519/519/519
f 522/522/522 523/523/523 524/524/524
f 522/522/522 524/524/524 525/525/525
f 526/526/526 522/522/522 525/525/525
f 526/526/526 525/525/525 527/527/527
f 528/528/528 526/526/526 527/527/527
f 528/528/528 527/527/527 529/529/529
f 530/530/530 531/531/531 532/532/532
f 530/530/530 532/532/532 533/533/533
f 534/534/534 530/530/530 533/533/533
f 534/534/534 533/533/533 535/535/535
f 536/536/536 534/534/534 535/535/535
f 536/536/536 535/535/535 537/537/537
