g Model_0
v 0.730287 0.628814 0.030304
v 0.366004 0.340370 0.030303
v 0.366008 0.340369 -0.974999
v 0.730287 0.628814 0.030304
v 0.730291 0.503813 -0.874997
v -0.730290 0.465370 0.874996
v -0.730290 0.164663 0.749996
v -0.730291 0.164663 0.939562
v -0.730290 0.465370 0.874996
v -0.730291 0.478492 1.060476
v 0.366000 0.465370 0.875001
v 0.366000 0.164663 0.750001
v 0.366002 0.164663 0.333335
v 0.366000 0.465370 0.875001
v 0.366003 0.628814 0.208335
v 0.730287 0.628814 0.030304
v 0.730286 0.164663 0.157091
v 0.366003 0.164663 0.157089
v 0.730287 0.628814 0.030304
v 0.366004 0.340370 0.030303
v 0.316466 0.646478 -1.066329
v 0.390889 0.721478 -1.066328
v 0.390889 0.646478 -1.066328
v 0.316466 0.646478 -1.066329
v -0.316457 0.646478 -1.066332
v 0.390889 0.721478 -1.066328
v -0.390880 0.433317 -1.066332
v -0.390880 0.499851 -1.066332
v 0.390889 0.499851 -1.066328
v -0.316457 0.646478 -0.991332
v -0.390880 0.721478 -0.991332
v -0.390880 0.646478 -0.991332
v -0.316457 0.646478 -0.991332
v 0.316465 0.646478 -0.991329
v -0.390880 0.721478 -0.991332
v -0.390880 0.499851 -0.991332
v -0.390880 0.433317 -0.991332
v -0.316457 0.433317 -0.991331
v -0.390880 0.646478 -0.991332
v -0.316457 0.499851 -0.991331
v -0.316457 0.646478 -0.991332
v -0.316457 0.433317 -0.991331
v 0.316465 0.433317 -0.991329
v -0.390880 0.499851 -0.991332
v 0.316465 0.433317 -0.991329
v 0.390889 0.433317 -0.991328
v 0.390889 0.433317 -0.991328
v 0.390889 0.499851 -0.991328
v -0.216457 0.851213 -1.022330
v -0.316457 0.721478 -1.066332
v -0.390880 0.721478 -1.066332
v 0.216466 0.851213 -1.022328
v 0.240889 0.932176 -0.996905
v -0.290880 0.851213 -1.022330
v 0.290889 0.214816 -1.041329
v 0.240889 0.136365 -1.032471
v -0.240880 0.136365 -1.032473
v 0.390889 0.433317 -1.066328
v 0.216466 0.214816 -1.041329
v 0.316466 0.433317 -1.066329
v -0.290880 0.214816 -1.041331
v -0.216457 0.214816 -1.041331
v -0.390880 0.433317 -1.066332
v -0.316457 0.433317 -1.066331
v -0.240880 0.136365 -1.032473
v -0.290880 0.214816 -1.041331
v 0.290889 0.214816 -1.041329
v -0.316457 0.433317 -1.066331
v -0.216457 0.214816 -1.041331
v -0.390880 0.499851 -1.066332
v -0.390880 0.433317 -1.066332
v -0.714989 0.508317 -0.977264
v -0.714989 0.508317 -0.902264
v -0.390880 0.433317 -0.991332
v -0.390880 0.499851 -0.991332
v -0.390880 0.646478 -0.991332
v -0.390880 0.721478 -0.991332
v -0.783858 0.721478 -0.881525
v 0.714997 0.508317 -0.977258
v 0.390889 0.433317 -1.066328
v 0.390889 0.499851 -1.066328
v 0.390889 0.646478 -1.066328
v 0.390889 0.721478 -1.066328
v 0.783866 0.721479 -0.956518
v -0.290880 0.214816 -0.966331
v -0.240880 0.136365 -0.957473
v 0.240889 0.136365 -0.957471
v 0.290889 0.214816 -0.966329
v 0.316465 0.433317 -0.991329
v 0.216465 0.214816 -0.966329
v 0.240889 0.136365 -0.957471
v -0.290880 0.214816 -0.966331
v -0.390880 0.433317 -0.991332
v -0.216457 0.214816 -0.966331
v -0.316457 0.433317 -0.991331
v 0.290889 0.214816 -0.966329
v 0.390889 0.433317 -0.991328
v 0.316465 0.433317 -0.991329
v 0.216465 0.851213 -0.947328
v 0.316465 0.721478 -0.991329
v 0.390889 0.721478 -0.991328
v -0.216457 0.851213 -0.947330
v -0.240881 0.932176 -0.921907
v 0.290888 0.851213 -0.947327
v 0.730287 0.821672 0.030304
v 0.730287 0.628814 0.030304
v 0.730291 0.503813 -0.874997
v 0.730291 0.696672 -0.874997
v -0.365999 0.696672 -0.975002
v -0.365999 0.340369 -0.975002
v -0.730283 0.503813 -0.875003
v -0.730283 0.696672 -0.875003
v -0.730287 0.821672 0.030298
v -0.730287 0.628813 0.030298
v -0.730288 0.628813 0.208330
v -0.730288 0.821672 0.208330
v -0.366003 0.340370 0.030300
v -0.730287 0.628813 0.030298
v -0.730283 0.503813 -0.875003
v -0.365999 0.340369 -0.975002
v 0.366008 0.696672 -0.974999
v 0.366008 0.795533 -0.889874
v 0.636330 0.795533 -0.789872
v 0.730291 0.696672 -0.874997
v -0.366008 0.478492 1.060478
v -0.366011 0.532529 1.824305
v -0.730295 0.588998 1.824304
v -0.730291 0.478492 1.060476
v 0.365996 0.771323 1.824308
v 0.365996 0.532530 1.824308
v 0.730279 0.588998 1.824310
v 0.730279 0.771323 1.824310
v 0.365999 0.717285 1.060481
v 0.365996 0.771323 1.824308
v 0.730279 0.771323 1.824310
v 0.730282 0.717285 1.060483
v -0.730291 0.478492 1.060476
v -0.730295 0.588998 1.824304
v -0.730295 0.771323 1.824304
v -0.730291 0.717285 1.060476
v 0.730282 0.717285 1.060483
v 0.730279 0.771323 1.824310
v 0.730279 0.588998 1.824310
v 0.730282 0.478492 1.060483
v 0.730291 0.696672 -0.874997
v 0.730291 0.503813 -0.874997
v 0.366008 0.340369 -0.974999
v 0.366008 0.696672 -0.974999
v 0.366008 0.696672 -0.974999
v 0.366008 0.340369 -0.974999
v -0.365999 0.340369 -0.975002
v -0.365999 0.696672 -0.975002
v -0.365999 0.696672 -0.975002
v -0.365999 0.795533 -0.889877
v 0.366008 0.795533 -0.889874
v 0.366008 0.696672 -0.974999
v -0.366004 0.821672 0.208332
v -0.366004 1.000000 0.083332
v -0.605287 1.000000 0.083331
v -0.730288 0.821672 0.208330
v 0.730282 0.478492 1.060483
v 0.730279 0.588998 1.824310
v 0.365996 0.532530 1.824308
v 0.365999 0.478492 1.060481
v -0.366004 0.821672 0.208332
v -0.366007 0.704163 0.874998
v 0.366000 0.704163 0.875001
v 0.366003 0.821672 0.208335
v -0.730295 0.771323 1.824304
v -0.730295 0.588998 1.824304
v -0.366011 0.532529 1.824305
v -0.366011 0.771323 1.824305
v -0.366011 0.771323 1.824305
v -0.366011 0.532529 1.824305
v 0.365996 0.532530 1.824308
v 0.365996 0.771323 1.824308
v -0.730291 0.717285 1.060476
v -0.730295 0.771323 1.824304
v -0.366011 0.771323 1.824305
v -0.366008 0.717285 1.060478
v -0.366008 0.717285 1.060478
v -0.366011 0.771323 1.824305
v 0.365996 0.771323 1.824308
v 0.365999 0.717285 1.060481
v 0.366003 0.005626 0.194556
v -0.366004 0.005626 0.192800
v -0.236114 0.005626 -0.625001
v 0.236120 0.005626 -0.624999
v 0.366003 0.164663 0.157089
v 0.366003 0.005626 0.194556
v 0.236120 0.005626 -0.624999
v 0.236121 0.164662 -0.790060
v 0.730284 0.164663 0.750003
v 0.730284 0.005626 0.712503
v 0.730285 0.005626 0.372132
v 0.730286 0.164663 0.333337
v -0.236124 0.164663 1.653541
v -0.236124 0.005626 1.574306
v 0.236111 0.005626 1.574308
v 0.236110 0.164663 1.653543
v 0.236121 0.164662 -0.790060
v 0.236120 0.005626 -0.624999
v -0.236114 0.005626 -0.625001
v -0.236113 0.164662 -0.790062
v 0.366000 0.704163 0.875001
v 0.365999 0.717285 1.060481
v 0.730282 0.717285 1.060483
v 0.730283 0.704164 0.875003
v -0.730290 0.465370 0.874996
v -0.730291 0.478492 1.060476
v -0.730291 0.717285 1.060476
v -0.730290 0.704163 0.874996
v 0.730283 0.704164 0.875003
v 0.730282 0.717285 1.060483
v 0.730282 0.478492 1.060483
v 0.730283 0.465370 0.875003
v 0.730282 0.478492 1.060483
v 0.730284 0.164663 0.750003
v 0.730283 0.164663 0.935483
v 0.730284 0.005626 0.712503
v 0.730283 0.005626 0.897983
v 0.366000 0.005626 0.897981
v 0.366001 0.005626 0.712501
v -0.730290 0.704163 0.874996
v -0.730291 0.717285 1.060476
v -0.366008 0.717285 1.060478
v -0.366007 0.704163 0.874998
v -0.366007 0.704163 0.874998
v -0.366008 0.717285 1.060478
v 0.365999 0.717285 1.060481
v 0.366000 0.704163 0.875001
v 0.730286 0.821672 0.208336
v 0.730286 0.628814 0.208336
v 0.730287 0.628814 0.030304
v 0.730287 0.821672 0.030304
v -0.730283 0.696672 -0.875003
v -0.730283 0.503813 -0.875003
v -0.730287 0.628813 0.030298
v -0.730287 0.821672 0.030298
v 0.366003 0.821672 0.208335
v 0.366003 1.000000 0.083335
v -0.366004 1.000000 0.083332
v -0.366004 0.821672 0.208332
v -0.236113 0.164662 -0.790062
v -0.236114 0.005626 -0.625001
v -0.366004 0.005626 0.192800
v -0.366004 0.164663 0.155300
v 0.730284 0.164663 0.750003
v 0.730286 0.164663 0.333337
v 0.366002 0.164663 0.333335
v 0.366000 0.164663 0.750001
v 0.730287 0.821672 0.030304
v 0.577787 1.000000 -0.094696
v 0.577787 1.000000 0.083336
v 0.730286 0.821672 0.208336
v -0.730287 0.821672 0.030298
v -0.605286 1.000000 -0.094701
v -0.636323 0.795533 -0.789878
v -0.730283 0.696672 -0.875003
v -0.730288 0.821672 0.208330
v -0.730288 0.628813 0.208330
v -0.366004 0.628813 0.208332
v -0.366004 0.821672 0.208332
v -0.366007 0.465370 0.874998
v -0.366007 0.704163 0.874998
v -0.366004 0.821672 0.208332
v -0.366004 0.628813 0.208332
v -0.730290 0.704163 0.874996
v -0.366007 0.704163 0.874998
v -0.366007 0.465370 0.874998
v -0.730290 0.465370 0.874996
v 0.730283 0.465370 0.875003
v 0.366000 0.465370 0.875001
v 0.366000 0.704163 0.875001
v 0.730283 0.704164 0.875003
v 0.366000 0.465370 0.875001
v 0.366003 0.628814 0.208335
v 0.366003 0.821672 0.208335
v 0.366000 0.704163 0.875001
v 0.730286 0.821672 0.208336
v 0.366003 0.821672 0.208335
v 0.366003 0.628814 0.208335
v 0.730286 0.628814 0.208336
v 0.366002 0.005626 0.372130
v 0.366001 0.005626 0.712501
v -0.366006 0.005626 0.712498
v -0.366005 0.005626 0.370832
v -0.366007 0.164663 0.939564
v -0.366007 0.005626 0.897978
v -0.236124 0.005626 1.574306
v -0.236124 0.164663 1.653541
v 0.730283 0.164663 0.935483
v 0.730283 0.005626 0.897983
v 0.730284 0.005626 0.712503
v 0.730284 0.164663 0.750003
v -0.730290 0.164663 0.749996
v -0.730290 0.005626 0.712496
v -0.730290 0.005626 0.897976
v -0.730291 0.164663 0.939562
v -0.730287 0.164663 0.155298
v -0.730287 0.005626 0.192798
v -0.730288 0.005626 0.370830
v -0.730288 0.164663 0.333330
v -0.730291 0.164663 0.939562
v -0.730290 0.005626 0.897976
v -0.366007 0.005626 0.897978
v -0.366007 0.164663 0.939564
v 0.730286 0.164663 0.333337
v 0.730285 0.005626 0.372132
v 0.730286 0.005626 0.194558
v 0.730286 0.164663 0.157091
v 0.366001 0.005626 0.712501
v 0.366002 0.005626 0.372130
v 0.730285 0.005626 0.372132
v 0.730284 0.005626 0.712503
v -0.366005 0.005626 0.370832
v -0.730288 0.005626 0.370830
v -0.730287 0.005626 0.192798
v -0.366004 0.005626 0.192800
v 0.730285 0.005626 0.372132
v 0.366002 0.005626 0.372130
v 0.366003 0.005626 0.194556
v 0.730286 0.005626 0.194558
v 0.366000 0.164663 0.935481
v 0.366000 0.005626 0.897981
v 0.730283 0.005626 0.897983
v 0.730283 0.164663 0.935483
v 0.366000 0.005626 0.897981
v 0.236111 0.005626 1.574308
v -0.236124 0.005626 1.574306
v -0.366007 0.005626 0.897978
v -0.730290 0.005626 0.712496
v -0.730290 0.164663 0.749996
v -0.730288 0.164663 0.333330
v -0.730288 0.005626 0.370830
v -0.730288 0.164663 0.333330
v -0.730290 0.164663 0.749996
v -0.366007 0.164663 0.749998
v -0.366005 0.164663 0.333332
v 0.236110 0.164663 1.653543
v 0.236111 0.005626 1.574308
v 0.366000 0.005626 0.897981
v 0.366000 0.164663 0.935481
v -0.366006 0.005626 0.712498
v -0.730290 0.005626 0.712496
v -0.730288 0.005626 0.370830
v -0.366005 0.005626 0.370832
v 0.366001 0.005626 0.712501
v 0.366000 0.005626 0.897981
v -0.366007 0.005626 0.897978
v -0.366006 0.005626 0.712498
v 0.730286 0.164663 0.157091
v 0.730286 0.005626 0.194558
v 0.366003 0.005626 0.194556
v 0.366003 0.164663 0.157089
v 0.366002 0.005626 0.372130
v -0.366005 0.005626 0.370832
v -0.366004 0.005626 0.192800
v 0.366003 0.005626 0.194556
v -0.366006 0.005626 0.712498
v -0.366007 0.005626 0.897978
v -0.730290 0.005626 0.897976
v -0.730290 0.005626 0.712496
v -0.366004 0.164663 0.155300
v -0.366004 0.005626 0.192800
v -0.730287 0.005626 0.192798
v -0.730287 0.164663 0.155298
v 0.366004 0.340370 0.030303
v 0.366003 0.164663 0.157089
v 0.236121 0.164662 -0.790060
v 0.366008 0.340369 -0.974999
v -0.366004 0.628813 0.208332
v -0.366005 0.164663 0.333332
v -0.366007 0.164663 0.749998
v -0.366007 0.465370 0.874998
v -0.366011 0.532529 1.824305
v -0.236124 0.164663 1.653541
v 0.236110 0.164663 1.653543
v 0.365996 0.532530 1.824308
v 0.366008 0.340369 -0.974999
v 0.236121 0.164662 -0.790060
v -0.236113 0.164662 -0.790062
v -0.365999 0.340369 -0.975002
v -0.365999 0.340369 -0.975002
v -0.236113 0.164662 -0.790062
v -0.366004 0.164663 0.155300
v -0.366003 0.340370 0.030300
v 0.366003 0.628814 0.208335
v 0.366002 0.164663 0.333335
v 0.730286 0.164663 0.333337
v 0.730286 0.628814 0.208336
v -0.366008 0.478492 1.060478
v -0.366007 0.164663 0.939564
v -0.236124 0.164663 1.653541
v -0.366011 0.532529 1.824305
v -0.730287 0.628813 0.030298
v -0.730287 0.164663 0.155298
v -0.730288 0.164663 0.333330
v -0.730288 0.628813 0.208330
v -0.730291 0.478492 1.060476
v -0.730291 0.164663 0.939562
v -0.366007 0.164663 0.939564
v -0.366008 0.478492 1.060478
v 0.730286 0.628814 0.208336
v 0.730286 0.164663 0.333337
v 0.730286 0.164663 0.157091
v 0.730287 0.628814 0.030304
v 0.730283 0.465370 0.875003
v 0.730284 0.164663 0.750003
v 0.366000 0.164663 0.750001
v 0.366000 0.465370 0.875001
v 0.365999 0.478492 1.060481
v 0.366000 0.164663 0.935481
v 0.730283 0.164663 0.935483
v 0.730282 0.478492 1.060483
v -0.730288 0.628813 0.208330
v -0.730288 0.164663 0.333330
v -0.366005 0.164663 0.333332
v -0.366004 0.628813 0.208332
v 0.365996 0.532530 1.824308
v 0.236110 0.164663 1.653543
v 0.366000 0.164663 0.935481
v 0.365999 0.478492 1.060481
v -0.366007 0.465370 0.874998
v -0.366007 0.164663 0.749998
v -0.730290 0.164663 0.749996
v -0.730290 0.465370 0.874996
v -0.366003 0.340370 0.030300
v -0.366004 0.164663 0.155300
v -0.730287 0.164663 0.155298
v -0.730287 0.628813 0.030298
v 0.366004 1.000000 -0.094697
v 0.577787 1.000000 -0.094696
v 0.636330 0.795533 -0.789872
v 0.366008 0.795533 -0.889874
v -0.605286 1.000000 -0.094701
v -0.366003 1.000000 -0.094700
v -0.365999 0.795533 -0.889877
v -0.636323 0.795533 -0.789878
v -0.730283 0.696672 -0.875003
v -0.636323 0.795533 -0.789878
v -0.365999 0.696672 -0.975002
v -0.366003 1.000000 -0.094700
v 0.366004 1.000000 -0.094697
v 0.366008 0.795533 -0.889874
v -0.365999 0.795533 -0.889877
v 0.366003 1.000000 0.083335
v 0.577787 1.000000 0.083336
v 0.577787 1.000000 -0.094696
v 0.366004 1.000000 -0.094697
v -0.605287 1.000000 0.083331
v -0.366004 1.000000 0.083332
v -0.366003 1.000000 -0.094700
v -0.605286 1.000000 -0.094701
v -0.366004 1.000000 0.083332
v 0.366003 1.000000 0.083335
v 0.366004 1.000000 -0.094697
v -0.366003 1.000000 -0.094700
v 0.730286 0.821672 0.208336
v 0.577787 1.000000 0.083336
v 0.366003 1.000000 0.083335
v 0.366003 0.821672 0.208335
v -0.730288 0.821672 0.208330
v -0.605287 1.000000 0.083331
v -0.605286 1.000000 -0.094701
v -0.730287 0.821672 0.030298
v 0.730291 0.696672 -0.874997
v 0.636330 0.795533 -0.789872
v 0.577787 1.000000 -0.094696
v 0.730287 0.821672 0.030304
v 0.316466 0.499851 -1.066329
v 0.316466 0.646478 -1.066329
v 0.390889 0.646478 -1.066328
v 0.390889 0.499851 -1.066328
v 0.390889 0.433317 -1.066328
v 0.316466 0.433317 -1.066329
v -0.316457 0.433317 -1.066331
v -0.390880 0.433317 -1.066332
v -0.390880 0.499851 -1.066332
v 0.316466 0.499851 -1.066329
v -0.316457 0.499851 -1.066331
v -0.714989 0.508317 -0.977264
v -0.714989 0.574851 -0.977264
v -0.783858 0.543939 -0.956525
v -0.316457 0.646478 -1.066332
v -0.390880 0.646478 -1.066332
v 0.390889 0.721478 -1.066328
v -0.390880 0.721478 -1.066332
v 0.316466 0.721478 -1.066329
v -0.316457 0.721478 -1.066332
v 0.290889 0.851213 -1.022327
v 0.216466 0.851213 -1.022328
v 0.240889 0.932176 -0.996905
v -0.290880 0.851213 -1.022330
v -0.216457 0.851213 -1.022330
v -0.240880 0.932176 -0.996907
v 0.316465 0.646478 -0.991329
v 0.390889 0.646478 -0.991328
v -0.390880 0.721478 -0.991332
v 0.390889 0.721478 -0.991328
v 0.290888 0.851213 -0.947327
v 0.216465 0.851213 -0.947328
v 0.240888 0.932176 -0.921905
v -0.240881 0.932176 -0.921907
v -0.290880 0.851213 -0.947330
v -0.316457 0.721478 -0.991332
v -0.216457 0.851213 -0.947330
v 0.390889 0.721478 -0.991328
v -0.316457 0.721478 -0.991332
v -0.390880 0.721478 -0.991332
v 0.316465 0.721478 -0.991329
v 0.390889 0.499851 -0.991328
v -0.316457 0.499851 -0.991331
v -0.390880 0.499851 -0.991332
v 0.316465 0.499851 -0.991329
v 0.316465 0.646478 -0.991329
v -0.316457 0.646478 -0.991332
v -0.316457 0.646478 -1.066332
v 0.316466 0.646478 -1.066329
v -0.316457 0.721478 -0.991332
v 0.316465 0.721478 -0.991329
v 0.316466 0.721478 -1.066329
v -0.316457 0.721478 -1.066332
v -0.390880 0.433317 -0.991332
v -0.714989 0.508317 -0.902264
v -0.714989 0.508317 -0.977264
v -0.390880 0.433317 -1.066332
v 0.316465 0.646478 -0.991329
v 0.316465 0.499851 -0.991329
v 0.390889 0.499851 -0.991328
v 0.390889 0.646478 -0.991328
v -0.316457 0.646478 -1.066332
v -0.316457 0.499851 -1.066331
v -0.390880 0.499851 -1.066332
v -0.390880 0.646478 -1.066332
v -0.390880 0.646478 -1.066332
v -0.390880 0.499851 -1.066332
v -0.390880 0.499851 -0.991332
v -0.390880 0.646478 -0.991332
v 0.390889 0.646478 -0.991328
v 0.390889 0.499851 -0.991328
v 0.390889 0.499851 -1.066328
v 0.390889 0.646478 -1.066328
v -0.316457 0.646478 -0.991332
v -0.316457 0.499851 -0.991331
v -0.316457 0.499851 -1.066331
v -0.316457 0.646478 -1.066332
v 0.316466 0.646478 -1.066329
v 0.316466 0.499851 -1.066329
v 0.316465 0.499851 -0.991329
v 0.316465 0.646478 -0.991329
v -0.390880 0.721478 -1.066332
v -0.390880 0.646478 -1.066332
v -0.714989 0.646478 -0.977264
v -0.783858 0.721478 -0.956525
v -0.714989 0.574851 -0.977264
v -0.783858 0.543939 -0.956525
v -0.390880 0.499851 -0.991332
v -0.714989 0.574851 -0.902264
v -0.714989 0.508317 -0.902264
v -0.783858 0.543939 -0.881525
v -0.714989 0.574851 -0.902264
v -0.783858 0.721478 -0.881525
v -0.783858 0.543939 -0.881525
v -0.714989 0.646478 -0.902264
v -0.390880 0.646478 -0.991332
v 0.316466 0.499851 -1.066329
v -0.316457 0.499851 -1.066331
v -0.316457 0.499851 -0.991331
v 0.316465 0.499851 -0.991329
v 0.316466 0.433317 -1.066329
v 0.316465 0.433317 -0.991329
v -0.316457 0.433317 -0.991331
v -0.316457 0.433317 -1.066331
v 0.783866 0.721479 -0.956518
v 0.783866 0.721479 -0.881518
v 0.783866 0.543939 -0.881518
v 0.783866 0.543939 -0.956518
v -0.714989 0.646478 -0.977264
v -0.714989 0.646478 -0.902264
v -0.714989 0.574851 -0.902264
v -0.714989 0.574851 -0.977264
v 0.390889 0.499851 -1.066328
v 0.714997 0.574851 -0.977258
v 0.714997 0.508317 -0.977258
v 0.783866 0.543939 -0.956518
v 0.714997 0.574851 -0.977258
v 0.783866 0.721479 -0.956518
v 0.783866 0.543939 -0.956518
v 0.714997 0.646478 -0.977258
v 0.390889 0.646478 -1.066328
v -0.390880 0.646478 -0.991332
v -0.714989 0.646478 -0.902264
v -0.714989 0.646478 -0.977264
v -0.390880 0.646478 -1.066332
v 0.390889 0.499851 -0.991328
v 0.714997 0.574851 -0.902258
v 0.714997 0.574851 -0.977258
v 0.390889 0.499851 -1.066328
v 0.390889 0.646478 -1.066328
v 0.714997 0.646478 -0.977258
v 0.714997 0.646479 -0.902258
v 0.390889 0.646478 -0.991328
v 0.390889 0.433317 -1.066328
v 0.714997 0.508317 -0.977258
v 0.714997 0.508317 -0.902258
v 0.390889 0.433317 -0.991328
v -0.390880 0.499851 -1.066332
v -0.714989 0.574851 -0.977264
v -0.714989 0.574851 -0.902264
v -0.390880 0.499851 -0.991332
v 0.390889 0.721478 -0.991328
v 0.390889 0.646478 -0.991328
v 0.714997 0.646479 -0.902258
v 0.783866 0.721479 -0.881518
v 0.390889 0.499851 -0.991328
v 0.390889 0.433317 -0.991328
v 0.714997 0.508317 -0.902258
v 0.714997 0.574851 -0.902258
v 0.783866 0.543939 -0.881518
v 0.783866 0.721479 -0.881518
v 0.714997 0.646479 -0.902258
v 0.714997 0.508317 -0.977258
v 0.783866 0.543939 -0.956518
v 0.783866 0.543939 -0.881518
v 0.714997 0.508317 -0.902258
v -0.714989 0.508317 -0.902264
v -0.783858 0.543939 -0.881525
v -0.783858 0.543939 -0.956525
v -0.714989 0.508317 -0.977264
v 0.714997 0.646479 -0.902258
v 0.714997 0.646478 -0.977258
v 0.714997 0.574851 -0.977258
v 0.714997 0.574851 -0.902258
v -0.783858 0.543939 -0.881525
v -0.783858 0.721478 -0.881525
v -0.783858 0.721478 -0.956525
v -0.783858 0.543939 -0.956525
v 0.290889 0.214816 -0.966329
v -0.216457 0.214816 -0.966331
v -0.290880 0.214816 -0.966331
v 0.216465 0.214816 -0.966329
v -0.390880 0.433317 -1.066332
v -0.290880 0.214816 -1.041331
v -0.290880 0.214816 -0.966331
v -0.390880 0.433317 -0.991332
v 0.390889 0.433317 -0.991328
v 0.290889 0.214816 -0.966329
v 0.290889 0.214816 -1.041329
v 0.390889 0.433317 -1.066328
v -0.316457 0.433317 -0.991331
v -0.216457 0.214816 -0.966331
v -0.216457 0.214816 -1.041331
v -0.316457 0.433317 -1.066331
v 0.316466 0.433317 -1.066329
v 0.216466 0.214816 -1.041329
v 0.216465 0.214816 -0.966329
v 0.316465 0.433317 -0.991329
v 0.240889 0.136365 -1.032471
v 0.240889 0.136365 -0.957471
v -0.240880 0.136365 -0.957473
v -0.240880 0.136365 -1.032473
v -0.290880 0.214816 -1.041331
v -0.240880 0.136365 -1.032473
v -0.240880 0.136365 -0.957473
v -0.290880 0.214816 -0.966331
v 0.290889 0.214816 -0.966329
v 0.240889 0.136365 -0.957471
v 0.240889 0.136365 -1.032471
v 0.290889 0.214816 -1.041329
v 0.216466 0.214816 -1.041329
v -0.216457 0.214816 -1.041331
v -0.216457 0.214816 -0.966331
v 0.216465 0.214816 -0.966329
v -0.390880 0.721478 -0.991332
v -0.290880 0.851213 -1.022330
v -0.390880 0.721478 -1.066332
v -0.290880 0.851213 -0.947330
v -0.240880 0.932176 -0.996907
v -0.240881 0.932176 -0.921907
v 0.390889 0.721478 -1.066328
v 0.290888 0.851213 -0.947327
v 0.390889 0.721478 -0.991328
v 0.290889 0.851213 -1.022327
v 0.240888 0.932176 -0.921905
v 0.240889 0.932176 -0.996905
v -0.316457 0.721478 -1.066332
v -0.216457 0.851213 -1.022330
v -0.216457 0.851213 -0.947330
v -0.316457 0.721478 -0.991332
v 0.316465 0.721478 -0.991329
v 0.216465 0.851213 -0.947328
v 0.216466 0.851213 -1.022328
v 0.316466 0.721478 -1.066329
v -0.390880 0.721478 -1.066332
v -0.783858 0.721478 -0.956525
v -0.783858 0.721478 -0.881525
v -0.390880 0.721478 -0.991332
v 0.240888 0.932176 -0.921905
v 0.240889 0.932176 -0.996905
v -0.240880 0.932176 -0.996907
v -0.240881 0.932176 -0.921907
v 0.390889 0.721478 -1.066328
v 0.390889 0.721478 -0.991328
v 0.783866 0.721479 -0.881518
v 0.783866 0.721479 -0.956518
v 0.216465 0.851213 -0.947328
v -0.216457 0.851213 -0.947330
v -0.216457 0.851213 -1.022330
v 0.216466 0.851213 -1.022328
v -0.158117 0.458868 1.981589
v -0.158117 0.347827 1.981589
v -0.158112 0.441812 0.856588
v -0.158112 0.552853 0.856588
v -0.269153 0.552853 0.856588
v -0.269153 0.441812 0.856588
v -0.269158 0.347827 1.981588
v -0.269158 0.458868 1.981588
v -0.269158 0.458868 1.981588
v -0.269158 0.347827 1.981588
v -0.158117 0.347827 1.981589
v -0.158117 0.458868 1.981589
v -0.158117 0.347827 1.981589
v -0.269158 0.347827 1.981588
v -0.269153 0.441812 0.856588
v -0.158112 0.441812 0.856588
v -0.269158 0.458868 1.981588
v -0.158117 0.458868 1.981589
v -0.158112 0.552853 0.856588
v -0.269153 0.552853 0.856588
vt 0.111722201 0.678959608
vt 0.111722201 0.73609221
vt 0.168854773 0.73609221
vt 0.111722201 0.678959608
vt 0.168854773 0.678959608
vt 0.111722201 0.678959608
vt 0.111722201 0.73609221
vt 0.168854773 0.73609221
vt 0.111722201 0.678959608
vt 0.168854773 0.678959608
vt 0.342306495 0.208567649
vt 0.342306495 0.265700251
vt 0.399439096 0.265700251
vt 0.342306495 0.208567649
vt 0.399439096 0.208567649
vt 0.111722201 0.678959608
vt 0.111722201 0.73609221
vt 0.168854773 0.73609221
vt 0.111722201 0.678959608
vt 0.168854773 0.678959608
vt 0.626092732 0.198663235
vt 0.562064111 0.262691855
vt 0.626092732 0.262691855
vt 0.626092732 0.198663235
vt 0.626092732 0.262691855
vt 0.562064111 0.262691855
vt 0.626092732 0.262691855
vt 0.626092732 0.198663235
vt 0.562064111 0.262691855
vt 0.626092732 0.198663235
vt 0.562064111 0.262691855
vt 0.626092732 0.262691855
vt 0.626092732 0.198663235
vt 0.626092732 0.262691855
vt 0.562064111 0.262691855
vt 0.562064111 0.262691855
vt 0.562064111 0.262691855
vt 0.626092732 0.262691855
vt 0.626092732 0.262691855
vt 0.626092732 0.262691855
vt 0.626092732 0.198663235
vt 0.626092732 0.262691855
vt 0.562064111 0.198663235
vt 0.562064111 0.262691855
vt 0.562064111 0.198663235
vt 0.626092732 0.262691855
vt 0.626092732 0.262691855
vt 0.626092732 0.198663235
vt 0.618036628 0.236816406
vt 0.626092732 0.198663235
vt 0.626092732 0.262691855
vt 0.562064111 0.198663235
vt 0.562064111 0.262691855
vt 0.626092732 0.262691855
vt 0.562064111 0.262691855
vt 0.562064111 0.262691855
vt 0.626092732 0.262691855
vt 0.562064111 0.198663235
vt 0.562064111 0.198663235
vt 0.626092732 0.198663235
vt 0.626092732 0.198663235
vt 0.562064111 0.262691855
vt 0.626092732 0.198663235
vt 0.562064111 0.198663235
vt 0.626092732 0.262691855
vt 0.626092732 0.198663235
vt 0.562064111 0.262691855
vt 0.562064111 0.198663235
vt 0.562064111 0.262691855
vt 0.626092732 0.198663235
vt 0.562064111 0.198663235
vt 0.562064111 0.262691855
vt 0.626092732 0.198663235
vt 0.626092732 0.198663235
vt 0.562064111 0.198663235
vt 0.626092732 0.198663235
vt 0.562064111 0.198663235
vt 0.562064111 0.262691855
vt 0.626092732 0.198663235
vt 0.626092732 0.198663235
vt 0.562064111 0.198663235
vt 0.626092732 0.198663235
vt 0.562064111 0.198663235
vt 0.562064111 0.262691855
vt 0.562064111 0.262691855
vt 0.562064111 0.262691855
vt 0.626092732 0.262691855
vt 0.626092732 0.198663235
vt 0.562064111 0.198663235
vt 0.562064111 0.262691855
vt 0.626092732 0.262691855
vt 0.562064111 0.262691855
vt 0.562064111 0.198663235
vt 0.626092732 0.262691855
vt 0.626092732 0.198663235
vt 0.626092732 0.198663235
vt 0.626092732 0.198663235
vt 0.562064111 0.198663235
vt 0.618036628 0.236816406
vt 0.626092732 0.198663235
vt 0.626092732 0.262691855
vt 0.562064111 0.198663235
vt 0.562064111 0.262691855
vt 0.626092732 0.262691855
vt 0.111722201 0.678959608
vt 0.111722201 0.73609221
vt 0.168854773 0.73609221
vt 0.168854773 0.678959608
vt 0.111722201 0.678959608
vt 0.111722201 0.73609221
vt 0.168854773 0.73609221
vt 0.168854773 0.678959608
vt 0.111722201 0.678959608
vt 0.111722201 0.73609221
vt 0.168854773 0.73609221
vt 0.168854773 0.678959608
vt 0.111722201 0.678959608
vt 0.111722201 0.73609221
vt 0.168854773 0.73609221
vt 0.168854773 0.678959608
vt 0.111722201 0.678959608
vt 0.111722201 0.73609221
vt 0.168854773 0.73609221
vt 0.168854773 0.678959608
vt 0.111722201 0.678959608
vt 0.111722201 0.73609221
vt 0.168854773 0.73609221
vt 0.168854773 0.678959608
vt 0.111722201 0.678959608
vt 0.111722201 0.73609221
vt 0.168854773 0.73609221
vt 0.168854773 0.678959608
vt 0.111722201 0.678959608
vt 0.111722201 0.73609221
vt 0.168854773 0.73609221
vt 0.168854773 0.678959608
vt 0.111722201 0.678959608
vt 0.111722201 0.73609221
vt 0.168854773 0.73609221
vt 0.168854773 0.678959608
vt 0.111722201 0.678959608
vt 0.111722201 0.73609221
vt 0.168854773 0.73609221
vt 0.168854773 0.678959608
vt 0.111722201 0.678959608
vt 0.111722201 0.73609221
vt 0.168854773 0.73609221
vt 0.168854773 0.678959608
vt 0.111722201 0.678959608
vt 0.111722201 0.73609221
vt 0.168854773 0.73609221
vt 0.168854773 0.678959608
vt 0.111722201 0.678959608
vt 0.111722201 0.73609221
vt 0.168854773 0.73609221
vt 0.168854773 0.678959608
vt 0.111722201 0.678959608
vt 0.111722201 0.73609221
vt 0.168854773 0.73609221
vt 0.168854773 0.678959608
vt 0.111722201 0.678959608
vt 0.111722201 0.73609221
vt 0.168854773 0.73609221
vt 0.168854773 0.678959608
vt 0.342306495 0.208567649
vt 0.342306495 0.265700251
vt 0.399439096 0.265700251
vt 0.399439096 0.208567649
vt 0.111722201 0.678959608
vt 0.111722201 0.73609221
vt 0.168854773 0.73609221
vt 0.168854773 0.678959608
vt 0.340000659 0.245461136
vt 0.340000659 0.302593738
vt 0.397133231 0.302593738
vt 0.397133231 0.245461136
vt 0.111722201 0.678959608
vt 0.111722201 0.73609221
vt 0.168854773 0.73609221
vt 0.168854773 0.678959608
vt 0.321553916 0.328471452
vt 0.321553916 0.385604054
vt 0.378686488 0.385604054
vt 0.378686488 0.328471452
vt 0.346918166 0.678959608
vt 0.346918166 0.73609221
vt 0.404050767 0.73609221
vt 0.404050767 0.678959608
vt 0.310024709 0.692794681
vt 0.310024709 0.749927282
vt 0.36715728 0.749927282
vt 0.36715728 0.692794681
vt 0.111722201 0.678959608
vt 0.111722201 0.73609221
vt 0.168854773 0.73609221
vt 0.168854773 0.678959608
vt 0.310024709 0.692794681
vt 0.310024709 0.749927282
vt 0.36715728 0.749927282
vt 0.36715728 0.692794681
vt 0.310024709 0.692794681
vt 0.310024709 0.749927282
vt 0.36715728 0.749927282
vt 0.36715728 0.692794681
vt 0.111722201 0.678959608
vt 0.111722201 0.73609221
vt 0.168854773 0.73609221
vt 0.168854773 0.678959608
vt 0.111722201 0.678959608
vt 0.111722201 0.73609221
vt 0.168854773 0.73609221
vt 0.168854773 0.678959608
vt 0.111722201 0.678959608
vt 0.111722201 0.73609221
vt 0.168854773 0.73609221
vt 0.168854773 0.678959608
vt 0.111722201 0.678959608
vt 0.168854773 0.73609221
vt 0.111722201 0.73609221
vt 0.111722201 0.678959608
vt 0.111722201 0.73609221
vt 0.168854773 0.73609221
vt 0.168854773 0.678959608
vt 0.111722201 0.678959608
vt 0.111722201 0.73609221
vt 0.168854773 0.73609221
vt 0.168854773 0.678959608
vt 0.321553916 0.328471452
vt 0.321553916 0.385604054
vt 0.378686488 0.385604054
vt 0.378686488 0.328471452
vt 0.111722201 0.678959608
vt 0.111722201 0.73609221
vt 0.168854773 0.73609221
vt 0.168854773 0.678959608
vt 0.111722201 0.678959608
vt 0.111722201 0.73609221
vt 0.168854773 0.73609221
vt 0.168854773 0.678959608
vt 0.111722201 0.678959608
vt 0.111722201 0.73609221
vt 0.168854773 0.73609221
vt 0.168854773 0.678959608
vt 0.310024709 0.692794681
vt 0.310024709 0.749927282
vt 0.36715728 0.749927282
vt 0.36715728 0.692794681
vt 0.111722201 0.678959608
vt 0.111722201 0.73609221
vt 0.168854773 0.73609221
vt 0.168854773 0.678959608
vt 0.111722201 0.678959608
vt 0.111722201 0.73609221
vt 0.168854773 0.73609221
vt 0.168854773 0.678959608
vt 0.111722201 0.678959608
vt 0.111722201 0.73609221
vt 0.168854773 0.73609221
vt 0.168854773 0.678959608
vt 0.111722201 0.678959608
vt 0.111722201 0.73609221
vt 0.168854773 0.73609221
vt 0.168854773 0.678959608
vt 0.342306495 0.208567649
vt 0.342306495 0.265700251
vt 0.399439096 0.265700251
vt 0.399439096 0.208567649
vt 0.111722201 0.678959608
vt 0.111722201 0.73609221
vt 0.168854773 0.73609221
vt 0.168854773 0.678959608
vt 0.111722201 0.678959608
vt 0.111722201 0.73609221
vt 0.168854773 0.73609221
vt 0.168854773 0.678959608
vt 0.342306495 0.208567649
vt 0.342306495 0.265700251
vt 0.399439096 0.265700251
vt 0.399439096 0.208567649
vt 0.111722201 0.678959608
vt 0.111722201 0.73609221
vt 0.168854773 0.73609221
vt 0.168854773 0.678959608
vt 0.346918166 0.678959608
vt 0.346918166 0.73609221
vt 0.404050767 0.73609221
vt 0.404050767 0.678959608
vt 0.310024709 0.692794681
vt 0.310024709 0.749927282
vt 0.36715728 0.749927282
vt 0.36715728 0.692794681
vt 0.111722201 0.678959608
vt 0.111722201 0.73609221
vt 0.168854773 0.73609221
vt 0.168854773 0.678959608
vt 0.111722201 0.678959608
vt 0.111722201 0.73609221
vt 0.168854773 0.73609221
vt 0.168854773 0.678959608
vt 0.111722201 0.678959608
vt 0.111722201 0.73609221
vt 0.168854773 0.73609221
vt 0.168854773 0.678959608
vt 0.111722201 0.678959608
vt 0.111722201 0.73609221
vt 0.168854773 0.73609221
vt 0.168854773 0.678959608
vt 0.111722201 0.678959608
vt 0.111722201 0.73609221
vt 0.168854773 0.73609221
vt 0.168854773 0.678959608
vt 0.111722201 0.678959608
vt 0.111722201 0.73609221
vt 0.168854773 0.73609221
vt 0.168854773 0.678959608
vt 0.111722201 0.678959608
vt 0.111722201 0.73609221
vt 0.168854773 0.73609221
vt 0.168854773 0.678959608
vt 0.111722201 0.678959608
vt 0.111722201 0.73609221
vt 0.168854773 0.73609221
vt 0.168854773 0.678959608
vt 0.111722201 0.678959608
vt 0.111722201 0.73609221
vt 0.168854773 0.73609221
vt 0.168854773 0.678959608
vt 0.346918166 0.678959608
vt 0.346918166 0.73609221
vt 0.404050767 0.73609221
vt 0.404050767 0.678959608
vt 0.111722201 0.678959608
vt 0.111722201 0.73609221
vt 0.168854773 0.73609221
vt 0.168854773 0.678959608
vt 0.111722201 0.678959608
vt 0.111722201 0.73609221
vt 0.168854773 0.73609221
vt 0.168854773 0.678959608
vt 0.310024709 0.692794681
vt 0.310024709 0.749927282
vt 0.36715728 0.749927282
vt 0.36715728 0.692794681
vt 0.111722201 0.678959608
vt 0.111722201 0.73609221
vt 0.168854773 0.73609221
vt 0.168854773 0.678959608
vt 0.346918166 0.678959608
vt 0.346918166 0.73609221
vt 0.404050767 0.73609221
vt 0.404050767 0.678959608
vt 0.111722201 0.678959608
vt 0.111722201 0.73609221
vt 0.168854773 0.73609221
vt 0.168854773 0.678959608
vt 0.346918166 0.678959608
vt 0.346918166 0.73609221
vt 0.404050767 0.73609221
vt 0.404050767 0.678959608
vt 0.111722201 0.678959608
vt 0.111722201 0.73609221
vt 0.168854773 0.73609221
vt 0.168854773 0.678959608
vt 0.111722201 0.678959608
vt 0.111722201 0.73609221
vt 0.168854773 0.73609221
vt 0.168854773 0.678959608
vt 0.310024709 0.692794681
vt 0.310024709 0.749927282
vt 0.36715728 0.749927282
vt 0.36715728 0.692794681
vt 0.342306495 0.208567649
vt 0.342306495 0.265700251
vt 0.399439096 0.265700251
vt 0.399439096 0.208567649
vt 0.310024709 0.692794681
vt 0.310024709 0.749927282
vt 0.36715728 0.749927282
vt 0.36715728 0.692794681
vt 0.310024709 0.692794681
vt 0.310024709 0.749927282
vt 0.36715728 0.749927282
vt 0.36715728 0.692794681
vt 0.310024709 0.692794681
vt 0.310024709 0.749927282
vt 0.36715728 0.749927282
vt 0.36715728 0.692794681
vt 0.111722201 0.678959608
vt 0.111722201 0.73609221
vt 0.168854773 0.73609221
vt 0.168854773 0.678959608
vt 0.310024709 0.692794681
vt 0.310024709 0.749927282
vt 0.36715728 0.749927282
vt 0.36715728 0.692794681
vt 0.111722201 0.678959608
vt 0.111722201 0.73609221
vt 0.168854773 0.73609221
vt 0.168854773 0.678959608
vt 0.111722201 0.678959608
vt 0.111722201 0.73609221
vt 0.168854773 0.73609221
vt 0.168854773 0.678959608
vt 0.111722201 0.678959608
vt 0.111722201 0.73609221
vt 0.168854773 0.73609221
vt 0.168854773 0.678959608
vt 0.111722201 0.678959608
vt 0.111722201 0.73609221
vt 0.168854773 0.73609221
vt 0.168854773 0.678959608
vt 0.111722201 0.678959608
vt 0.111722201 0.73609221
vt 0.168854773 0.73609221
vt 0.168854773 0.678959608
vt 0.111722201 0.678959608
vt 0.111722201 0.73609221
vt 0.168854773 0.73609221
vt 0.168854773 0.678959608
vt 0.310024709 0.692794681
vt 0.310024709 0.749927282
vt 0.36715728 0.749927282
vt 0.36715728 0.692794681
vt 0.111722201 0.678959608
vt 0.111722201 0.73609221
vt 0.168854773 0.73609221
vt 0.168854773 0.678959608
vt 0.111722201 0.678959608
vt 0.111722201 0.73609221
vt 0.168854773 0.73609221
vt 0.168854773 0.678959608
vt 0.111722201 0.678959608
vt 0.111722201 0.73609221
vt 0.168854773 0.73609221
vt 0.168854773 0.678959608
vt 0.111722201 0.678959608
vt 0.111722201 0.73609221
vt 0.168854773 0.73609221
vt 0.168854773 0.678959608
vt 0.111722201 0.678959608
vt 0.111722201 0.73609221
vt 0.168854773 0.678959608
vt 0.111722201 0.678959608
vt 0.111722201 0.73609221
vt 0.168854773 0.73609221
vt 0.168854773 0.678959608
vt 0.111722201 0.678959608
vt 0.111722201 0.73609221
vt 0.168854773 0.73609221
vt 0.168854773 0.678959608
vt 0.111722201 0.678959608
vt 0.111722201 0.73609221
vt 0.168854773 0.73609221
vt 0.168854773 0.678959608
vt 0.111722201 0.678959608
vt 0.111722201 0.73609221
vt 0.168854773 0.73609221
vt 0.168854773 0.678959608
vt 0.111722201 0.678959608
vt 0.111722201 0.73609221
vt 0.168854773 0.73609221
vt 0.168854773 0.678959608
vt 0.111722201 0.678959608
vt 0.111722201 0.73609221
vt 0.168854773 0.73609221
vt 0.168854773 0.678959608
vt 0.111722201 0.678959608
vt 0.111722201 0.73609221
vt 0.168854773 0.73609221
vt 0.168854773 0.678959608
vt 0.562064111 0.198663235
vt 0.626092732 0.198663235
vt 0.626092732 0.262691855
vt 0.562064111 0.262691855
vt 0.562064111 0.262691855
vt 0.626092732 0.262691855
vt 0.626092732 0.262691855
vt 0.626092732 0.262691855
vt 0.626092732 0.198663235
vt 0.562064111 0.198663235
vt 0.562064111 0.198663235
vt 0.562064111 0.262691855
vt 0.626092732 0.198663235
vt 0.562064111 0.262691855
vt 0.626092732 0.262691855
vt 0.562064111 0.262691855
vt 0.562064111 0.262691855
vt 0.626092732 0.262691855
vt 0.562064111 0.198663235
vt 0.626092732 0.198663235
vt 0.562064111 0.262691855
vt 0.562064111 0.198663235
vt 0.562064111 0.262691855
vt 0.626092732 0.262691855
vt 0.618036628 0.236816406
vt 0.626092732 0.262691855
vt 0.626092732 0.262691855
vt 0.562064111 0.262691855
vt 0.562064111 0.262691855
vt 0.626092732 0.262691855
vt 0.626092732 0.262691855
vt 0.618036628 0.236816406
vt 0.626092732 0.262691855
vt 0.562064111 0.262691855
vt 0.562064111 0.262691855
vt 0.562064111 0.198663235
vt 0.562064111 0.198663235
vt 0.626092732 0.262691855
vt 0.562064111 0.198663235
vt 0.562064111 0.262691855
vt 0.626092732 0.198663235
vt 0.626092732 0.198663235
vt 0.626092732 0.262691855
vt 0.562064111 0.262691855
vt 0.562064111 0.198663235
vt 0.562064111 0.198663235
vt 0.562064111 0.262691855
vt 0.626092732 0.262691855
vt 0.626092732 0.198663235
vt 0.562064111 0.198663235
vt 0.562064111 0.262691855
vt 0.626092732 0.262691855
vt 0.626092732 0.198663235
vt 0.562064111 0.198663235
vt 0.562064111 0.262691855
vt 0.626092732 0.262691855
vt 0.626092732 0.198663235
vt 0.562064111 0.198663235
vt 0.562064111 0.262691855
vt 0.626092732 0.262691855
vt 0.626092732 0.198663235
vt 0.562064111 0.198663235
vt 0.562064111 0.262691855
vt 0.626092732 0.262691855
vt 0.626092732 0.198663235
vt 0.562064111 0.198663235
vt 0.562064111 0.262691855
vt 0.626092732 0.262691855
vt 0.626092732 0.198663235
vt 0.562064111 0.198663235
vt 0.562064111 0.262691855
vt 0.626092732 0.262691855
vt 0.626092732 0.198663235
vt 0.562064111 0.198663235
vt 0.562064111 0.262691855
vt 0.626092732 0.262691855
vt 0.626092732 0.198663235
vt 0.562064111 0.198663235
vt 0.562064111 0.262691855
vt 0.626092732 0.262691855
vt 0.626092732 0.198663235
vt 0.626092732 0.198663235
vt 0.562064111 0.198663235
vt 0.562064111 0.262691855
vt 0.626092732 0.262691855
vt 0.626092732 0.198663235
vt 0.562064111 0.262691855
vt 0.562064111 0.198663235
vt 0.562064111 0.262691855
vt 0.626092732 0.198663235
vt 0.626092732 0.262691855
vt 0.562064111 0.262691855
vt 0.562064111 0.262691855
vt 0.626092732 0.262691855
vt 0.562064111 0.262691855
vt 0.626092732 0.198663235
vt 0.562064111 0.198663235
vt 0.562064111 0.262691855
vt 0.626092732 0.262691855
vt 0.626092732 0.198663235
vt 0.562064111 0.198663235
vt 0.562064111 0.262691855
vt 0.626092732 0.262691855
vt 0.626092732 0.198663235
vt 0.626092732 0.198663235
vt 0.562064111 0.198663235
vt 0.562064111 0.262691855
vt 0.626092732 0.262691855
vt 0.562064111 0.198663235
vt 0.562064111 0.262691855
vt 0.626092732 0.262691855
vt 0.626092732 0.198663235
vt 0.562064111 0.198663235
vt 0.562064111 0.262691855
vt 0.626092732 0.198663235
vt 0.626092732 0.262691855
vt 0.562064111 0.262691855
vt 0.562064111 0.262691855
vt 0.626092732 0.262691855
vt 0.626092732 0.198663235
vt 0.626092732 0.198663235
vt 0.562064111 0.198663235
vt 0.562064111 0.262691855
vt 0.626092732 0.262691855
vt 0.626092732 0.198663235
vt 0.562064111 0.198663235
vt 0.562064111 0.262691855
vt 0.626092732 0.262691855
vt 0.626092732 0.198663235
vt 0.562064111 0.198663235
vt 0.562064111 0.262691855
vt 0.626092732 0.262691855
vt 0.626092732 0.198663235
vt 0.562064111 0.198663235
vt 0.562064111 0.262691855
vt 0.626092732 0.262691855
vt 0.626092732 0.198663235
vt 0.562064111 0.198663235
vt 0.562064111 0.262691855
vt 0.626092732 0.262691855
vt 0.626092732 0.198663235
vt 0.626092732 0.198663235
vt 0.562064111 0.198663235
vt 0.562064111 0.262691855
vt 0.626092732 0.262691855
vt 0.626092732 0.198663235
vt 0.562064111 0.198663235
vt 0.562064111 0.262691855
vt 0.626092732 0.262691855
vt 0.562064111 0.262691855
vt 0.626092732 0.262691855
vt 0.562064111 0.262691855
vt 0.562064111 0.198663235
vt 0.562064111 0.262691855
vt 0.626092732 0.262691855
vt 0.626092732 0.198663235
vt 0.562064111 0.198663235
vt 0.562064111 0.262691855
vt 0.626092732 0.262691855
vt 0.626092732 0.198663235
vt 0.562064111 0.198663235
vt 0.562064111 0.262691855
vt 0.626092732 0.262691855
vt 0.626092732 0.198663235
vt 0.626092732 0.262691855
vt 0.626092732 0.198663235
vt 0.562064111 0.198663235
vt 0.562064111 0.262691855
vt 0.626092732 0.198663235
vt 0.626092732 0.262691855
vt 0.562064111 0.262691855
vt 0.562064111 0.262691855
vt 0.562064111 0.198663235
vt 0.562064111 0.262691855
vt 0.626092732 0.262691855
vt 0.626092732 0.198663235
vt 0.562064111 0.198663235
vt 0.562064111 0.262691855
vt 0.626092732 0.262691855
vt 0.626092732 0.198663235
vt 0.562064111 0.198663235
vt 0.562064111 0.262691855
vt 0.626092732 0.262691855
vt 0.626092732 0.198663235
vt 0.562064111 0.198663235
vt 0.562064111 0.262691855
vt 0.626092732 0.262691855
vt 0.626092732 0.198663235
vt 0.562064111 0.262691855
vt 0.626092732 0.262691855
vt 0.562064111 0.262691855
vt 0.626092732 0.262691855
vt 0.562064111 0.198663235
vt 0.562064111 0.262691855
vt 0.626092732 0.262691855
vt 0.626092732 0.198663235
vt 0.562064111 0.198663235
vt 0.562064111 0.262691855
vt 0.626092732 0.262691855
vt 0.626092732 0.198663235
vt 0.562064111 0.198663235
vt 0.562064111 0.262691855
vt 0.626092732 0.262691855
vt 0.626092732 0.198663235
vt 0.626092732 0.198663235
vt 0.562064111 0.198663235
vt 0.562064111 0.198663235
vt 0.626092732 0.198663235
vt 0.562064111 0.198663235
vt 0.626092732 0.198663235
vt 0.626092732 0.198663235
vt 0.562064111 0.198663235
vt 0.562064111 0.198663235
vt 0.626092732 0.198663235
vt 0.562064111 0.198663235
vt 0.626092732 0.198663235
vt 0.626092732 0.198663235
vt 0.626092732 0.198663235
vt 0.562064111 0.198663235
vt 0.562064111 0.198663235
vt 0.562064111 0.262691855
vt 0.562064111 0.262691855
vt 0.626092732 0.262691855
vt 0.626092732 0.262691855
vt 0.562064111 0.198663235
vt 0.562064111 0.262691855
vt 0.626092732 0.262691855
vt 0.626092732 0.198663235
vt 0.562064111 0.262691855
vt 0.626092732 0.262691855
vt 0.562064111 0.262691855
vt 0.626092732 0.262691855
vt 0.626092732 0.198663235
vt 0.562064111 0.198663235
vt 0.562064111 0.262691855
vt 0.626092732 0.262691855
vt 0.618036628 0.236816406
vt 0.577180624 0.22237578
vt 0.618036628 0.236816406
vt 0.572526455 0.217721581
vt 0.902443171 0.224117547
vt 0.88990134 0.223607123
vt 0.88990134 0.28593722
vt 0.902443171 0.286447644
vt 0.88990134 0.223607123
vt 0.87735945 0.224117547
vt 0.87735945 0.286447644
vt 0.88990134 0.28593722
vt 0.927614391 0.223607123
vt 0.927614391 0.229737967
vt 0.940199912 0.229737967
vt 0.940199912 0.223607123
vt 0.915028751 0.223607123
vt 0.902443171 0.223607123
vt 0.902443171 0.28593719
vt 0.915028751 0.28593719
vt 0.927614391 0.223607123
vt 0.915028751 0.223607123
vt 0.915028751 0.28593719
vt 0.927614391 0.28593719
vn 0.520733 -0.851898 0.055737
vn 0.756017 -0.654546 -0.002781
vn 0.756017 -0.654546 -0.002781
vn 0.520733 -0.851898 0.055737
vn 0.520733 -0.851898 0.055737
vn -1.000000 -0.000000 -0.000004
vn -1.000000 -0.000000 -0.000004
vn -1.000000 -0.000000 -0.000004
vn -1.000000 -0.000000 -0.000004
vn -1.000000 -0.000000 -0.000004
vn 1.000000 0.000000 0.000004
vn 1.000000 0.000000 0.000004
vn 1.000000 0.000000 0.000004
vn 1.000000 0.000000 0.000004
vn 1.000000 0.000000 0.000004
vn 0.144336 -0.364562 -0.919925
vn 0.072552 -0.298507 -0.951646
vn 0.072552 -0.298507 -0.951646
vn 0.144336 -0.364562 -0.919925
vn 0.144336 -0.364562 -0.919925
vn 0.000004 -0.000000 -1.000000
vn 0.038878 0.046396 -0.998166
vn 0.107759 0.004702 -0.994166
vn 0.000004 -0.000000 -1.000000
vn 0.000004 -0.000000 -1.000000
vn 0.038878 0.046396 -0.998166
vn -0.066773 -0.028646 -0.997357
vn -0.089035 -0.000000 -0.996028
vn 0.066700 -0.000000 -0.997773
vn -0.000004 0.000000 1.000000
vn 0.045417 -0.054210 0.997496
vn 0.107751 -0.004702 0.994167
vn -0.000004 0.000000 1.000000
vn -0.000004 0.000000 1.000000
vn 0.045417 -0.054210 0.997496
vn 0.076265 0.000000 0.997088
vn 0.066799 0.057315 0.996119
vn -0.000004 0.037946 0.999280
vn 0.107751 -0.004702 0.994167
vn -0.000004 0.000000 1.000000
vn -0.000004 0.000000 1.000000
vn -0.000004 0.037946 0.999280
vn -0.000004 0.056930 0.998378
vn 0.076265 0.000000 0.997088
vn -0.000004 0.056930 0.998378
vn -0.066781 0.028646 0.997356
vn -0.066781 0.028646 0.997356
vn -0.133699 0.000000 0.991022
vn 0.000004 0.310411 -0.950603
vn 0.000004 0.162768 -0.986664
vn -0.077688 0.096245 -0.992321
vn 0.000004 0.306807 -0.951772
vn 0.000004 0.299587 -0.954069
vn 0.000004 0.306807 -0.951772
vn 0.000004 -0.084621 -0.996413
vn 0.000004 -0.112202 -0.993685
vn 0.000004 -0.112202 -0.993685
vn 0.066808 -0.057315 -0.996118
vn 0.000004 -0.056930 -0.998378
vn 0.000004 -0.037946 -0.999280
vn 0.000004 -0.068015 -0.997684
vn 0.000004 -0.056930 -0.998378
vn -0.066773 -0.028646 -0.997357
vn 0.000004 -0.056930 -0.998378
vn 0.000004 -0.112202 -0.993685
vn 0.000004 -0.068015 -0.997684
vn 0.000004 -0.084621 -0.996413
vn 0.000004 -0.056930 -0.998378
vn 0.000004 -0.056930 -0.998378
vn -0.089035 -0.000000 -0.996028
vn -0.066773 -0.028646 -0.997357
vn -0.272790 -0.000000 -0.962074
vn 0.272790 0.000000 0.962074
vn 0.066799 0.057315 0.996119
vn 0.076265 0.000000 0.997088
vn 0.107751 -0.004702 0.994167
vn 0.045417 -0.054210 0.997496
vn 0.277712 -0.005827 0.960647
vn 0.272798 -0.000000 -0.962071
vn 0.066808 -0.057315 -0.996118
vn 0.066700 -0.000000 -0.997773
vn 0.107759 0.004702 -0.994166
vn 0.038878 0.046396 -0.998166
vn 0.277720 0.005827 -0.960644
vn -0.000004 0.112693 0.993630
vn -0.000004 0.112202 0.993685
vn -0.000004 0.112202 0.993685
vn -0.000004 0.113183 0.993574
vn -0.000004 0.056930 0.998378
vn -0.000004 0.113674 0.993518
vn -0.000004 0.112202 0.993685
vn -0.000004 0.112693 0.993630
vn 0.066799 0.057315 0.996119
vn -0.000004 0.113674 0.993518
vn -0.000004 0.037946 0.999280
vn -0.000004 0.113183 0.993574
vn -0.066781 0.028646 0.997356
vn -0.000004 0.056930 0.998378
vn -0.000004 -0.310411 0.950603
vn -0.000004 -0.321194 0.947013
vn -0.109093 -0.135139 0.984803
vn -0.000004 -0.306807 0.951772
vn -0.000004 -0.299587 0.954069
vn -0.000004 -0.306807 0.951772
vn 0.937216 0.347583 -0.028501
vn 1.000000 0.000000 0.000004
vn 1.000000 0.000000 0.000004
vn 0.935581 0.348473 -0.057058
vn -0.130149 0.364277 -0.922151
vn -0.133552 -0.000000 -0.991042
vn -0.264714 -0.000000 -0.964327
vn -0.259439 0.374274 -0.890286
vn -0.949995 0.310928 -0.028862
vn -1.000000 -0.000000 -0.000004
vn -1.000000 -0.000000 -0.000004
vn -0.953641 0.300945 -0.000004
vn -0.756095 -0.654456 -0.002820
vn -0.520733 -0.851898 0.055733
vn -0.520733 -0.851898 0.055733
vn -0.756095 -0.654456 -0.002820
vn 0.171756 0.480707 -0.859896
vn 0.070757 0.856659 -0.511007
vn 0.140379 0.859267 -0.491888
vn 0.259447 0.374274 -0.890284
vn -0.076833 -0.991310 0.106774
vn -0.076833 -0.991310 0.106774
vn -0.076833 -0.991310 0.106774
vn -0.076833 -0.991310 0.106774
vn -0.000004 0.000000 1.000000
vn -0.000004 -0.143342 0.989673
vn -0.000004 0.000000 1.000000
vn -0.000004 0.000000 1.000000
vn 0.000000 0.997507 -0.070569
vn 0.000000 0.997507 -0.070569
vn 0.000000 0.997507 -0.070569
vn 0.000000 0.997507 -0.070569
vn -1.000000 -0.000000 -0.000004
vn -1.000000 -0.000000 -0.000004
vn -1.000000 -0.000000 -0.000004
vn -1.000000 -0.000000 -0.000004
vn 1.000000 0.000000 0.000004
vn 1.000000 0.000000 0.000004
vn 1.000000 0.000000 0.000004
vn 1.000000 0.000000 0.000004
vn 0.259447 0.374274 -0.890284
vn 0.264723 -0.000000 -0.964325
vn 0.133560 -0.000000 -0.991041
vn 0.130157 0.364277 -0.922150
vn 0.094153 0.232064 -0.968133
vn 0.133560 -0.000000 -0.991041
vn -0.133552 -0.000000 -0.991042
vn -0.094144 0.232064 -0.968134
vn -0.130149 0.364277 -0.922151
vn -0.070035 0.856576 -0.511246
vn 0.070757 0.856659 -0.511007
vn 0.130157 0.364277 -0.922150
vn -0.000004 0.604400 0.796681
vn -0.000004 0.573988 0.818864
vn -0.000004 0.573988 0.818864
vn -0.000004 0.300945 0.953641
vn 0.076832 -0.991310 0.106774
vn 0.076832 -0.991310 0.106774
vn 0.076832 -0.991310 0.106774
vn 0.076832 -0.991310 0.106774
vn -0.000003 0.762214 0.647325
vn -0.000000 0.999941 0.010889
vn -0.000000 0.999941 0.010889
vn -0.000003 0.762214 0.647325
vn -0.000004 0.000000 1.000000
vn -0.000004 0.000000 1.000000
vn -0.000004 -0.143342 0.989673
vn -0.000004 0.000000 1.000000
vn -0.000004 0.000000 1.000000
vn -0.000004 -0.143342 0.989673
vn -0.000004 -0.143342 0.989673
vn -0.000004 0.000000 1.000000
vn 0.000000 0.997507 -0.070569
vn 0.000000 0.997507 -0.070569
vn 0.000000 0.997507 -0.070569
vn 0.000000 0.997507 -0.070569
vn 0.000000 0.997507 -0.070569
vn 0.000000 0.997507 -0.070569
vn 0.000000 0.997507 -0.070569
vn 0.000000 0.997507 -0.070569
vn 0.000000 -1.000000 0.000000
vn 0.000000 -1.000000 0.000000
vn 0.000002 -0.927396 -0.374081
vn 0.000002 -0.927396 -0.374081
vn 0.963672 -0.245890 -0.104279
vn 0.985146 -0.092233 -0.144849
vn 0.985146 -0.092233 -0.144849
vn 0.963672 -0.245890 -0.104279
vn 1.000000 0.000000 0.000004
vn 1.000000 0.000000 0.000004
vn 1.000000 0.000000 0.000004
vn 1.000000 0.000000 0.000004
vn -0.000004 -0.433535 0.901137
vn -0.000004 -0.445938 0.895064
vn -0.000004 -0.445938 0.895064
vn -0.000004 -0.433535 0.901137
vn 0.000003 -0.722553 -0.691316
vn 0.000002 -0.927396 -0.374081
vn 0.000002 -0.927396 -0.374081
vn 0.000003 -0.722553 -0.691316
vn -0.000000 0.999941 0.010889
vn 0.000000 0.997507 -0.070569
vn 0.000000 0.997507 -0.070569
vn 0.000000 0.997507 -0.070569
vn -1.000000 -0.000000 -0.000004
vn -1.000000 -0.000000 -0.000004
vn -1.000000 -0.000000 -0.000004
vn -1.000000 -0.000000 -0.000004
vn 1.000000 0.000000 0.000004
vn 1.000000 0.000000 0.000004
vn 1.000000 0.000000 0.000004
vn 1.000000 0.000000 0.000004
vn 1.000000 0.000000 0.000004
vn 1.000000 0.000000 0.000004
vn 1.000000 0.000000 0.000004
vn 0.000000 -1.000000 0.000000
vn 0.000000 -1.000000 0.000000
vn 0.000000 -1.000000 0.000000
vn 0.000000 -1.000000 0.000000
vn 0.000000 0.997507 -0.070569
vn 0.000000 0.997507 -0.070569
vn 0.000000 0.997507 -0.070569
vn -0.000000 0.999941 0.010889
vn -0.000000 0.999941 0.010889
vn 0.000000 0.997507 -0.070569
vn 0.000000 0.997507 -0.070569
vn -0.000000 0.999941 0.010889
vn 0.938083 0.346411 0.000004
vn 1.000000 0.000000 0.000004
vn 1.000000 0.000000 0.000004
vn 0.937216 0.347583 -0.028501
vn -0.945407 0.320699 -0.057943
vn -1.000000 -0.000000 -0.000004
vn -1.000000 -0.000000 -0.000004
vn -0.949995 0.310928 -0.028862
vn -0.000004 0.604400 0.796681
vn -0.000004 0.573988 0.818864
vn -0.000004 0.573988 0.818864
vn -0.000004 0.604400 0.796681
vn -0.963658 -0.245869 -0.104458
vn -0.985084 -0.092428 -0.145140
vn -0.985084 -0.092428 -0.145140
vn -0.963658 -0.245869 -0.104458
vn -0.000000 1.000000 -0.000000
vn -0.000000 1.000000 -0.000000
vn -0.000000 1.000000 -0.000000
vn -0.000000 1.000000 -0.000000
vn 0.937216 0.347583 -0.028501
vn 0.756397 0.651924 -0.053460
vn 0.759998 0.649925 0.000003
vn 0.938083 0.346411 0.000004
vn -0.949995 0.310928 -0.028862
vn -0.804639 0.591223 -0.054876
vn -0.787590 0.606382 -0.109556
vn -0.945407 0.320699 -0.057943
vn -0.000004 0.300945 0.953641
vn -0.000004 0.131155 0.991362
vn -0.000004 0.131155 0.991362
vn -0.000004 0.399059 0.916925
vn -1.000000 -0.000000 -0.000004
vn -1.000000 -0.000000 -0.000004
vn -1.000000 -0.000000 -0.000004
vn -1.000000 -0.000000 -0.000004
vn 0.000004 -0.000000 -1.000000
vn 0.000004 -0.000000 -1.000000
vn 0.000004 0.195706 -0.980663
vn 0.000004 0.195706 -0.980663
vn 0.000004 0.195706 -0.980663
vn 0.000004 0.195706 -0.980663
vn 0.000004 -0.000000 -1.000000
vn 0.000004 -0.000000 -1.000000
vn 1.000000 0.000000 0.000004
vn 1.000000 0.000000 0.000004
vn 1.000000 0.000000 0.000004
vn 1.000000 0.000000 0.000004
vn -0.000004 0.300945 0.953641
vn -0.000004 0.399059 0.916925
vn -0.000004 0.131155 0.991362
vn -0.000004 0.131155 0.991362
vn 0.000000 -1.000000 0.000000
vn 0.000000 -1.000000 0.000000
vn 0.000000 -1.000000 0.000000
vn 0.000000 -1.000000 0.000000
vn -0.979216 -0.147793 0.138901
vn -0.980606 -0.069597 0.183218
vn -0.980606 -0.069597 0.183218
vn -0.979216 -0.147793 0.138901
vn 1.000000 0.000000 0.000004
vn 1.000000 0.000000 0.000004
vn 1.000000 0.000000 0.000004
vn 1.000000 0.000000 0.000004
vn -1.000000 -0.000000 -0.000004
vn -1.000000 -0.000000 -0.000004
vn -1.000000 -0.000000 -0.000004
vn -1.000000 -0.000000 -0.000004
vn -1.000000 -0.000000 -0.000004
vn -1.000000 -0.000000 -0.000004
vn -1.000000 -0.000000 -0.000004
vn -1.000000 -0.000000 -0.000004
vn -0.000004 -0.306733 0.951796
vn -0.000004 -0.252979 0.967472
vn -0.000004 -0.252979 0.967472
vn -0.000004 -0.306733 0.951796
vn 1.000000 0.000000 0.000004
vn 1.000000 0.000000 0.000004
vn 1.000000 0.000000 0.000004
vn 1.000000 0.000000 0.000004
vn 0.000000 -1.000000 0.000000
vn 0.000000 -1.000000 0.000000
vn 0.000000 -1.000000 0.000000
vn 0.000000 -1.000000 0.000000
vn 0.000000 -1.000000 0.000000
vn 0.000000 -1.000000 0.000000
vn 0.000000 -1.000000 0.000000
vn 0.000000 -1.000000 0.000000
vn 0.000000 -1.000000 0.000000
vn 0.000000 -1.000000 0.000000
vn 0.000000 -1.000000 0.000000
vn 0.000000 -1.000000 0.000000
vn -0.000004 -0.300584 0.953755
vn -0.000004 -0.229501 0.973308
vn -0.000004 -0.229501 0.973308
vn -0.000004 -0.300584 0.953755
vn 0.000000 -1.000000 0.000000
vn 0.000000 -1.000000 0.000000
vn 0.000000 -1.000000 0.000000
vn 0.000000 -1.000000 0.000000
vn -1.000000 -0.000000 -0.000004
vn -1.000000 -0.000000 -0.000004
vn -1.000000 -0.000000 -0.000004
vn -1.000000 -0.000000 -0.000004
vn -0.000000 1.000000 -0.000000
vn -0.000000 1.000000 -0.000000
vn -0.000000 1.000000 -0.000000
vn -0.000000 1.000000 -0.000000
vn 0.979420 -0.146757 0.138556
vn 0.980871 -0.067065 0.182739
vn 0.980871 -0.067065 0.182739
vn 0.979420 -0.146757 0.138556
vn 0.000000 -1.000000 0.000000
vn 0.000000 -1.000000 0.000000
vn 0.000000 -1.000000 0.000000
vn 0.000000 -1.000000 0.000000
vn 0.000000 -1.000000 0.000000
vn 0.000000 -1.000000 0.000000
vn 0.000000 -1.000000 0.000000
vn 0.000000 -1.000000 0.000000
vn 0.072552 -0.298507 -0.951646
vn 0.000004 -0.229311 -0.973353
vn 0.000004 -0.229311 -0.973353
vn 0.072552 -0.298507 -0.951646
vn 0.000000 -1.000000 0.000000
vn 0.000000 -1.000000 0.000000
vn 0.000000 -1.000000 0.000000
vn 0.000000 -1.000000 0.000000
vn 0.000000 -1.000000 0.000000
vn 0.000000 -1.000000 0.000000
vn 0.000000 -1.000000 0.000000
vn 0.000000 -1.000000 0.000000
vn -0.071658 -0.296339 -0.952391
vn 0.000004 -0.229501 -0.973308
vn 0.000004 -0.229501 -0.973308
vn -0.071658 -0.296339 -0.952391
vn 0.756017 -0.654546 -0.002781
vn 0.963672 -0.245890 -0.104279
vn 0.963672 -0.245890 -0.104279
vn 0.756017 -0.654546 -0.002781
vn -1.000000 -0.000000 -0.000004
vn -1.000000 -0.000000 -0.000004
vn -1.000000 -0.000000 -0.000004
vn -1.000000 -0.000000 -0.000004
vn -0.000004 -0.143342 0.989673
vn -0.000004 -0.433535 0.901137
vn -0.000004 -0.433535 0.901137
vn -0.000004 -0.143342 0.989673
vn 0.000003 -0.724970 -0.688781
vn 0.000003 -0.722553 -0.691316
vn 0.000003 -0.722553 -0.691316
vn 0.000003 -0.724970 -0.688781
vn -0.756095 -0.654456 -0.002820
vn -0.963658 -0.245869 -0.104458
vn -0.963658 -0.245869 -0.104458
vn -0.756095 -0.654456 -0.002820
vn -0.000004 0.131155 0.991362
vn -0.000004 0.260044 0.965597
vn -0.000004 0.260044 0.965597
vn -0.000004 0.131155 0.991362
vn -0.969914 -0.224794 0.093463
vn -0.979216 -0.147793 0.138901
vn -0.979216 -0.147793 0.138901
vn -0.969914 -0.224794 0.093463
vn -1.000000 -0.000000 -0.000004
vn -1.000000 -0.000000 -0.000004
vn -1.000000 -0.000000 -0.000004
vn -1.000000 -0.000000 -0.000004
vn -0.000004 -0.359525 0.933135
vn -0.000004 -0.306733 0.951796
vn -0.000004 -0.306733 0.951796
vn -0.000004 -0.359525 0.933135
vn 1.000000 0.000000 0.000004
vn 1.000000 0.000000 0.000004
vn 1.000000 0.000000 0.000004
vn 1.000000 0.000000 0.000004
vn 0.000004 0.195706 -0.980663
vn 0.000004 0.383844 -0.923398
vn 0.000004 0.383844 -0.923398
vn 0.000004 0.195706 -0.980663
vn -0.000004 -0.370034 0.929018
vn -0.000004 -0.300584 0.953755
vn -0.000004 -0.300584 0.953755
vn -0.000004 -0.370034 0.929018
vn -0.000004 0.131155 0.991362
vn -0.000004 0.260044 0.965597
vn -0.000004 0.260044 0.965597
vn -0.000004 0.131155 0.991362
vn 0.969835 -0.225231 0.093223
vn 0.979420 -0.146757 0.138556
vn 0.979420 -0.146757 0.138556
vn 0.969835 -0.225231 0.093223
vn 0.000004 0.195706 -0.980663
vn 0.000004 0.383844 -0.923398
vn 0.000004 0.383844 -0.923398
vn 0.000004 0.195706 -0.980663
vn -0.142602 -0.360201 -0.921911
vn -0.071658 -0.296339 -0.952391
vn -0.071658 -0.296339 -0.952391
vn -0.142602 -0.360201 -0.921911
vn 0.013717 0.991559 -0.128929
vn 0.027448 0.990826 -0.132328
vn 0.140379 0.859267 -0.491888
vn 0.070757 0.856659 -0.511007
vn -0.026069 0.990793 -0.132850
vn -0.013027 0.991534 -0.129189
vn -0.070035 0.856576 -0.511246
vn -0.138956 0.859195 -0.492418
vn -0.259439 0.374274 -0.890286
vn -0.138956 0.859195 -0.492418
vn -0.171749 0.480707 -0.859897
vn -0.013027 0.991534 -0.129189
vn 0.013717 0.991559 -0.128929
vn 0.070757 0.856659 -0.511007
vn -0.070035 0.856576 -0.511246
vn -0.000000 1.000000 -0.000000
vn -0.000000 1.000000 -0.000000
vn 0.027448 0.990826 -0.132328
vn 0.013717 0.991559 -0.128929
vn -0.000000 1.000000 -0.000000
vn -0.000000 1.000000 -0.000000
vn -0.013027 0.991534 -0.129189
vn -0.026069 0.990793 -0.132850
vn -0.000000 1.000000 -0.000000
vn -0.000000 1.000000 -0.000000
vn 0.013717 0.991559 -0.128929
vn -0.013027 0.991534 -0.129189
vn -0.000004 0.300945 0.953641
vn -0.000004 0.573988 0.818864
vn -0.000004 0.573988 0.818864
vn -0.000004 0.604400 0.796681
vn -0.953641 0.300945 -0.000004
vn -0.818864 0.573988 -0.000004
vn -0.804639 0.591223 -0.054876
vn -0.949995 0.310928 -0.028862
vn 0.935581 0.348473 -0.057058
vn 0.750622 0.652049 -0.106770
vn 0.756397 0.651924 -0.053460
vn 0.937216 0.347583 -0.028501
vn 0.000004 -0.000000 -1.000000
vn 0.000004 -0.000000 -1.000000
vn 0.107759 0.004702 -0.994166
vn 0.066700 -0.000000 -0.997773
vn 0.066808 -0.057315 -0.996118
vn 0.000004 -0.037946 -0.999280
vn 0.000004 -0.056930 -0.998378
vn -0.066773 -0.028646 -0.997357
vn -0.089035 -0.000000 -0.996028
vn 0.000004 -0.000000 -1.000000
vn 0.000004 -0.000000 -1.000000
vn -0.272790 -0.000000 -0.962074
vn -0.282522 -0.000000 -0.959261
vn -0.288347 -0.000000 -0.957526
vn 0.000004 -0.000000 -1.000000
vn -0.066691 -0.000000 -0.997774
vn 0.038878 0.046396 -0.998166
vn -0.077688 0.096245 -0.992321
vn 0.000004 0.162768 -0.986664
vn 0.000004 0.162768 -0.986664
vn 0.000004 0.314010 -0.949420
vn 0.000004 0.306807 -0.951772
vn 0.000004 0.299587 -0.954069
vn 0.000004 0.306807 -0.951772
vn 0.000004 0.310411 -0.950603
vn 0.000004 0.299587 -0.954069
vn -0.000004 0.000000 1.000000
vn -0.066700 0.000000 0.997773
vn 0.045417 -0.054210 0.997496
vn -0.109093 -0.135139 0.984803
vn -0.000004 -0.306807 0.951772
vn -0.000004 -0.310411 0.950603
vn -0.000004 -0.299587 0.954069
vn -0.000004 -0.299587 0.954069
vn -0.000004 -0.314010 0.949420
vn -0.000004 -0.321194 0.947013
vn -0.000004 -0.306807 0.951772
vn 0.000004 -0.000000 -1.000000
vn 0.000004 -0.000000 -1.000000
vn 0.000004 -0.000000 -1.000000
vn 0.000004 -0.000000 -1.000000
vn 0.000004 -0.000000 -1.000000
vn 0.000004 -0.000000 -1.000000
vn 0.000004 -0.000000 -1.000000
vn 0.000004 -0.000000 -1.000000
vn 0.000000 -1.000000 0.000000
vn 0.000000 -1.000000 0.000000
vn 0.000000 -1.000000 0.000000
vn 0.000000 -1.000000 0.000000
vn -0.000000 1.000000 -0.000000
vn -0.000000 1.000000 -0.000000
vn -0.000000 1.000000 -0.000000
vn -0.000000 1.000000 -0.000000
vn -0.225446 -0.974256 -0.000001
vn -0.345124 -0.938557 -0.000001
vn -0.345124 -0.938557 -0.000001
vn -0.225446 -0.974256 -0.000001
vn -0.000004 0.000000 1.000000
vn -0.000004 0.000000 1.000000
vn -0.133699 0.000000 0.991022
vn -0.066700 0.000000 0.997773
vn 0.000004 -0.000000 -1.000000
vn 0.000004 -0.000000 -1.000000
vn -0.089035 -0.000000 -0.996028
vn -0.066691 -0.000000 -0.997774
vn -1.000000 -0.000000 -0.000004
vn -1.000000 -0.000000 -0.000004
vn -1.000000 -0.000000 -0.000004
vn -1.000000 -0.000000 -0.000004
vn 1.000000 0.000000 0.000004
vn 1.000000 0.000000 0.000004
vn 1.000000 0.000000 0.000004
vn 1.000000 0.000000 0.000004
vn 1.000000 0.000000 0.000004
vn 1.000000 0.000000 0.000004
vn 1.000000 0.000000 0.000004
vn 1.000000 0.000000 0.000004
vn -1.000000 -0.000000 -0.000004
vn -1.000000 -0.000000 -0.000004
vn -1.000000 -0.000000 -0.000004
vn -1.000000 -0.000000 -0.000004
vn -0.077688 0.096245 -0.992321
vn -0.066691 -0.000000 -0.997774
vn -0.274159 0.006401 -0.961663
vn -0.281943 0.006401 -0.959410
vn -0.282522 -0.000000 -0.959261
vn -0.288347 -0.000000 -0.957526
vn 0.076265 0.000000 0.997088
vn 0.282522 0.000000 0.959261
vn 0.272790 0.000000 0.962074
vn 0.288347 0.000000 0.957526
vn 0.282522 0.000000 0.959261
vn 0.277712 -0.005827 0.960647
vn 0.288347 0.000000 0.957526
vn 0.276669 -0.011654 0.960895
vn 0.107751 -0.004702 0.994167
vn -0.000000 1.000000 -0.000000
vn -0.000000 1.000000 -0.000000
vn -0.000000 1.000000 -0.000000
vn -0.000000 1.000000 -0.000000
vn 0.000000 -1.000000 0.000000
vn 0.000000 -1.000000 0.000000
vn 0.000000 -1.000000 0.000000
vn 0.000000 -1.000000 0.000000
vn 1.000000 0.000000 0.000004
vn 1.000000 0.000000 0.000004
vn 1.000000 0.000000 0.000004
vn 1.000000 0.000000 0.000004
vn 1.000000 0.000000 0.000004
vn 1.000000 0.000000 0.000004
vn 1.000000 0.000000 0.000004
vn 1.000000 0.000000 0.000004
vn 0.066700 -0.000000 -0.997773
vn 0.282530 -0.000000 -0.959258
vn 0.272798 -0.000000 -0.962071
vn 0.288355 -0.000000 -0.957524
vn 0.282530 -0.000000 -0.959258
vn 0.277720 0.005827 -0.960644
vn 0.288355 -0.000000 -0.957524
vn 0.276677 0.011655 -0.960892
vn 0.107759 0.004702 -0.994166
vn 0.000000 -1.000000 0.000000
vn 0.000000 -1.000000 0.000000
vn 0.000000 -1.000000 0.000000
vn 0.000000 -1.000000 0.000000
vn -0.225447 0.974255 -0.000001
vn -0.225447 0.974255 -0.000001
vn -0.225447 0.974255 -0.000001
vn -0.225447 0.974255 -0.000001
vn 0.000000 -1.000000 0.000000
vn 0.000000 -1.000000 0.000000
vn 0.000000 -1.000000 0.000000
vn 0.000000 -1.000000 0.000000
vn 0.225447 -0.974256 0.000001
vn 0.345125 -0.938557 0.000002
vn 0.345125 -0.938557 0.000002
vn 0.225447 -0.974256 0.000001
vn 0.225447 0.974256 0.000001
vn 0.225447 0.974256 0.000001
vn 0.225447 0.974256 0.000001
vn 0.225447 0.974256 0.000001
vn -0.109093 -0.135139 0.984803
vn -0.066700 0.000000 0.997773
vn -0.274167 -0.006401 0.961661
vn -0.281952 -0.006401 0.959407
vn -0.133699 0.000000 0.991022
vn -0.066781 0.028646 0.997356
vn -0.272798 0.000000 0.962071
vn -0.282530 0.000000 0.959258
vn -0.288355 0.000000 0.957524
vn -0.281952 -0.006401 0.959407
vn -0.274167 -0.006401 0.961661
vn 0.345125 -0.938557 0.000002
vn 0.459420 -0.888219 0.000002
vn 0.459420 -0.888219 0.000002
vn 0.345125 -0.938557 0.000002
vn -0.345124 -0.938557 -0.000001
vn -0.459420 -0.888219 -0.000002
vn -0.459420 -0.888219 -0.000002
vn -0.345124 -0.938557 -0.000001
vn -1.000000 -0.000000 -0.000004
vn -1.000000 -0.000000 -0.000004
vn -1.000000 -0.000000 -0.000004
vn -1.000000 -0.000000 -0.000004
vn -1.000000 -0.000000 -0.000004
vn -1.000000 -0.000000 -0.000004
vn -1.000000 -0.000000 -0.000004
vn -1.000000 -0.000000 -0.000004
vn 0.000004 -0.000000 -1.000000
vn 0.000004 -0.000000 -1.000000
vn 0.000004 -0.000000 -1.000000
vn 0.000004 -0.000000 -1.000000
vn -0.909295 -0.416151 -0.000004
vn -0.878388 -0.477948 -0.000004
vn -0.878388 -0.477948 -0.000004
vn -0.909295 -0.416151 -0.000004
vn 0.909295 -0.416151 0.000004
vn 0.878388 -0.477948 0.000004
vn 0.878388 -0.477948 0.000004
vn 0.909295 -0.416151 0.000004
vn 0.909295 0.416151 0.000004
vn 0.909295 0.416151 0.000004
vn 0.909295 0.416151 0.000004
vn 0.909295 0.416151 0.000004
vn -0.909295 0.416151 -0.000004
vn -0.909295 0.416151 -0.000004
vn -0.909295 0.416151 -0.000004
vn -0.909295 0.416151 -0.000004
vn 0.000000 -1.000000 0.000000
vn 0.000000 -1.000000 0.000000
vn 0.000000 -1.000000 0.000000
vn 0.000000 -1.000000 0.000000
vn -0.878388 -0.477948 -0.000004
vn -0.843287 -0.537463 -0.000004
vn -0.843287 -0.537463 -0.000004
vn -0.878388 -0.477948 -0.000004
vn 0.878388 -0.477948 0.000004
vn 0.843287 -0.537463 0.000004
vn 0.843287 -0.537463 0.000004
vn 0.878388 -0.477948 0.000004
vn -0.000000 1.000000 -0.000000
vn -0.000000 1.000000 -0.000000
vn -0.000000 1.000000 -0.000000
vn -0.000000 1.000000 -0.000000
vn -0.792021 0.610494 -0.000004
vn -0.822525 0.568729 -0.000004
vn -0.792021 0.610494 -0.000004
vn -0.822525 0.568729 -0.000004
vn -0.850829 0.525443 -0.000004
vn -0.850829 0.525443 -0.000004
vn 0.792021 0.610494 0.000003
vn 0.822525 0.568729 0.000003
vn 0.792021 0.610494 0.000003
vn 0.822525 0.568729 0.000003
vn 0.850829 0.525443 0.000004
vn 0.850829 0.525443 0.000004
vn 0.792021 -0.610494 0.000004
vn 0.792021 -0.610494 0.000004
vn 0.792021 -0.610494 0.000004
vn 0.792021 -0.610494 0.000004
vn -0.792021 -0.610494 -0.000003
vn -0.792021 -0.610494 -0.000003
vn -0.792021 -0.610494 -0.000003
vn -0.792021 -0.610494 -0.000003
vn -0.000000 1.000000 -0.000000
vn -0.000000 1.000000 -0.000000
vn -0.000000 1.000000 -0.000000
vn -0.000000 1.000000 -0.000000
vn -0.000000 1.000000 -0.000000
vn -0.000000 1.000000 -0.000000
vn -0.000000 1.000000 -0.000000
vn -0.000000 1.000000 -0.000000
vn -0.000000 1.000000 -0.000000
vn -0.000000 1.000000 -0.000000
vn -0.000000 1.000000 -0.000000
vn -0.000000 1.000000 -0.000000
vn 0.000000 -1.000000 0.000000
vn 0.000000 -1.000000 0.000000
vn 0.000000 -1.000000 0.000000
vn 0.000000 -1.000000 0.000000
vn 1.000000 0.000000 0.000004
vn 1.000000 0.000000 0.000004
vn 1.000000 0.000000 0.000004
vn 1.000000 0.000000 0.000004
vn -1.000000 -0.000000 -0.000004
vn -1.000000 -0.000000 -0.000004
vn -1.000000 -0.000000 -0.000004
vn -1.000000 -0.000000 -0.000004
vn -0.000004 0.000000 1.000000
vn -0.000004 0.000000 1.000000
vn -0.000004 0.000000 1.000000
vn -0.000004 0.000000 1.000000
vn 0.000000 -0.996529 -0.083252
vn 0.000000 -0.996529 -0.083252
vn 0.000000 -0.996529 -0.083252
vn 0.000000 -0.996529 -0.083252
vn -0.000000 0.996529 0.083252
vn -0.000000 0.996529 0.083252
vn -0.000000 0.996529 0.083252
vn -0.000000 0.996529 0.083252
f 1/1/1 2/2/2 3/3/3
f 4/4/4 3/3/3 5/5/5
f 6/6/6 7/7/7 8/8/8
f 9/9/9 8/8/8 10/10/10
f 11/11/11 12/12/12 13/13/13
f 14/14/14 13/13/13 15/15/15
f 16/16/16 17/17/17 18/18/18
f 19/19/19 18/18/18 20/20/20
f 21/21/21 22/22/22 23/23/23
f 24/24/24 25/25/25 26/26/26
f 27/27/27 28/28/28 29/29/29
f 30/30/30 31/31/31 32/32/32
f 33/33/33 34/34/34 35/35/35
f 36/36/36 37/37/37 38/38/38
f 39/39/39 36/36/36 40/40/40
f 40/40/40 41/41/41 39/39/39
f 42/42/42 43/43/43 44/44/44
f 45/45/45 46/46/46 44/44/44
f 47/47/47 48/48/48 44/44/44
f 49/49/49 50/50/50 51/51/51
f 52/52/52 49/49/49 53/53/53
f 49/49/49 54/54/54 53/53/53
f 55/55/55 56/56/56 57/57/57
f 58/58/58 55/55/55 59/59/59
f 59/59/59 60/60/60 58/58/58
f 61/61/61 59/59/59 55/55/55
f 61/61/61 62/62/62 59/59/59
f 61/61/61 63/63/63 64/64/64
f 65/65/65 66/66/66 67/67/67
f 66/66/66 68/68/68 69/69/69
f 70/70/70 71/71/71 72/72/72
f 73/73/73 74/74/74 75/75/75
f 76/76/76 77/77/77 78/78/78
f 79/79/79 80/80/80 81/81/81
f 82/82/82 83/83/83 84/84/84
f 85/85/85 86/86/86 87/87/87
f 88/88/88 89/89/89 90/90/90
f 91/91/91 88/88/88 92/92/92
f 93/93/93 92/92/92 94/94/94
f 94/94/94 95/95/95 93/93/93
f 96/96/96 97/97/97 98/98/98
f 99/99/99 100/100/100 101/101/101
f 102/102/102 99/99/99 103/103/103
f 99/99/99 104/104/104 103/103/103
f 105/105/105 106/106/106 107/107/107
f 105/105/105 107/107/107 108/108/108
f 109/109/109 110/110/110 111/111/111
f 109/109/109 111/111/111 112/112/112
f 113/113/113 114/114/114 115/115/115
f 113/113/113 115/115/115 116/116/116
f 117/117/117 118/118/118 119/119/119
f 117/117/117 119/119/119 120/120/120
f 121/121/121 122/122/122 123/123/123
f 121/121/121 123/123/123 124/124/124
f 125/125/125 126/126/126 127/127/127
f 125/125/125 127/127/127 128/128/128
f 129/129/129 130/130/130 131/131/131
f 129/129/129 131/131/131 132/132/132
f 133/133/133 134/134/134 135/135/135
f 133/133/133 135/135/135 136/136/136
f 137/137/137 138/138/138 139/139/139
f 137/137/137 139/139/139 140/140/140
f 141/141/141 142/142/142 143/143/143
f 141/141/141 143/143/143 144/144/144
f 145/145/145 146/146/146 147/147/147
f 145/145/145 147/147/147 148/148/148
f 149/149/149 150/150/150 151/151/151
f 149/149/149 151/151/151 152/152/152
f 153/153/153 154/154/154 155/155/155
f 153/153/153 155/155/155 156/156/156
f 157/157/157 158/158/158 159/159/159
f 157/157/157 159/159/159 160/160/160
f 161/161/161 162/162/162 163/163/163
f 161/161/161 163/163/163 164/164/164
f 165/165/165 166/166/166 167/167/167
f 165/165/165 167/167/167 168/168/168
f 169/169/169 170/170/170 171/171/171
f 169/169/169 171/171/171 172/172/172
f 173/173/173 174/174/174 175/175/175
f 173/173/173 175/175/175 176/176/176
f 177/177/177 178/178/178 179/179/179
f 177/177/177 179/179/179 180/180/180
f 181/181/181 182/182/182 183/183/183
f 181/181/181 183/183/183 184/184/184
f 185/185/185 186/186/186 187/187/187
f 185/185/185 187/187/187 188/188/188
f 189/189/189 190/190/190 191/191/191
f 189/189/189 191/191/191 192/192/192
f 193/193/193 194/194/194 195/195/195
f 193/193/193 195/195/195 196/196/196
f 197/197/197 198/198/198 199/199/199
f 197/197/197 199/199/199 200/200/200
f 201/201/201 202/202/202 203/203/203
f 201/201/201 203/203/203 204/204/204
f 205/205/205 206/206/206 207/207/207
f 205/205/205 207/207/207 208/208/208
f 209/209/209 210/210/210 211/211/211
f 209/209/209 211/211/211 212/212/212
f 213/213/213 214/214/214 215/215/215
f 213/213/213 215/215/215 216/216/216
f 217/217/217 218/218/218 216/216/216
f 217/217/217 219/219/219 218/218/218
f 220/220/220 221/221/221 222/222/222
f 220/220/220 222/222/222 223/223/223
f 224/224/224 225/225/225 226/226/226
f 224/224/224 226/226/226 227/227/227
f 228/228/228 229/229/229 230/230/230
f 228/228/228 230/230/230 231/231/231
f 232/232/232 233/233/233 234/234/234
f 232/232/232 234/234/234 235/235/235
f 236/236/236 237/237/237 238/238/238
f 236/236/236 238/238/238 239/239/239
f 240/240/240 241/241/241 242/242/242
f 240/240/240 242/242/242 243/243/243
f 244/244/244 245/245/245 246/246/246
f 244/244/244 246/246/246 247/247/247
f 248/248/248 249/249/249 250/250/250
f 248/248/248 250/250/250 251/251/251
f 252/252/252 253/253/253 254/254/254
f 252/252/252 254/254/254 255/255/255
f 256/256/256 257/257/257 258/258/258
f 256/256/256 258/258/258 259/259/259
f 260/260/260 261/261/261 262/262/262
f 260/260/260 262/262/262 263/263/263
f 264/264/264 265/265/265 266/266/266
f 264/264/264 266/266/266 267/267/267
f 268/268/268 269/269/269 270/270/270
f 268/268/268 270/270/270 271/271/271
f 272/272/272 273/273/273 274/274/274
f 272/272/272 274/274/274 275/275/275
f 276/276/276 277/277/277 278/278/278
f 276/276/276 278/278/278 279/279/279
f 280/280/280 281/281/281 282/282/282
f 280/280/280 282/282/282 283/283/283
f 284/284/284 285/285/285 286/286/286
f 284/284/284 286/286/286 287/287/287
f 288/288/288 289/289/289 290/290/290
f 288/288/288 290/290/290 291/291/291
f 292/292/292 293/293/293 294/294/294
f 292/292/292 294/294/294 295/295/295
f 296/296/296 297/297/297 298/298/298
f 296/296/296 298/298/298 299/299/299
f 300/300/300 301/301/301 302/302/302
f 300/300/300 302/302/302 303/303/303
f 304/304/304 305/305/305 306/306/306
f 304/304/304 306/306/306 307/307/307
f 308/308/308 309/309/309 310/310/310
f 308/308/308 310/310/310 311/311/311
f 312/312/312 313/313/313 314/314/314
f 312/312/312 314/314/314 315/315/315
f 316/316/316 317/317/317 318/318/318
f 316/316/316 318/318/318 319/319/319
f 320/320/320 321/321/321 322/322/322
f 320/320/320 322/322/322 323/323/323
f 324/324/324 325/325/325 326/326/326
f 324/324/324 326/326/326 327/327/327
f 328/328/328 329/329/329 330/330/330
f 328/328/328 330/330/330 331/331/331
f 332/332/332 333/333/333 334/334/334
f 332/332/332 334/334/334 335/335/335
f 336/336/336 337/337/337 338/338/338
f 336/336/336 338/338/338 339/339/339
f 340/340/340 341/341/341 342/342/342
f 340/340/340 342/342/342 343/343/343
f 344/344/344 345/345/345 346/346/346
f 344/344/344 346/346/346 347/347/347
f 348/348/348 349/349/349 350/350/350
f 348/348/348 350/350/350 351/351/351
f 352/352/352 353/353/353 354/354/354
f 352/352/352 354/354/354 355/355/355
f 356/356/356 357/357/357 358/358/358
f 356/356/356 358/358/358 359/359/359
f 360/360/360 361/361/361 362/362/362
f 360/360/360 362/362/362 363/363/363
f 364/364/364 365/365/365 366/366/366
f 364/364/364 366/366/366 367/367/367
f 368/368/368 369/369/369 370/370/370
f 368/368/368 370/370/370 371/371/371
f 372/372/372 373/373/373 374/374/374
f 372/372/372 374/374/374 375/375/375
f 376/376/376 377/377/377 378/378/378
f 376/376/376 378/378/378 379/379/379
f 380/380/380 381/381/381 382/382/382
f 380/380/380 382/382/382 383/383/383
f 384/384/384 385/385/385 386/386/386
f 384/384/384 386/386/386 387/387/387
f 388/388/388 389/389/389 390/390/390
f 388/388/388 390/390/390 391/391/391
f 392/392/392 393/393/393 394/394/394
f 392/392/392 394/394/394 395/395/395
f 396/396/396 397/397/397 398/398/398
f 396/396/396 398/398/398 399/399/399
f 400/400/400 401/401/401 402/402/402
f 400/400/400 402/402/402 403/403/403
f 404/404/404 405/405/405 406/406/406
f 404/404/404 406/406/406 407/407/407
f 408/408/408 409/409/409 410/410/410
f 408/408/408 410/410/410 411/411/411
f 412/412/412 413/413/413 414/414/414
f 412/412/412 414/414/414 415/415/415
f 416/416/416 417/417/417 418/418/418
f 416/416/416 418/418/418 419/419/419
f 420/420/420 421/421/421 422/422/422
f 420/420/420 422/422/422 423/423/423
f 424/424/424 425/425/425 426/426/426
f 424/424/424 426/426/426 427/427/427
f 428/428/428 429/429/429 430/430/430
f 428/428/428 430/430/430 431/431/431
f 432/432/432 433/433/433 434/434/434
f 432/432/432 434/434/434 435/435/435
f 436/436/436 437/437/437 438/438/438
f 436/436/436 438/438/438 439/439/439
f 440/440/440 441/441/441 438/438/438
f 440/440/440 438/438/438 442/442/442
f 443/443/443 444/444/444 445/445/445
f 443/443/443 445/445/445 446/446/446
f 447/447/447 448/448/448 449/449/449
f 447/447/447 449/449/449 450/450/450
f 451/451/451 452/452/452 453/453/453
f 451/451/451 453/453/453 454/454/454
f 455/455/455 456/456/456 457/457/457
f 455/455/455 457/457/457 458/458/458
f 459/459/459 460/460/460 461/461/461
f 459/459/459 461/461/461 462/462/462
f 463/463/463 464/464/464 465/465/465
f 463/463/463 465/465/465 466/466/466
f 467/467/467 468/468/468 469/469/469
f 467/467/467 469/469/469 470/470/470
f 471/471/471 472/472/472 473/473/473
f 473/473/473 474/474/474 471/471/471
f 474/474/474 475/475/475 476/476/476
f 476/476/476 477/477/477 474/474/474
f 477/477/477 478/478/478 474/474/474
f 479/479/479 480/480/480 474/474/474
f 479/479/479 481/481/481 480/480/480
f 482/482/482 483/483/483 479/479/479
f 482/482/482 484/484/484 483/483/483
f 485/485/485 486/486/486 487/487/487
f 486/486/486 488/488/488 487/487/487
f 488/488/488 489/489/489 487/487/487
f 488/488/488 490/490/490 489/489/489
f 491/491/491 487/487/487 489/489/489
f 489/489/489 492/492/492 491/491/491
f 492/492/492 493/493/493 491/491/491
f 488/488/488 494/494/494 495/495/495
f 494/494/494 496/496/496 493/493/493
f 497/497/497 498/498/498 499/499/499
f 498/498/498 500/500/500 499/499/499
f 500/500/500 501/501/501 502/502/502
f 501/501/501 503/503/503 504/504/504
f 505/505/505 499/499/499 506/506/506
f 507/507/507 504/504/504 505/505/505
f 506/506/506 507/507/507 505/505/505
f 508/508/508 509/509/509 510/510/510
f 508/508/508 511/511/511 509/509/509
f 512/512/512 513/513/513 514/514/514
f 512/512/512 515/515/515 513/513/513
f 516/516/516 517/517/517 518/518/518
f 516/516/516 518/518/518 519/519/519
f 520/520/520 521/521/521 522/522/522
f 520/520/520 522/522/522 523/523/523
f 524/524/524 525/525/525 526/526/526
f 524/524/524 526/526/526 527/527/527
f 528/528/528 529/529/529 530/530/530
f 528/528/528 530/530/530 531/531/531
f 532/532/532 533/533/533 534/534/534
f 532/532/532 534/534/534 535/535/535
f 536/536/536 537/537/537 538/538/538
f 536/536/536 538/538/538 539/539/539
f 540/540/540 541/541/541 542/542/542
f 540/540/540 542/542/542 543/543/543
f 544/544/544 545/545/545 546/546/546
f 544/544/544 546/546/546 547/547/547
f 548/548/548 549/549/549 550/550/550
f 548/548/548 550/550/550 551/551/551
f 552/552/552 553/553/553 554/554/554
f 555/555/555 552/552/552 554/554/554
f 555/555/555 554/554/554 556/556/556
f 557/557/557 555/555/555 556/556/556
f 558/558/558 559/559/559 560/560/560
f 559/559/559 561/561/561 560/560/560
f 562/562/562 563/563/563 564/564/564
f 562/562/562 565/565/565 563/563/563
f 565/565/565 566/566/566 563/563/563
f 567/567/567 568/568/568 569/569/569
f 567/567/567 569/569/569 570/570/570
f 571/571/571 572/572/572 573/573/573
f 571/571/571 573/573/573 574/574/574
f 575/575/575 576/576/576 577/577/577
f 575/575/575 577/577/577 578/578/578
f 579/579/579 580/580/580 581/581/581
f 579/579/579 581/581/581 582/582/582
f 583/583/583 584/584/584 585/585/585
f 584/584/584 586/586/586 585/585/585
f 587/587/587 588/588/588 589/589/589
f 587/587/587 590/590/590 588/588/588
f 590/590/590 591/591/591 588/588/588
f 592/592/592 593/593/593 594/594/594
f 592/592/592 594/594/594 595/595/595
f 596/596/596 597/597/597 598/598/598
f 596/596/596 598/598/598 599/599/599
f 600/600/600 601/601/601 602/602/602
f 600/600/600 602/602/602 603/603/603
f 604/604/604 605/605/605 606/606/606
f 604/604/604 606/606/606 607/607/607
f 608/608/608 609/609/609 610/610/610
f 608/608/608 610/610/610 611/611/611
f 612/612/612 613/613/613 614/614/614
f 615/615/615 612/612/612 614/614/614
f 616/616/616 617/617/617 618/618/618
f 618/618/618 619/619/619 616/616/616
f 618/618/618 620/620/620 619/619/619
f 620/620/620 621/621/621 619/619/619
f 621/621/621 622/622/622 619/619/619
f 623/623/623 624/624/624 625/625/625
f 623/623/623 625/625/625 626/626/626
f 627/627/627 628/628/628 629/629/629
f 627/627/627 629/629/629 630/630/630
f 631/631/631 632/632/632 633/633/633
f 631/631/631 633/633/633 634/634/634
f 635/635/635 636/636/636 637/637/637
f 635/635/635 637/637/637 638/638/638
f 639/639/639 640/640/640 641/641/641
f 639/639/639 642/642/642 640/640/640
f 643/643/643 644/644/644 645/645/645
f 643/643/643 645/645/645 646/646/646
f 647/647/647 648/648/648 649/649/649
f 647/647/647 649/649/649 650/650/650
f 651/651/651 652/652/652 653/653/653
f 651/651/651 653/653/653 654/654/654
f 655/655/655 656/656/656 657/657/657
f 655/655/655 657/657/657 658/658/658
f 659/659/659 660/660/660 661/661/661
f 659/659/659 661/661/661 662/662/662
f 663/663/663 664/664/664 665/665/665
f 663/663/663 665/665/665 666/666/666
f 667/667/667 668/668/668 669/669/669
f 667/667/667 669/669/669 670/670/670
f 671/671/671 672/672/672 673/673/673
f 671/671/671 673/673/673 674/674/674
f 675/675/675 676/676/676 677/677/677
f 675/675/675 678/678/678 676/676/676
f 678/678/678 679/679/679 676/676/676
f 678/678/678 680/680/680 679/679/679
f 681/681/681 682/682/682 683/683/683
f 681/681/681 684/684/684 682/682/682
f 684/684/684 685/685/685 682/682/682
f 684/684/684 686/686/686 685/685/685
f 687/687/687 688/688/688 689/689/689
f 687/687/687 689/689/689 690/690/690
f 691/691/691 692/692/692 693/693/693
f 691/691/691 693/693/693 694/694/694
f 695/695/695 696/696/696 697/697/697
f 695/695/695 697/697/697 698/698/698
f 699/699/699 700/700/700 701/701/701
f 699/699/699 701/701/701 702/702/702
f 703/703/703 704/704/704 705/705/705
f 703/703/703 705/705/705 706/706/706
f 707/707/707 708/708/708 709/709/709
f 707/707/707 709/709/709 710/710/710
f 711/711/711 712/712/712 713/713/713
f 711/711/711 713/713/713 714/714/714
f 715/715/715 716/716/716 717/717/717
f 715/715/715 717/717/717 718/718/718
f 719/719/719 720/720/720 721/721/721
f 719/719/719 721/721/721 722/722/722
f 723/723/723 724/724/724 725/725/725
f 723/723/723 725/725/725 726/726/726
f 727/727/727 728/728/728 729/729/729
f 727/727/727 729/729/729 730/730/730
