g Model_0
v 0.200000 0.120208 0.049498
v 0.200000 0.120208 -0.049497
v 0.200000 0.250000 0.000001
v 0.200000 -0.036557 -0.071911
v 0.200001 -0.049497 -0.120207
v 0.200000 0.036557 -0.071911
v 0.200000 0.036557 -0.071911
v 0.200001 -0.049497 -0.120207
v 0.200001 0.049498 -0.120207
v 0.100000 -0.600000 0.000000
v 0.200000 -0.585000 0.000001
v 0.199999 -0.517992 0.271864
v 0.099999 -0.531274 0.278834
v -0.100000 -0.600000 -0.000000
v 0.199998 -0.332318 0.481446
v -0.100001 -0.531274 0.278833
v -0.200000 -0.585000 -0.000001
v -0.200001 -0.517992 0.271862
v -0.100002 -0.340839 0.493790
v -0.200002 -0.332318 0.481445
v 0.099998 -0.340839 0.493791
v 0.199997 -0.070514 0.580736
v -0.100003 -0.072322 0.595625
v -0.200003 -0.070514 0.580734
v 0.099997 -0.072322 0.595626
v 0.199998 0.207444 0.546985
v -0.100002 0.212763 0.561009
v -0.200002 0.207444 0.546984
v 0.099998 0.212763 0.561010
v 0.199998 0.437879 0.387928
v -0.100002 0.449106 0.397873
v -0.200002 0.437879 0.387926
v 0.099998 0.449106 0.397874
v 0.199999 0.568001 0.140001
v -0.100001 0.582565 0.143589
v -0.200001 0.568001 0.139999
v 0.099999 0.582565 0.143590
v 0.200001 0.568001 -0.139999
v -0.099999 0.582565 -0.143590
v -0.199999 0.568001 -0.140001
v 0.100001 0.582565 -0.143589
v 0.200002 0.437879 -0.387926
v -0.099998 0.449106 -0.397874
v -0.199998 0.437879 -0.387928
v 0.100002 0.449106 -0.397873
v 0.200002 0.207444 -0.546984
v -0.099998 0.212763 -0.561010
v -0.199998 0.207444 -0.546985
v 0.100002 0.212763 -0.561009
v 0.200003 -0.070514 -0.580734
v -0.099997 -0.072322 -0.595626
v -0.199997 -0.070514 -0.580736
v 0.100003 -0.072322 -0.595625
v 0.200002 -0.332318 -0.481445
v -0.099998 -0.340839 -0.493791
v -0.199998 -0.332318 -0.481446
v 0.100002 -0.340839 -0.493790
v 0.200001 -0.517992 -0.271862
v -0.099999 -0.531274 -0.278834
v -0.199999 -0.517992 -0.271864
v 0.100001 -0.531274 -0.278833
v 0.200000 -0.585000 0.000001
v 0.100000 -0.600000 0.000000
v -0.100000 -0.600000 -0.000000
v -0.200000 -0.585000 -0.000001
v -0.200001 -0.348882 0.183107
v -0.200000 -0.394014 -0.000001
v -0.200000 -0.585000 -0.000001
v -0.200001 -0.517992 0.271862
v -0.200001 -0.223826 0.324267
v -0.200002 -0.332318 0.481445
v 0.200000 -0.394014 0.000001
v 0.199999 -0.517992 0.271864
v 0.200000 -0.585000 0.000001
v 0.199999 -0.348882 0.183109
v 0.199998 -0.332318 0.481446
v 0.199999 -0.223826 0.324268
v 0.199997 -0.070514 0.580736
v 0.199998 -0.047493 0.391143
v 0.199998 0.207444 0.546985
v 0.199998 0.139719 0.368411
v 0.199998 0.437879 0.387928
v 0.199999 0.294924 0.261281
v 0.199999 0.568001 0.140001
v 0.200000 0.382565 0.094295
v 0.200001 0.568001 -0.139999
v 0.200000 0.382565 -0.094293
v 0.200002 0.437879 -0.387926
v 0.200001 0.294924 -0.261279
v 0.200002 0.207444 -0.546984
v 0.200002 0.139719 -0.368409
v 0.200003 -0.070514 -0.580734
v 0.200002 -0.047493 -0.391141
v 0.200002 -0.332318 -0.481445
v 0.200001 -0.223826 -0.324267
v 0.200001 -0.517992 -0.271862
v 0.200001 -0.348882 -0.183107
v 0.200000 -0.585000 0.000001
v 0.200000 -0.394014 0.000001
v -0.200002 -0.047493 0.391141
v -0.200001 -0.223826 0.324267
v -0.200002 -0.332318 0.481445
v -0.200003 -0.070514 0.580734
v -0.200002 0.139719 0.368409
v -0.200002 0.207444 0.546984
v -0.200001 0.294924 0.261279
v -0.200002 0.437879 0.387926
v -0.200000 0.382565 0.094293
v -0.200001 0.568001 0.139999
v -0.200000 0.382565 -0.094295
v -0.199999 0.568001 -0.140001
v -0.199999 0.294924 -0.261281
v -0.199998 0.437879 -0.387928
v -0.199998 0.139719 -0.368411
v -0.199999 0.294924 -0.261281
v -0.199998 0.437879 -0.387928
v -0.199998 0.207444 -0.546985
v -0.199998 -0.047493 -0.391143
v -0.199997 -0.070514 -0.580736
v -0.199999 -0.223826 -0.324268
v -0.199998 -0.047493 -0.391143
v -0.199997 -0.070514 -0.580736
v -0.199998 -0.332318 -0.481446
v -0.199999 -0.348882 -0.183109
v -0.199999 -0.223826 -0.324268
v -0.199998 -0.332318 -0.481446
v -0.199999 -0.517992 -0.271864
v -0.200000 -0.394014 -0.000001
v -0.200000 -0.585000 -0.000001
v -0.119999 -0.331438 -0.173953
v -0.120000 -0.374314 -0.000001
v -0.119999 -0.212634 -0.308055
v -0.120001 -0.331438 0.173952
v -0.119998 0.132733 -0.349990
v -0.119998 -0.045119 -0.371585
v -0.120001 0.280178 0.248215
v -0.120001 -0.212634 0.308054
v -0.120002 -0.045119 0.371584
v -0.120002 0.132733 0.349989
v -0.120000 0.363437 -0.089580
v -0.120000 0.363437 0.089579
v -0.119999 0.280178 -0.248216
v 0.119999 -0.212634 0.308055
v 0.119999 -0.331438 0.173953
v 0.120000 -0.374314 0.000001
v 0.119999 0.280178 0.248216
v 0.119998 -0.045119 0.371585
v 0.119998 0.132733 0.349990
v 0.120002 0.132733 -0.349989
v 0.120002 -0.045119 -0.371584
v 0.120001 -0.212634 -0.308054
v 0.120001 -0.331438 -0.173952
v 0.120000 0.363437 -0.089579
v 0.120001 0.280178 -0.248215
v 0.120000 0.363437 0.089580
v 0.200000 -0.250000 0.000001
v 0.099999 -0.216506 0.125000
v 0.100000 -0.250000 0.000000
v 0.199999 -0.216506 0.125001
v 0.199999 -0.216506 0.125001
v 0.179998 -0.252279 0.343786
v 0.179999 -0.343786 0.252280
v 0.199999 -0.125000 0.216507
v 0.199999 -0.125000 0.216507
v 0.099999 0.000000 0.250000
v 0.099999 -0.125000 0.216507
v 0.199999 0.000000 0.250001
v 0.199999 0.000000 0.250001
v 0.119998 0.046587 0.423867
v 0.099999 0.000000 0.250000
v 0.179998 0.046587 0.423867
v 0.199999 0.125000 0.216507
v 0.099999 0.216506 0.125000
v 0.099999 0.125000 0.216507
v 0.199999 0.216506 0.125001
v 0.100000 0.250000 0.000000
v 0.180000 0.423867 0.046588
v 0.200000 0.250000 0.000001
v 0.120000 0.423867 0.046588
v 0.200000 0.250000 0.000001
v 0.100001 0.216506 -0.125000
v 0.100000 0.250000 0.000000
v 0.200001 0.216506 -0.124999
v 0.200001 0.216506 -0.124999
v 0.180002 0.252279 -0.343785
v 0.180001 0.343786 -0.252278
v 0.200001 0.125000 -0.216505
v 0.200001 0.125000 -0.216505
v 0.100001 0.000000 -0.250000
v 0.100001 0.125000 -0.216506
v 0.200001 0.000000 -0.249999
v 0.200001 -0.125000 -0.216505
v 0.180002 -0.046587 -0.423866
v 0.200001 0.000000 -0.249999
v 0.180002 -0.171587 -0.390372
v 0.200000 -0.120208 0.049498
v 0.200000 -0.133149 0.097795
v 0.199999 -0.216506 0.125001
v 0.200000 -0.250000 0.000001
v 0.200000 -0.120208 -0.049497
v 0.200001 -0.125000 -0.216505
v 0.100001 -0.216506 -0.125000
v 0.100001 -0.125000 -0.216506
v 0.200001 -0.216506 -0.124999
v 0.200001 0.216506 -0.124999
v 0.120001 0.343786 -0.252279
v 0.100001 0.216506 -0.125000
v 0.180001 0.343786 -0.252278
v 0.100001 0.125000 -0.216506
v 0.180002 0.252279 -0.343785
v 0.200001 0.125000 -0.216505
v 0.120002 0.252279 -0.343785
v 0.200000 0.250000 0.000001
v 0.179999 0.390373 0.171588
v 0.199999 0.216506 0.125001
v 0.180000 0.423867 0.046588
v 0.199999 0.216506 0.125001
v 0.119999 0.390373 0.171588
v 0.099999 0.216506 0.125000
v 0.179999 0.390373 0.171588
v 0.099999 0.125000 0.216507
v 0.179998 0.171587 0.390374
v 0.199999 0.125000 0.216507
v 0.119998 0.171587 0.390374
v 0.199999 0.125000 0.216507
v 0.179998 0.046587 0.423867
v 0.199999 0.000000 0.250001
v 0.179998 0.171587 0.390374
v 0.199999 -0.216506 0.125001
v 0.119999 -0.343786 0.252280
v 0.099999 -0.216506 0.125000
v 0.179999 -0.343786 0.252280
v 0.099999 -0.125000 0.216507
v 0.179998 -0.252279 0.343786
v 0.199999 -0.125000 0.216507
v 0.119998 -0.252279 0.343786
v 0.100000 -0.250000 0.000000
v 0.180000 -0.423867 -0.046587
v 0.200000 -0.250000 0.000001
v 0.120000 -0.423867 -0.046587
v 0.200000 -0.250000 0.000001
v 0.180001 -0.390373 -0.171587
v 0.200001 -0.216506 -0.124999
v 0.180000 -0.423867 -0.046587
v 0.200001 -0.216506 -0.124999
v 0.120001 -0.390373 -0.171587
v 0.100001 -0.216506 -0.125000
v 0.180001 -0.390373 -0.171587
v 0.200001 0.000000 -0.249999
v 0.120002 -0.046587 -0.423866
v 0.100001 0.000000 -0.250000
v 0.180002 -0.046587 -0.423866
v 0.100001 -0.125000 -0.216506
v 0.180002 -0.171587 -0.390372
v 0.200001 -0.125000 -0.216505
v 0.120002 -0.171587 -0.390372
v 0.180000 -0.120208 0.049498
v 0.200000 -0.133149 0.097795
v 0.200000 -0.120208 0.049498
v 0.180000 -0.133149 0.097795
v 0.180000 -0.133149 0.097795
v 0.199999 -0.097794 0.133150
v 0.200000 -0.133149 0.097795
v 0.179999 -0.097794 0.133150
v 0.179999 -0.097794 0.133150
v 0.199999 -0.049497 0.120209
v 0.199999 -0.097794 0.133150
v 0.179999 -0.049497 0.120209
v 0.179999 -0.049497 0.120209
v 0.200000 -0.036557 0.071913
v 0.199999 -0.049497 0.120209
v 0.180000 -0.036557 0.071913
v 0.180000 -0.036557 0.071913
v 0.200000 -0.071912 0.036557
v 0.200000 -0.036557 0.071913
v 0.180000 -0.071912 0.036557
v 0.180000 -0.071912 0.036557
v 0.200000 -0.120208 0.049498
v 0.200000 -0.071912 0.036557
v 0.180000 -0.120208 0.049498
v 0.180000 -0.049497 -0.120207
v 0.200001 -0.097794 -0.133148
v 0.200001 -0.049497 -0.120207
v 0.180001 -0.097794 -0.133148
v 0.200001 -0.097794 -0.133148
v 0.180000 -0.133149 -0.097793
v 0.200000 -0.133149 -0.097793
v 0.180001 -0.097794 -0.133148
v 0.180000 -0.133149 -0.097793
v 0.200000 -0.120208 -0.049497
v 0.200000 -0.133149 -0.097793
v 0.180000 -0.120208 -0.049497
v 0.180000 -0.120208 -0.049497
v 0.200000 -0.071912 -0.036556
v 0.200000 -0.120208 -0.049497
v 0.180000 -0.071912 -0.036556
v 0.180000 -0.071912 -0.036556
v 0.200000 -0.036557 -0.071911
v 0.200000 -0.071912 -0.036556
v 0.180000 -0.036557 -0.071911
v 0.180000 -0.036557 -0.071911
v 0.200001 -0.049497 -0.120207
v 0.200000 -0.036557 -0.071911
v 0.180000 -0.049497 -0.120207
v 0.180000 0.120208 -0.049497
v 0.200000 0.133149 -0.097793
v 0.200000 0.120208 -0.049497
v 0.180000 0.133149 -0.097793
v 0.180000 0.133149 -0.097793
v 0.200001 0.097794 -0.133148
v 0.200000 0.133149 -0.097793
v 0.180001 0.097794 -0.133148
v 0.200001 0.097794 -0.133148
v 0.180000 0.049498 -0.120207
v 0.200001 0.049498 -0.120207
v 0.180001 0.097794 -0.133148
v 0.180000 0.049498 -0.120207
v 0.200000 0.036557 -0.071911
v 0.200001 0.049498 -0.120207
v 0.180000 0.036557 -0.071911
v 0.180000 0.071912 -0.036556
v 0.200000 0.036557 -0.071911
v 0.180000 0.036557 -0.071911
v 0.200000 0.071912 -0.036556
v 0.180000 0.071912 -0.036556
v 0.200000 0.120208 -0.049497
v 0.200000 0.071912 -0.036556
v 0.180000 0.120208 -0.049497
v 0.179999 0.049497 0.120209
v 0.199999 0.097794 0.133150
v 0.199999 0.049497 0.120209
v 0.179999 0.097794 0.133150
v 0.179999 0.097794 0.133150
v 0.200000 0.133149 0.097795
v 0.199999 0.097794 0.133150
v 0.180000 0.133149 0.097795
v 0.180000 0.133149 0.097795
v 0.200000 0.120208 0.049498
v 0.200000 0.133149 0.097795
v 0.180000 0.120208 0.049498
v 0.180000 0.120208 0.049498
v 0.200000 0.071912 0.036557
v 0.200000 0.120208 0.049498
v 0.180000 0.071912 0.036557
v 0.200000 0.071912 0.036557
v 0.180000 0.036557 0.071913
v 0.200000 0.036557 0.071913
v 0.180000 0.071912 0.036557
v 0.180000 0.036557 0.071913
v 0.199999 0.049497 0.120209
v 0.200000 0.036557 0.071913
v 0.179999 0.049497 0.120209
v 0.180000 0.120208 0.049498
v 0.180000 0.036557 0.071913
v 0.180000 0.071912 0.036557
v 0.180000 0.133149 0.097795
v 0.179999 0.097794 0.133150
v 0.179999 0.049497 0.120209
v 0.180000 -0.071912 0.036557
v 0.180000 -0.133149 0.097795
v 0.180000 -0.120208 0.049498
v 0.179999 -0.049497 0.120209
v 0.179999 -0.097794 0.133150
v 0.180000 -0.036557 0.071913
v 0.180000 -0.036557 -0.071911
v 0.180001 -0.097794 -0.133148
v 0.180000 -0.049497 -0.120207
v 0.180000 -0.071912 -0.036556
v 0.180000 -0.120208 -0.049497
v 0.180000 -0.133149 -0.097793
v 0.180000 0.071912 -0.036556
v 0.180000 0.133149 -0.097793
v 0.180000 0.120208 -0.049497
v 0.180000 0.049498 -0.120207
v 0.180001 0.097794 -0.133148
v 0.180000 0.036557 -0.071911
v 0.200000 0.036557 -0.071911
v 0.200000 0.071912 -0.036556
v 0.200000 0.071912 0.036557
v 0.200000 -0.036557 -0.071911
v 0.200000 -0.071912 0.036557
v 0.200000 -0.071912 -0.036556
v 0.200000 0.036557 0.071913
v 0.200000 -0.036557 0.071913
v 0.200000 0.071912 0.036557
v 0.200000 0.071912 -0.036556
v 0.200000 0.120208 -0.049497
v 0.200000 0.120208 0.049498
v 0.200000 0.120208 -0.049497
v 0.200000 0.133149 -0.097793
v 0.200001 0.216506 -0.124999
v 0.200000 0.250000 0.000001
v 0.199999 0.216506 0.125001
v 0.200000 0.120208 0.049498
v 0.200000 0.133149 0.097795
v 0.200000 0.133149 -0.097793
v 0.200001 0.097794 -0.133148
v 0.200001 0.216506 -0.124999
v 0.200001 0.125000 -0.216505
v 0.200001 0.097794 -0.133148
v 0.200001 0.049498 -0.120207
v 0.200001 0.000000 -0.249999
v 0.200001 -0.049497 -0.120207
v 0.200001 -0.125000 -0.216505
v 0.200001 -0.097794 -0.133148
v 0.200001 -0.216506 -0.124999
v 0.200001 -0.097794 -0.133148
v 0.200000 -0.133149 -0.097793
v 0.199999 0.216506 0.125001
v 0.199999 0.125000 0.216507
v 0.200000 0.133149 0.097795
v 0.199999 0.097794 0.133150
v 0.199999 0.125000 0.216507
v 0.199999 0.049497 0.120209
v 0.199999 0.097794 0.133150
v 0.199999 0.000000 0.250001
v 0.199999 -0.049497 0.120209
v 0.200000 -0.036557 0.071913
v 0.200000 0.036557 0.071913
v 0.199999 -0.125000 0.216507
v 0.199999 -0.049497 0.120209
v 0.199999 -0.097794 0.133150
v 0.199999 -0.216506 0.125001
v 0.200000 -0.133149 0.097795
v 0.200000 -0.250000 0.000001
v 0.200001 -0.216506 -0.124999
v 0.200000 -0.120208 -0.049497
v 0.200000 -0.133149 -0.097793
v 0.200000 -0.120208 -0.049497
v 0.200000 -0.071912 -0.036556
v 0.200000 -0.120208 0.049498
v 0.200000 -0.071912 0.036557
v -0.199999 -0.176777 -0.176778
v -0.200000 -0.250000 -0.000001
v -0.200001 -0.176777 0.176776
v -0.199999 0.000000 -0.250001
v -0.200001 0.000000 0.249999
v -0.199999 0.176777 -0.176778
v -0.200001 0.176777 0.176776
v -0.200000 0.250000 -0.000001
v -0.199998 -0.047493 -0.391143
v -0.199999 -0.223826 -0.324268
v -0.119999 -0.212634 -0.308055
v -0.119998 -0.045119 -0.371585
v -0.119999 -0.331438 -0.173953
v -0.199998 0.139719 -0.368411
v -0.199999 -0.348882 -0.183109
v -0.119998 0.132733 -0.349990
v -0.120000 -0.374314 -0.000001
v -0.199999 0.294924 -0.261281
v -0.200000 -0.394014 -0.000001
v -0.119999 0.280178 -0.248216
v -0.120001 -0.331438 0.173952
v -0.200000 0.382565 -0.094295
v -0.200001 -0.348882 0.183107
v -0.120000 0.363437 -0.089580
v -0.120001 -0.212634 0.308054
v -0.200000 0.382565 0.094293
v -0.200001 -0.223826 0.324267
v -0.120000 0.363437 0.089579
v -0.120002 -0.045119 0.371584
v -0.200001 0.294924 0.261279
v -0.200002 -0.047493 0.391141
v -0.120001 0.280178 0.248215
v -0.120002 0.132733 0.349989
v -0.200002 0.139719 0.368409
v 0.199998 -0.047493 0.391143
v 0.199999 -0.223826 0.324268
v 0.119999 -0.212634 0.308055
v 0.119998 -0.045119 0.371585
v 0.119999 -0.331438 0.173953
v 0.199998 0.139719 0.368411
v 0.199999 -0.348882 0.183109
v 0.119998 0.132733 0.349990
v 0.120000 -0.374314 0.000001
v 0.199999 0.294924 0.261281
v 0.200000 -0.394014 0.000001
v 0.119999 0.280178 0.248216
v 0.120001 -0.331438 -0.173952
v 0.200000 0.382565 0.094295
v 0.200001 -0.348882 -0.183107
v 0.120000 0.363437 0.089580
v 0.120001 -0.212634 -0.308054
v 0.200000 0.382565 -0.094293
v 0.200001 -0.223826 -0.324267
v 0.120000 0.363437 -0.089579
v 0.120002 -0.045119 -0.371584
v 0.200001 0.294924 -0.261279
v 0.200002 -0.047493 -0.391141
v 0.120001 0.280178 -0.248215
v 0.120002 0.132733 -0.349989
v 0.200002 0.139719 -0.368409
v -0.199999 0.000000 -0.250001
v -0.119999 0.000000 -0.250000
v -0.119999 -0.176777 -0.176777
v -0.199999 0.176777 -0.176778
v -0.199999 -0.176777 -0.176778
v -0.119999 0.176777 -0.176777
v -0.120000 -0.250000 -0.000001
v -0.200000 0.250000 -0.000001
v -0.200000 -0.250000 -0.000001
v -0.120000 0.250000 -0.000001
v -0.120001 -0.176777 0.176776
v -0.200001 0.176777 0.176776
v -0.200001 -0.176777 0.176776
v -0.120001 0.176777 0.176776
v -0.120001 0.000000 0.249999
v -0.200001 0.000000 0.249999
vt 0.874023438 0.124816895
vt 0.874023438 0.124816895
vt 0.874023438 0.124816895
vt 0.874023438 0.124816895
vt 0.874023438 0.124816895
vt 0.874023438 0.124816895
vt 0.874023438 0.124816895
vt 0.874023438 0.124816895
vt 0.874023438 0.124816895
vt -7.79296875 0.576660156
vt -7.59375 0.528320312
vt -6.36328125 0.528320312
vt -6.5625 0.576660156
vt -7.79296875 0.673339844
vt -5.1328125 0.528320312
vt -6.5625 0.673339844
vt -7.59375 0.721679688
vt -6.36328125 0.721679688
vt -5.33203125 0.673339844
vt -5.1328125 0.721679688
vt -5.33203125 0.576660156
vt -3.90429688 0.528320312
vt -4.10546875 0.673339844
vt -3.90429688 0.721679688
vt -4.10546875 0.576660156
vt -2.67382812 0.528320312
vt -2.875 0.673339844
vt -2.67382812 0.721679688
vt -2.875 0.576660156
vt -1.44433594 0.528320312
vt -1.64453125 0.673339844
vt -1.44433594 0.721679688
vt -1.64453125 0.576660156
vt -0.215087891 0.528320312
vt -0.415039062 0.673339844
vt -0.21496582 0.721679688
vt -0.415039062 0.576660156
vt 1.01464844 0.528320312
vt 0.814453125 0.673339844
vt 1.01464844 0.721679688
vt 0.814453125 0.576660156
vt 2.24414062 0.528320312
vt 2.04492188 0.673339844
vt 2.24414062 0.721679688
vt 2.04492188 0.576660156
vt 3.47460938 0.528320312
vt 3.2734375 0.673339844
vt 3.47460938 0.721679688
vt 3.2734375 0.576660156
vt 4.703125 0.528320312
vt 4.50390625 0.673339844
vt 4.703125 0.721679688
vt 4.50390625 0.576660156
vt 5.93359375 0.528320312
vt 5.734375 0.673339844
vt 5.93359375 0.721679688
vt 5.734375 0.576660156
vt 7.1640625 0.528320312
vt 6.96484375 0.673339844
vt 7.1640625 0.721679688
vt 6.96484375 0.576660156
vt 8.390625 0.528320312
vt 8.1953125 0.576660156
vt 8.1953125 0.673339844
vt 8.390625 0.721679688
vt -6.26171875 0.820800781
vt -7.4921875 0.820800781
vt -7.59375 0.721679688
vt -6.36328125 0.721679688
vt -5.03515625 0.820800781
vt -5.1328125 0.721679688
vt -7.4921875 0.428955078
vt -6.36328125 0.528320312
vt -7.59375 0.528320312
vt -6.26171875 0.428955078
vt -5.1328125 0.528320312
vt -5.03515625 0.428955078
vt -3.90429688 0.528320312
vt -3.8046875 0.428955078
vt -2.67382812 0.528320312
vt -2.57421875 0.428955078
vt -1.44433594 0.528320312
vt -1.34472656 0.428955078
vt -0.215087891 0.528320312
vt -0.11505127 0.428955078
vt 1.01464844 0.528320312
vt 1.11425781 0.428955078
vt 2.24414062 0.528320312
vt 2.34375 0.428955078
vt 3.47460938 0.528320312
vt 3.57421875 0.428955078
vt 4.703125 0.528320312
vt 4.8046875 0.428955078
vt 5.93359375 0.528320312
vt 6.03515625 0.428955078
vt 7.1640625 0.528320312
vt 7.26171875 0.428955078
vt 8.390625 0.528320312
vt 8.4921875 0.428955078
vt -3.8046875 0.820800781
vt -5.03515625 0.820800781
vt -5.1328125 0.721679688
vt -3.90429688 0.721679688
vt -2.57421875 0.820800781
vt -2.67382812 0.721679688
vt -1.34472656 0.820800781
vt -1.44433594 0.721679688
vt -0.11505127 0.820800781
vt -0.21496582 0.721679688
vt 1.11425781 0.820800781
vt 1.01464844 0.721679688
vt 2.34375 0.820800781
vt 2.24414062 0.721679688
vt 3.57421875 0.820800781
vt 2.34375 0.820800781
vt 2.24414062 0.721679688
vt 3.47460938 0.721679688
vt 4.8046875 0.820800781
vt 4.703125 0.721679688
vt 6.03515625 0.820800781
vt 4.8046875 0.820800781
vt 4.703125 0.721679688
vt 5.93359375 0.721679688
vt 7.26171875 0.820800781
vt 6.03515625 0.820800781
vt 5.93359375 0.721679688
vt 7.1640625 0.721679688
vt 8.4921875 0.820800781
vt 8.390625 0.721679688
vt 0.622558594 0.142822266
vt 0.622558594 0.142822266
vt 0.622558594 0.142822266
vt 0.622558594 0.142822266
vt 0.622558594 0.142822266
vt 0.622558594 0.142822266
vt 0.622558594 0.142822266
vt 0.622558594 0.142822266
vt 0.622558594 0.142822266
vt 0.622558594 0.142822266
vt 0.622558594 0.142822266
vt 0.622558594 0.142822266
vt 0.622558594 0.142822266
vt 0.622558594 0.142822266
vt 0.622558594 0.142822266
vt 0.622558594 0.142822266
vt 0.622558594 0.142822266
vt 0.622558594 0.142822266
vt 0.622558594 0.142822266
vt 0.622558594 0.142822266
vt 0.622558594 0.142822266
vt 0.622558594 0.142822266
vt 0.622558594 0.142822266
vt 0.622558594 0.142822266
vt 0.622558594 0.142822266
vt 0.622558594 0.142822266
vt 0.874023438 0.124816895
vt 0.874023438 0.124816895
vt 0.874023438 0.124816895
vt 0.874023438 0.124816895
vt 0.874023438 0.124816895
vt 0.874023438 0.124816895
vt 0.874023438 0.124816895
vt 0.874023438 0.124816895
vt 0.874023438 0.124816895
vt 0.874023438 0.124816895
vt 0.874023438 0.124816895
vt 0.874023438 0.124816895
vt 0.874023438 0.124816895
vt 0.874023438 0.124816895
vt 0.874023438 0.124816895
vt 0.874023438 0.124816895
vt 0.874023438 0.124816895
vt 0.874023438 0.124816895
vt 0.874023438 0.124816895
vt 0.874023438 0.124816895
vt 0.874023438 0.124816895
vt 0.874023438 0.124816895
vt 0.874023438 0.124816895
vt 0.874023438 0.124816895
vt 0.874023438 0.124816895
vt 0.874023438 0.124816895
vt 0.874023438 0.124816895
vt 0.874023438 0.124816895
vt 0.874023438 0.124816895
vt 0.874023438 0.124816895
vt 0.874023438 0.124816895
vt 0.874023438 0.124816895
vt 0.874023438 0.124816895
vt 0.874023438 0.124816895
vt 0.874023438 0.124816895
vt 0.874023438 0.124816895
vt 0.874023438 0.124816895
vt 0.874023438 0.124816895
vt 0.874023438 0.124816895
vt 0.874023438 0.124816895
vt 0.874023438 0.124816895
vt 0.874023438 0.124816895
vt 0.874023438 0.124816895
vt 0.874023438 0.124816895
vt 0.874023438 0.124816895
vt 0.874023438 0.124816895
vt 0.874023438 0.124816895
vt 0.874023438 0.124816895
vt 0.874023438 0.124816895
vt 0.874023438 0.124816895
vt 0.874023438 0.124816895
vt 0.874023438 0.124816895
vt 0.874023438 0.124816895
vt 0.874023438 0.124816895
vt 0.874023438 0.124816895
vt 0.874023438 0.124816895
vt 0.874023438 0.124816895
vt 0.874023438 0.124816895
vt 0.874023438 0.124816895
vt 0.874023438 0.124816895
vt 0.874023438 0.124816895
vt 0.874023438 0.124816895
vt 0.874023438 0.124816895
vt 0.874023438 0.124816895
vt 0.874023438 0.124816895
vt 0.874023438 0.124816895
vt 0.874023438 0.124816895
vt 0.874023438 0.124816895
vt 0.874023438 0.124816895
vt 0.874023438 0.124816895
vt 0.874023438 0.124816895
vt 0.874023438 0.124816895
vt 0.874023438 0.124816895
vt 0.874023438 0.124816895
vt 0.874023438 0.124816895
vt 0.874023438 0.124816895
vt 0.874023438 0.124816895
vt 0.874023438 0.124816895
vt 0.874023438 0.124816895
vt 0.874023438 0.124816895
vt 0.874023438 0.124816895
vt 0.874023438 0.124816895
vt 0.874023438 0.124816895
vt 0.874023438 0.124816895
vt 0.874023438 0.124816895
vt 0.874023438 0.124816895
vt 0.874023438 0.124816895
vt 0.874023438 0.124816895
vt 0.874023438 0.124816895
vt 0.874023438 0.124816895
vt 0.874023438 0.124816895
vt 0.874023438 0.124816895
vt 0.874023438 0.124816895
vt 0.874023438 0.124816895
vt 0.874023438 0.124816895
vt 0.874023438 0.124816895
vt 0.874023438 0.124816895
vt 0.874023438 0.124816895
vt 0.874023438 0.124816895
vt 0.874023438 0.124816895
vt 0.874023438 0.124816895
vt 0.873046875 0.119995117
vt 0.873046875 0.119995117
vt 0.873046875 0.119995117
vt 0.873046875 0.119995117
vt 0.873046875 0.119995117
vt 0.873046875 0.119995117
vt 0.873046875 0.119995117
vt 0.873046875 0.119995117
vt 0.873046875 0.119995117
vt 0.873046875 0.119995117
vt 0.873046875 0.119995117
vt 0.873046875 0.119995117
vt 0.873046875 0.119995117
vt 0.873046875 0.119995117
vt 0.873046875 0.119995117
vt 0.873046875 0.119995117
vt 0.873046875 0.119995117
vt 0.873046875 0.119995117
vt 0.873046875 0.119995117
vt 0.873046875 0.119995117
vt 0.873046875 0.119995117
vt 0.873046875 0.119995117
vt 0.873046875 0.119995117
vt 0.873046875 0.119995117
vt 0.873046875 0.119995117
vt 0.873046875 0.119995117
vt 0.873046875 0.119995117
vt 0.873046875 0.119995117
vt 0.873046875 0.119995117
vt 0.873046875 0.119995117
vt 0.873046875 0.119995117
vt 0.873046875 0.119995117
vt 0.873046875 0.119995117
vt 0.873046875 0.119995117
vt 0.873046875 0.119995117
vt 0.873046875 0.119995117
vt 0.873046875 0.119995117
vt 0.873046875 0.119995117
vt 0.873046875 0.119995117
vt 0.873046875 0.119995117
vt 0.873046875 0.119995117
vt 0.873046875 0.119995117
vt 0.873046875 0.119995117
vt 0.873046875 0.119995117
vt 0.873046875 0.119995117
vt 0.873046875 0.119995117
vt 0.873046875 0.119995117
vt 0.873046875 0.119995117
vt 0.873046875 0.119995117
vt 0.873046875 0.119995117
vt 0.873046875 0.119995117
vt 0.873046875 0.119995117
vt 0.873046875 0.119995117
vt 0.873046875 0.119995117
vt 0.873046875 0.119995117
vt 0.873046875 0.119995117
vt 0.873046875 0.119995117
vt 0.873046875 0.119995117
vt 0.873046875 0.119995117
vt 0.873046875 0.119995117
vt 0.873046875 0.119995117
vt 0.873046875 0.119995117
vt 0.873046875 0.119995117
vt 0.873046875 0.119995117
vt 0.873046875 0.119995117
vt 0.873046875 0.119995117
vt 0.873046875 0.119995117
vt 0.873046875 0.119995117
vt 0.873046875 0.119995117
vt 0.873046875 0.119995117
vt 0.873046875 0.119995117
vt 0.873046875 0.119995117
vt 0.873046875 0.119995117
vt 0.873046875 0.119995117
vt 0.873046875 0.119995117
vt 0.873046875 0.119995117
vt 0.873046875 0.119995117
vt 0.873046875 0.119995117
vt 0.873046875 0.119995117
vt 0.873046875 0.119995117
vt 0.873046875 0.119995117
vt 0.873046875 0.119995117
vt 0.873046875 0.119995117
vt 0.873046875 0.119995117
vt 0.873046875 0.119995117
vt 0.873046875 0.119995117
vt 0.873046875 0.119995117
vt 0.873046875 0.119995117
vt 0.873046875 0.119995117
vt 0.873046875 0.119995117
vt 0.873046875 0.119995117
vt 0.873046875 0.119995117
vt 0.873046875 0.119995117
vt 0.873046875 0.119995117
vt 0.873046875 0.119995117
vt 0.873046875 0.119995117
vt 0.101623535 0.131591797
vt 0.101623535 0.131591797
vt 0.101623535 0.131591797
vt 0.101623535 0.131591797
vt 0.101623535 0.131591797
vt 0.101623535 0.131591797
vt 0.101623535 0.131591797
vt 0.101623535 0.131591797
vt 0.101623535 0.131591797
vt 0.101623535 0.131591797
vt 0.101623535 0.131591797
vt 0.101623535 0.131591797
vt 0.101623535 0.131591797
vt 0.101623535 0.131591797
vt 0.101623535 0.131591797
vt 0.101623535 0.131591797
vt 0.101623535 0.131591797
vt 0.101623535 0.131591797
vt 0.101623535 0.131591797
vt 0.101623535 0.131591797
vt 0.101623535 0.131591797
vt 0.101623535 0.131591797
vt 0.101623535 0.131591797
vt 0.101623535 0.131591797
vt 0.874023438 0.124816895
vt 0.874023438 0.124816895
vt 0.874023438 0.124816895
vt 0.874023438 0.124816895
vt 0.874023438 0.124816895
vt 0.874023438 0.124816895
vt 0.874023438 0.124816895
vt 0.874023438 0.124816895
vt 0.874023438 0.124816895
vt 0.874023438 0.124816895
vt 0.874023438 0.124816895
vt 0.874023438 0.124816895
vt 0.874023438 0.124816895
vt 0.874023438 0.124816895
vt 0.874023438 0.124816895
vt 0.874023438 0.124816895
vt 0.874023438 0.124816895
vt 0.874023438 0.124816895
vt 0.874023438 0.124816895
vt 0.874023438 0.124816895
vt 0.874023438 0.124816895
vt 0.874023438 0.124816895
vt 0.874023438 0.124816895
vt 0.874023438 0.124816895
vt 0.874023438 0.124816895
vt 0.874023438 0.124816895
vt 0.874023438 0.124816895
vt 0.874023438 0.124816895
vt 0.874023438 0.124816895
vt 0.874023438 0.124816895
vt 0.874023438 0.124816895
vt 0.874023438 0.124816895
vt 0.874023438 0.124816895
vt 0.874023438 0.124816895
vt 0.874023438 0.124816895
vt 0.874023438 0.124816895
vt 0.874023438 0.124816895
vt 0.874023438 0.124816895
vt 0.874023438 0.124816895
vt 0.874023438 0.124816895
vt 0.874023438 0.124816895
vt 0.874023438 0.124816895
vt 0.874023438 0.124816895
vt 0.874023438 0.124816895
vt 0.874023438 0.124816895
vt 0.874023438 0.124816895
vt 0.874023438 0.124816895
vt 0.874023438 0.124816895
vt 0.874023438 0.124816895
vt 0.874023438 0.124816895
vt 0.874023438 0.124816895
vt 0.874023438 0.124816895
vt 0.874023438 0.124816895
vt 0.874023438 0.124816895
vt 0.874023438 0.124816895
vt 0.874023438 0.124816895
vt 0.864257812 0.153076172
vt 0.864257812 0.153076172
vt 0.864257812 0.153076172
vt 0.864257812 0.153076172
vt 0.864257812 0.153076172
vt 0.864257812 0.153076172
vt 0.864257812 0.153076172
vt 0.864257812 0.153076172
vt 0.887695312 0.1328125
vt 0.887695312 0.1328125
vt 0.887695312 0.1328125
vt 0.887695312 0.1328125
vt 0.887695312 0.1328125
vt 0.887695312 0.1328125
vt 0.887695312 0.1328125
vt 0.887695312 0.1328125
vt 0.887695312 0.1328125
vt 0.887695312 0.1328125
vt 0.887695312 0.1328125
vt 0.887695312 0.1328125
vt 0.887695312 0.1328125
vt 0.887695312 0.1328125
vt 0.887695312 0.1328125
vt 0.887695312 0.1328125
vt 0.887695312 0.1328125
vt 0.887695312 0.1328125
vt 0.887695312 0.1328125
vt 0.887695312 0.1328125
vt 0.887695312 0.1328125
vt 0.887695312 0.1328125
vt 0.887695312 0.1328125
vt 0.887695312 0.1328125
vt 0.887695312 0.1328125
vt 0.887695312 0.1328125
vt 0.887207031 0.117126465
vt 0.887207031 0.117126465
vt 0.887207031 0.117126465
vt 0.887207031 0.117126465
vt 0.887207031 0.117126465
vt 0.887207031 0.117126465
vt 0.887207031 0.117126465
vt 0.887207031 0.117126465
vt 0.887207031 0.117126465
vt 0.887207031 0.117126465
vt 0.887207031 0.117126465
vt 0.887207031 0.117126465
vt 0.887207031 0.117126465
vt 0.887207031 0.117126465
vt 0.887207031 0.117126465
vt 0.887207031 0.117126465
vt 0.887207031 0.117126465
vt 0.887207031 0.117126465
vt 0.887207031 0.117126465
vt 0.887207031 0.117126465
vt 0.887207031 0.117126465
vt 0.887207031 0.117126465
vt 0.887207031 0.117126465
vt 0.887207031 0.117126465
vt 0.887207031 0.117126465
vt 0.887207031 0.117126465
vt 0.864257812 0.153076172
vt 0.864257812 0.153076172
vt 0.864257812 0.153076172
vt 0.864257812 0.153076172
vt 0.864257812 0.153076172
vt 0.864257812 0.153076172
vt 0.864257812 0.153076172
vt 0.864257812 0.153076172
vt 0.864257812 0.153076172
vt 0.864257812 0.153076172
vt 0.864257812 0.153076172
vt 0.864257812 0.153076172
vt 0.864257812 0.153076172
vt 0.864257812 0.153076172
vt 0.864257812 0.153076172
vt 0.864257812 0.153076172
vn 1.000000 0.000000 0.000005
vn 1.000000 0.000000 0.000005
vn 0.999021 -0.042725 -0.011440
vn 1.000000 0.000000 0.000005
vn 1.000000 0.000000 0.000005
vn 1.000000 0.000000 0.000005
vn 1.000000 0.000000 0.000005
vn 1.000000 0.000000 0.000005
vn 1.000000 0.000000 0.000005
vn 0.073564 -0.997291 0.000000
vn 0.148340 -0.988936 0.000001
vn 0.148344 -0.875667 0.459567
vn 0.073532 -0.883146 0.463298
vn -0.073564 -0.997291 -0.000000
vn 0.148283 -0.561901 0.813805
vn -0.073537 -0.883146 0.463298
vn -0.148340 -0.988936 -0.000001
vn -0.148348 -0.875667 0.459566
vn -0.073553 -0.566423 0.820825
vn -0.148290 -0.561901 0.813804
vn 0.073546 -0.566423 0.820826
vn 0.148281 -0.119178 0.981738
vn -0.073536 -0.120213 0.990021
vn -0.148290 -0.119178 0.981737
vn 0.073527 -0.120213 0.990021
vn 0.148299 0.350556 0.924726
vn -0.073539 0.353701 0.932463
vn -0.148307 0.350556 0.924725
vn 0.073531 0.353701 0.932464
vn 0.148315 0.740246 0.655773
vn -0.073554 0.746623 0.661169
vn -0.148321 0.740246 0.655772
vn 0.073548 0.746623 0.661169
vn 0.148348 0.960179 0.236749
vn -0.073552 0.968314 0.238660
vn -0.148350 0.960179 0.236747
vn 0.073550 0.968314 0.238661
vn 0.148350 0.960179 -0.236747
vn -0.073550 0.968314 -0.238661
vn -0.148348 0.960179 -0.236749
vn 0.073552 0.968314 -0.238660
vn 0.148321 0.740246 -0.655772
vn -0.073548 0.746623 -0.661169
vn -0.148315 0.740246 -0.655773
vn 0.073554 0.746623 -0.661169
vn 0.148307 0.350556 -0.924725
vn -0.073531 0.353701 -0.932464
vn -0.148299 0.350556 -0.924726
vn 0.073539 0.353701 -0.932463
vn 0.148290 -0.119178 -0.981737
vn -0.073527 -0.120213 -0.990021
vn -0.148281 -0.119178 -0.981738
vn 0.073536 -0.120213 -0.990021
vn 0.148290 -0.561901 -0.813804
vn -0.073546 -0.566423 -0.820826
vn -0.148283 -0.561901 -0.813805
vn 0.073553 -0.566423 -0.820825
vn 0.148348 -0.875667 -0.459566
vn -0.073532 -0.883146 -0.463298
vn -0.148344 -0.875667 -0.459567
vn 0.073537 -0.883146 -0.463298
vn 0.148340 -0.988936 0.000001
vn 0.073564 -0.997291 0.000000
vn -0.073564 -0.997291 -0.000000
vn -0.148340 -0.988936 -0.000001
vn -1.000000 0.000000 -0.000005
vn -1.000000 0.000000 -0.000005
vn -1.000000 0.000000 -0.000005
vn -1.000000 0.000000 -0.000005
vn -1.000000 0.000000 -0.000005
vn -1.000000 0.000000 -0.000005
vn 1.000000 0.000000 0.000005
vn 1.000000 0.000000 0.000005
vn 1.000000 0.000000 0.000005
vn 1.000000 0.000000 0.000005
vn 1.000000 0.000000 0.000005
vn 1.000000 0.000000 0.000005
vn 1.000000 0.000000 0.000005
vn 1.000000 0.000000 0.000005
vn 1.000000 0.000000 0.000005
vn 1.000000 0.000000 0.000005
vn 1.000000 0.000000 0.000005
vn 1.000000 0.000000 0.000005
vn 1.000000 0.000000 0.000005
vn 1.000000 0.000000 0.000005
vn 1.000000 0.000000 0.000005
vn 1.000000 0.000000 0.000005
vn 1.000000 0.000000 0.000005
vn 1.000000 0.000000 0.000005
vn 1.000000 0.000000 0.000005
vn 1.000000 0.000000 0.000005
vn 1.000000 0.000000 0.000005
vn 1.000000 0.000000 0.000005
vn 1.000000 0.000000 0.000005
vn 1.000000 0.000000 0.000005
vn 1.000000 0.000000 0.000005
vn 1.000000 0.000000 0.000005
vn 1.000000 0.000000 0.000005
vn 1.000000 0.000000 0.000005
vn -1.000000 0.000000 -0.000005
vn -1.000000 0.000000 -0.000005
vn -1.000000 0.000000 -0.000005
vn -1.000000 0.000000 -0.000005
vn -1.000000 0.000000 -0.000005
vn -1.000000 0.000000 -0.000005
vn -1.000000 0.000000 -0.000005
vn -1.000000 0.000000 -0.000005
vn -1.000000 0.000000 -0.000005
vn -1.000000 0.000000 -0.000005
vn -1.000000 0.000000 -0.000005
vn -1.000000 0.000000 -0.000005
vn -1.000000 0.000000 -0.000005
vn -1.000000 0.000000 -0.000005
vn -1.000000 0.000000 -0.000005
vn -1.000000 0.000000 -0.000005
vn -1.000000 0.000000 -0.000005
vn -1.000000 0.000000 -0.000005
vn -1.000000 0.000000 -0.000005
vn -1.000000 0.000000 -0.000005
vn -1.000000 0.000000 -0.000005
vn -1.000000 0.000000 -0.000005
vn -1.000000 0.000000 -0.000005
vn -1.000000 0.000000 -0.000005
vn -1.000000 0.000000 -0.000005
vn -1.000000 0.000000 -0.000005
vn -1.000000 0.000000 -0.000005
vn -1.000000 0.000000 -0.000005
vn -1.000000 0.000000 -0.000005
vn -1.000000 0.000000 -0.000005
vn -1.000000 0.000000 -0.000005
vn -1.000000 0.000000 -0.000005
vn -1.000000 0.000000 -0.000005
vn -1.000000 0.000000 -0.000005
vn -1.000000 0.000000 -0.000005
vn -1.000000 0.000000 -0.000005
vn -1.000000 0.000000 -0.000005
vn -1.000000 0.000000 -0.000005
vn -1.000000 0.000000 -0.000005
vn -1.000000 0.000000 -0.000005
vn -1.000000 0.000000 -0.000005
vn -1.000000 0.000000 -0.000005
vn -1.000000 0.000000 -0.000005
vn 1.000000 0.000000 0.000005
vn 1.000000 0.000000 0.000005
vn 1.000000 0.000000 0.000005
vn 1.000000 0.000000 0.000005
vn 1.000000 0.000000 0.000005
vn 1.000000 0.000000 0.000005
vn 1.000000 0.000000 0.000005
vn 1.000000 0.000000 0.000005
vn 1.000000 0.000000 0.000005
vn 1.000000 0.000000 0.000005
vn 1.000000 0.000000 0.000005
vn 1.000000 0.000000 0.000005
vn 1.000000 0.000000 0.000005
vn -0.000001 -0.965926 0.258817
vn -0.000001 -0.965926 0.258817
vn -0.000001 -0.965926 0.258817
vn -0.000001 -0.965926 0.258817
vn 0.983045 -0.129657 0.129661
vn 0.993884 -0.078082 0.078087
vn 0.993884 -0.078082 0.078087
vn 0.981304 -0.136089 0.136093
vn -0.000004 -0.258817 0.965926
vn -0.000004 -0.258817 0.965926
vn -0.000004 -0.258817 0.965926
vn -0.000004 -0.258817 0.965926
vn -0.000001 -0.965926 0.258817
vn -0.000001 -0.965926 0.258817
vn -0.000001 -0.965926 0.258817
vn -0.000001 -0.965926 0.258817
vn -0.000003 0.707107 0.707107
vn -0.000003 0.707107 0.707107
vn -0.000003 0.707107 0.707107
vn -0.000003 0.707107 0.707107
vn 0.000004 0.258817 -0.965926
vn 0.000004 0.258817 -0.965926
vn 0.000004 0.258817 -0.965926
vn 0.000004 0.258817 -0.965926
vn 0.000001 0.965926 -0.258817
vn 0.000001 0.965926 -0.258817
vn 0.000001 0.965926 -0.258817
vn 0.000001 0.965926 -0.258817
vn 0.983046 0.129657 -0.129652
vn 0.993885 0.078082 -0.078078
vn 0.993885 0.078082 -0.078078
vn 0.981306 0.136089 -0.136085
vn 0.000004 0.258817 -0.965926
vn 0.000004 0.258817 -0.965926
vn 0.000004 0.258817 -0.965926
vn 0.000004 0.258817 -0.965926
vn 0.984361 -0.045593 -0.170159
vn 0.993879 -0.028586 -0.106709
vn 0.981309 -0.049798 -0.185883
vn 0.993879 -0.028586 -0.106709
vn 1.000000 0.000000 0.000005
vn 1.000000 0.000000 0.000005
vn 0.999321 0.026057 -0.026053
vn 0.999021 0.042725 0.011449
vn 1.000000 0.000000 0.000005
vn 0.000003 -0.707107 -0.707107
vn 0.000003 -0.707107 -0.707107
vn 0.000003 -0.707107 -0.707107
vn 0.000003 -0.707107 -0.707107
vn -0.000003 0.707107 0.707107
vn -0.000003 0.707107 0.707107
vn -0.000003 0.707107 0.707107
vn -0.000003 0.707107 0.707107
vn 0.000003 -0.707107 -0.707107
vn 0.000003 -0.707107 -0.707107
vn 0.000003 -0.707107 -0.707107
vn 0.000003 -0.707107 -0.707107
vn 0.984360 0.170164 0.045597
vn 0.993879 0.106714 0.028591
vn 0.981308 0.185887 0.049802
vn 0.993879 0.106714 0.028591
vn -0.000004 -0.258817 0.965926
vn -0.000004 -0.258817 0.965926
vn -0.000004 -0.258817 0.965926
vn -0.000004 -0.258817 0.965926
vn 0.000001 0.965926 -0.258817
vn 0.000001 0.965926 -0.258817
vn 0.000001 0.965926 -0.258817
vn 0.000001 0.965926 -0.258817
vn 0.983039 0.047461 0.177152
vn 0.993878 0.028586 0.106718
vn 0.981308 0.049798 0.185892
vn 0.993878 0.028586 0.106718
vn 0.000003 -0.707107 -0.707107
vn 0.000003 -0.707107 -0.707107
vn 0.000003 -0.707107 -0.707107
vn 0.000003 -0.707107 -0.707107
vn -0.000003 0.707107 0.707107
vn -0.000003 0.707107 0.707107
vn -0.000003 0.707107 0.707107
vn -0.000003 0.707107 0.707107
vn -0.000004 -0.258817 0.965926
vn -0.000004 -0.258817 0.965926
vn -0.000004 -0.258817 0.965926
vn -0.000004 -0.258817 0.965926
vn 0.984361 -0.170164 -0.045588
vn 0.993879 -0.106714 -0.028582
vn 0.980232 -0.191116 -0.051192
vn 0.993879 -0.106714 -0.028582
vn 0.000004 0.258817 -0.965926
vn 0.000004 0.258817 -0.965926
vn 0.000004 0.258817 -0.965926
vn 0.000004 0.258817 -0.965926
vn 0.000001 0.965926 -0.258817
vn 0.000001 0.965926 -0.258817
vn 0.000001 0.965926 -0.258817
vn 0.000001 0.965926 -0.258817
vn -0.000001 -0.965926 0.258817
vn -0.000001 -0.965926 0.258817
vn -0.000001 -0.965926 0.258817
vn -0.000001 -0.965926 0.258817
vn 0.000011 0.997439 -0.071525
vn -0.000019 0.828123 0.560546
vn -0.000029 0.899544 -0.436831
vn 0.000216 0.560546 0.828123
vn 0.000014 0.436831 -0.899544
vn -0.000014 0.899544 -0.436831
vn -0.000027 0.071585 -0.997434
vn 0.000032 0.997434 -0.071585
vn 0.000014 -0.560546 -0.828123
vn -0.000012 0.071525 -0.997439
vn -0.000029 -0.828123 -0.560546
vn 0.000035 0.436831 -0.899544
vn 0.000010 -0.997439 0.071525
vn -0.000014 -0.828123 -0.560546
vn -0.000033 -0.899544 0.436831
vn 0.000035 -0.560546 -0.828123
vn 0.000006 -0.436831 0.899544
vn -0.000018 -0.899544 0.436831
vn -0.000036 -0.071585 0.997434
vn 0.000031 -0.997434 0.071585
vn 0.000006 0.560546 0.828123
vn -0.000021 -0.071525 0.997439
vn -0.000034 0.828123 0.560546
vn 0.000027 -0.436831 0.899544
vn 0.000006 0.071525 0.997439
vn -0.000028 -0.707107 0.707107
vn -0.000035 0.436831 0.899544
vn 0.000021 -0.707107 0.707107
vn -0.000043 0.965926 0.258817
vn -0.000044 0.258817 0.965926
vn -0.000028 0.258817 0.965926
vn 0.000023 0.965926 0.258817
vn 0.000019 0.707107 -0.707107
vn -0.000016 0.997439 0.071525
vn -0.000021 0.707107 -0.707107
vn 0.000029 0.899544 0.436831
vn 0.000015 -0.071525 -0.997439
vn -0.000012 0.560546 -0.828123
vn -0.000027 -0.436831 -0.899544
vn 0.000034 0.828123 -0.560546
vn 0.000012 -0.899544 -0.436831
vn -0.000012 -0.436831 -0.899544
vn -0.000031 -0.997434 -0.071585
vn 0.000036 -0.071585 -0.997434
vn 0.000008 -0.828123 0.560546
vn -0.000016 -0.997439 -0.071525
vn -0.000035 -0.560546 0.828123
vn 0.000033 -0.899544 -0.436831
vn 0.000010 -0.997439 0.071525
vn -0.000014 -0.828123 -0.560546
vn -0.000033 -0.899544 0.436831
vn 0.000035 -0.560546 -0.828123
vn 0.000006 -0.436831 0.899544
vn -0.000026 -0.965926 0.258817
vn -0.000036 -0.071585 0.997434
vn 0.000023 -0.965926 0.258817
vn -0.000045 0.707107 0.707107
vn -0.000044 -0.258817 0.965926
vn -0.000028 -0.258817 0.965926
vn 0.000021 0.707107 0.707107
vn 0.000017 0.965926 -0.258817
vn -0.000028 0.707107 0.707107
vn -0.000167 0.965926 -0.258817
vn 0.000165 0.707107 0.707107
vn 0.000043 0.965926 -0.258817
vn 0.000044 0.258817 -0.965926
vn 0.000028 0.258817 -0.965926
vn -0.000023 0.965926 -0.258817
vn 0.000019 -0.707107 -0.707107
vn -0.000012 0.071525 -0.997439
vn -0.000021 -0.707107 -0.707107
vn 0.000036 0.436831 -0.899544
vn 0.000015 -0.071525 -0.997439
vn -0.000012 0.560546 -0.828123
vn -0.000027 -0.436831 -0.899544
vn 0.000034 0.828123 -0.560546
vn 0.000012 -0.899544 -0.436831
vn -0.000012 -0.436831 -0.899544
vn -0.000031 -0.997434 -0.071585
vn 0.000036 -0.071585 -0.997434
vn 0.000008 -0.828123 0.560546
vn -0.000016 -0.997439 -0.071525
vn -0.000035 -0.560546 0.828123
vn 0.000033 -0.899544 -0.436831
vn 0.000006 0.071525 0.997439
vn -0.000028 -0.707107 0.707107
vn -0.000035 0.436831 0.899544
vn 0.000021 -0.707107 0.707107
vn -0.000043 0.965926 0.258817
vn -0.000044 0.258817 0.965926
vn -0.000028 0.258817 0.965926
vn 0.000023 0.965926 0.258817
vn 0.000019 0.707107 -0.707107
vn -0.000016 0.997439 0.071525
vn -0.000021 0.707107 -0.707107
vn 0.000030 0.899544 0.436831
vn 1.000000 0.000000 0.000005
vn 1.000000 0.000000 0.000005
vn 1.000000 0.000000 0.000005
vn 1.000000 0.000000 0.000005
vn 1.000000 0.000000 0.000005
vn 1.000000 0.000000 0.000005
vn 1.000000 0.000000 0.000005
vn 1.000000 0.000000 0.000005
vn 1.000000 0.000000 0.000005
vn 1.000000 0.000000 0.000005
vn 1.000000 0.000000 0.000005
vn 1.000000 0.000000 0.000005
vn 1.000000 0.000000 0.000005
vn 1.000000 0.000000 0.000005
vn 1.000000 0.000000 0.000005
vn 1.000000 0.000000 0.000005
vn 1.000000 0.000000 0.000005
vn 1.000000 0.000000 0.000005
vn 1.000000 0.000000 0.000005
vn 1.000000 0.000000 0.000005
vn 1.000000 0.000000 0.000005
vn 1.000000 0.000000 0.000005
vn 1.000000 0.000000 0.000005
vn 1.000000 0.000000 0.000005
vn 1.000000 0.000000 0.000005
vn 1.000000 0.000000 0.000005
vn 1.000000 0.000000 0.000005
vn 1.000000 0.000000 0.000005
vn 1.000000 0.000000 0.000005
vn 1.000000 0.000000 0.000005
vn 1.000000 0.000000 0.000005
vn 1.000000 0.000000 0.000005
vn 1.000000 0.000000 0.000005
vn 1.000000 0.000000 0.000005
vn 1.000000 0.000000 0.000005
vn 1.000000 0.000000 0.000005
vn 1.000000 0.000000 0.000005
vn 1.000000 0.000000 0.000005
vn 0.999321 -0.026057 0.026062
vn 0.999021 -0.042725 -0.011440
vn 0.999617 -0.026721 -0.007156
vn 1.000000 0.000000 0.000005
vn 1.000000 0.000000 0.000005
vn 1.000000 0.000000 0.000005
vn 1.000000 0.000000 0.000005
vn 0.999321 -0.026057 0.026062
vn 0.999617 -0.019564 0.019568
vn 1.000000 0.000000 0.000005
vn 1.000000 0.000000 0.000005
vn 0.999617 0.007157 0.026725
vn 1.000000 0.000000 0.000005
vn 0.999021 0.011452 0.042729
vn 1.000000 0.000000 0.000005
vn 0.999756 0.021352 0.005724
vn 1.000000 0.000000 0.000005
vn 1.000000 0.000000 0.000005
vn 0.999617 -0.026721 -0.007156
vn 0.999321 -0.009535 -0.035603
vn 1.000000 0.000000 0.000005
vn 1.000000 0.000000 0.000005
vn 0.999321 -0.009535 -0.035603
vn 1.000000 0.000000 0.000005
vn 1.000000 0.000000 0.000005
vn 0.999617 -0.007157 -0.026716
vn 1.000000 0.000000 0.000005
vn 1.000000 0.000000 0.000005
vn 1.000000 0.000000 0.000005
vn 0.999617 0.019564 -0.019559
vn 1.000000 0.000000 0.000005
vn 1.000000 0.000000 0.000005
vn 0.999321 0.026057 -0.026053
vn 1.000000 0.000000 0.000005
vn 0.999021 0.042725 0.011449
vn 0.999756 0.021352 0.005724
vn 1.000000 0.000000 0.000005
vn 1.000000 0.000000 0.000005
vn 1.000000 0.000000 0.000005
vn 1.000000 0.000000 0.000005
vn 1.000000 0.000000 0.000005
vn 1.000000 0.000000 0.000005
vn -1.000000 0.000000 -0.000005
vn -1.000000 0.000000 -0.000005
vn -1.000000 0.000000 -0.000005
vn -1.000000 0.000000 -0.000005
vn -1.000000 0.000000 -0.000005
vn -1.000000 0.000000 -0.000005
vn -1.000000 0.000000 -0.000005
vn -1.000000 0.000000 -0.000005
vn -0.239148 0.117070 0.963900
vn -0.239076 0.551612 0.799104
vn -0.239076 0.551612 0.799104
vn -0.239148 0.117070 0.963900
vn -0.239125 0.859817 0.451147
vn -0.239184 -0.344302 0.907881
vn -0.239125 0.859817 0.451147
vn -0.239184 -0.344302 0.907881
vn -0.239088 0.970998 -0.000001
vn -0.239154 -0.726610 0.644084
vn -0.239088 0.970998 -0.000001
vn -0.239154 -0.726610 0.644084
vn -0.239121 0.859817 -0.451149
vn -0.239111 -0.942771 0.232396
vn -0.239121 0.859817 -0.451149
vn -0.239111 -0.942771 0.232396
vn -0.239069 0.551612 -0.799106
vn -0.239109 -0.942771 -0.232398
vn -0.239069 0.551612 -0.799106
vn -0.239109 -0.942771 -0.232398
vn -0.239140 0.117070 -0.963902
vn -0.239148 -0.726610 -0.644086
vn -0.239140 0.117070 -0.963902
vn -0.239148 -0.726610 -0.644086
vn -0.239176 -0.344302 -0.907883
vn -0.239176 -0.344302 -0.907883
vn 0.239148 0.117070 -0.963900
vn 0.239076 0.551612 -0.799104
vn 0.239076 0.551612 -0.799104
vn 0.239148 0.117070 -0.963900
vn 0.239125 0.859817 -0.451147
vn 0.239184 -0.344302 -0.907881
vn 0.239125 0.859817 -0.451147
vn 0.239184 -0.344302 -0.907881
vn 0.239088 0.970998 0.000001
vn 0.239154 -0.726610 -0.644084
vn 0.239088 0.970998 0.000001
vn 0.239154 -0.726610 -0.644084
vn 0.239121 0.859817 0.451149
vn 0.239111 -0.942771 -0.232396
vn 0.239121 0.859817 0.451149
vn 0.239111 -0.942771 -0.232396
vn 0.239069 0.551612 0.799106
vn 0.239109 -0.942771 0.232398
vn 0.239069 0.551612 0.799106
vn 0.239109 -0.942771 0.232398
vn 0.239140 0.117070 0.963902
vn 0.239148 -0.726610 0.644086
vn 0.239140 0.117070 0.963902
vn 0.239148 -0.726610 0.644086
vn 0.239176 -0.344302 0.907883
vn 0.239176 -0.344302 0.907883
vn 0.000005 0.000000 -1.000000
vn 0.000005 0.000000 -1.000000
vn 0.000003 -0.707107 -0.707107
vn 0.000003 0.707107 -0.707107
vn 0.000003 -0.707107 -0.707107
vn 0.000003 0.707107 -0.707107
vn 0.000000 -1.000000 -0.000000
vn 0.000000 1.000000 -0.000000
vn 0.000000 -1.000000 -0.000000
vn 0.000000 1.000000 -0.000000
vn -0.000003 -0.707107 0.707107
vn -0.000003 0.707107 0.707107
vn -0.000003 -0.707107 0.707107
vn -0.000003 0.707107 0.707107
vn -0.000005 0.000000 1.000000
vn -0.000005 0.000000 1.000000
f 1/1/1 2/2/2 3/3/3
f 4/4/4 5/5/5 6/6/6
f 7/7/7 8/8/8 9/9/9
f 10/10/10 11/11/11 12/12/12
f 10/10/10 12/12/12 13/13/13
f 14/14/14 10/10/10 13/13/13
f 13/13/13 12/12/12 15/15/15
f 14/14/14 13/13/13 16/16/16
f 17/17/17 14/14/14 16/16/16
f 17/17/17 16/16/16 18/18/18
f 18/18/18 16/16/16 19/19/19
f 13/13/13 19/19/19 16/16/16
f 18/18/18 19/19/19 20/20/20
f 13/13/13 15/15/15 21/21/21
f 13/13/13 21/21/21 19/19/19
f 21/21/21 15/15/15 22/22/22
f 20/20/20 19/19/19 23/23/23
f 21/21/21 23/23/23 19/19/19
f 20/20/20 23/23/23 24/24/24
f 21/21/21 22/22/22 25/25/25
f 21/21/21 25/25/25 23/23/23
f 25/25/25 22/22/22 26/26/26
f 24/24/24 23/23/23 27/27/27
f 25/25/25 27/27/27 23/23/23
f 24/24/24 27/27/27 28/28/28
f 25/25/25 26/26/26 29/29/29
f 25/25/25 29/29/29 27/27/27
f 29/29/29 26/26/26 30/30/30
f 28/28/28 27/27/27 31/31/31
f 29/29/29 31/31/31 27/27/27
f 28/28/28 31/31/31 32/32/32
f 29/29/29 30/30/30 33/33/33
f 29/29/29 33/33/33 31/31/31
f 33/33/33 30/30/30 34/34/34
f 32/32/32 31/31/31 35/35/35
f 33/33/33 35/35/35 31/31/31
f 32/32/32 35/35/35 36/36/36
f 33/33/33 34/34/34 37/37/37
f 33/33/33 37/37/37 35/35/35
f 37/37/37 34/34/34 38/38/38
f 36/36/36 35/35/35 39/39/39
f 37/37/37 39/39/39 35/35/35
f 36/36/36 39/39/39 40/40/40
f 37/37/37 38/38/38 41/41/41
f 37/37/37 41/41/41 39/39/39
f 41/41/41 38/38/38 42/42/42
f 40/40/40 39/39/39 43/43/43
f 41/41/41 43/43/43 39/39/39
f 40/40/40 43/43/43 44/44/44
f 41/41/41 42/42/42 45/45/45
f 41/41/41 45/45/45 43/43/43
f 45/45/45 42/42/42 46/46/46
f 44/44/44 43/43/43 47/47/47
f 45/45/45 47/47/47 43/43/43
f 44/44/44 47/47/47 48/48/48
f 45/45/45 46/46/46 49/49/49
f 45/45/45 49/49/49 47/47/47
f 49/49/49 46/46/46 50/50/50
f 48/48/48 47/47/47 51/51/51
f 49/49/49 51/51/51 47/47/47
f 48/48/48 51/51/51 52/52/52
f 49/49/49 50/50/50 53/53/53
f 49/49/49 53/53/53 51/51/51
f 53/53/53 50/50/50 54/54/54
f 52/52/52 51/51/51 55/55/55
f 53/53/53 55/55/55 51/51/51
f 52/52/52 55/55/55 56/56/56
f 53/53/53 54/54/54 57/57/57
f 53/53/53 57/57/57 55/55/55
f 57/57/57 54/54/54 58/58/58
f 56/56/56 55/55/55 59/59/59
f 57/57/57 59/59/59 55/55/55
f 56/56/56 59/59/59 60/60/60
f 57/57/57 58/58/58 61/61/61
f 57/57/57 61/61/61 59/59/59
f 61/61/61 58/58/58 62/62/62
f 61/61/61 62/62/62 63/63/63
f 61/61/61 63/63/63 64/64/64
f 61/61/61 64/64/64 59/59/59
f 60/60/60 59/59/59 64/64/64
f 60/60/60 64/64/64 65/65/65
f 66/66/66 67/67/67 68/68/68
f 66/66/66 68/68/68 69/69/69
f 70/70/70 66/66/66 69/69/69
f 70/70/70 69/69/69 71/71/71
f 72/72/72 73/73/73 74/74/74
f 72/72/72 75/75/75 73/73/73
f 75/75/75 76/76/76 73/73/73
f 75/75/75 77/77/77 76/76/76
f 77/77/77 78/78/78 76/76/76
f 77/77/77 79/79/79 78/78/78
f 79/79/79 80/80/80 78/78/78
f 79/79/79 81/81/81 80/80/80
f 81/81/81 82/82/82 80/80/80
f 81/81/81 83/83/83 82/82/82
f 83/83/83 84/84/84 82/82/82
f 83/83/83 85/85/85 84/84/84
f 85/85/85 86/86/86 84/84/84
f 85/85/85 87/87/87 86/86/86
f 87/87/87 88/88/88 86/86/86
f 87/87/87 89/89/89 88/88/88
f 89/89/89 90/90/90 88/88/88
f 89/89/89 91/91/91 90/90/90
f 91/91/91 92/92/92 90/90/90
f 91/91/91 93/93/93 92/92/92
f 93/93/93 94/94/94 92/92/92
f 93/93/93 95/95/95 94/94/94
f 95/95/95 96/96/96 94/94/94
f 95/95/95 97/97/97 96/96/96
f 97/97/97 98/98/98 96/96/96
f 97/97/97 99/99/99 98/98/98
f 100/100/100 101/101/101 102/102/102
f 100/100/100 102/102/102 103/103/103
f 104/104/104 100/100/100 103/103/103
f 104/104/104 103/103/103 105/105/105
f 106/106/106 104/104/104 105/105/105
f 106/106/106 105/105/105 107/107/107
f 108/108/108 106/106/106 107/107/107
f 108/108/108 107/107/107 109/109/109
f 110/110/110 108/108/108 109/109/109
f 110/110/110 109/109/109 111/111/111
f 112/112/112 110/110/110 111/111/111
f 112/112/112 111/111/111 113/113/113
f 114/114/114 115/115/115 116/116/116
f 114/114/114 116/116/116 117/117/117
f 118/118/118 114/114/114 117/117/117
f 118/118/118 117/117/117 119/119/119
f 120/120/120 121/121/121 122/122/122
f 120/120/120 122/122/122 123/123/123
f 124/124/124 125/125/125 126/126/126
f 124/124/124 126/126/126 127/127/127
f 128/128/128 124/124/124 127/127/127
f 128/128/128 127/127/127 129/129/129
f 130/130/130 131/131/131 132/132/132
f 131/131/131 133/133/133 132/132/132
f 134/134/134 132/132/132 133/133/133
f 134/134/134 135/135/135 132/132/132
f 133/133/133 136/136/136 134/134/134
f 133/133/133 137/137/137 136/136/136
f 137/137/137 138/138/138 136/136/136
f 138/138/138 139/139/139 136/136/136
f 136/136/136 140/140/140 134/134/134
f 136/136/136 141/141/141 140/140/140
f 140/140/140 142/142/142 134/134/134
f 143/143/143 144/144/144 145/145/145
f 143/143/143 145/145/145 146/146/146
f 147/147/147 143/143/143 146/146/146
f 146/146/146 148/148/148 147/147/147
f 145/145/145 149/149/149 146/146/146
f 150/150/150 149/149/149 145/145/145
f 151/151/151 150/150/150 145/145/145
f 145/145/145 152/152/152 151/151/151
f 149/149/149 153/153/153 146/146/146
f 149/149/149 154/154/154 153/153/153
f 153/153/153 155/155/155 146/146/146
f 156/156/156 157/157/157 158/158/158
f 156/156/156 159/159/159 157/157/157
f 160/160/160 161/161/161 162/162/162
f 160/160/160 163/163/163 161/161/161
f 164/164/164 165/165/165 166/166/166
f 164/164/164 167/167/167 165/165/165
f 168/168/168 169/169/169 170/170/170
f 168/168/168 171/171/171 169/169/169
f 172/172/172 173/173/173 174/174/174
f 172/172/172 175/175/175 173/173/173
f 176/176/176 177/177/177 178/178/178
f 176/176/176 179/179/179 177/177/177
f 180/180/180 181/181/181 182/182/182
f 180/180/180 183/183/183 181/181/181
f 184/184/184 185/185/185 186/186/186
f 184/184/184 187/187/187 185/185/185
f 188/188/188 189/189/189 190/190/190
f 188/188/188 191/191/191 189/189/189
f 192/192/192 193/193/193 194/194/194
f 192/192/192 195/195/195 193/193/193
f 196/196/196 197/197/197 198/198/198
f 198/198/198 199/199/199 196/196/196
f 199/199/199 200/200/200 196/196/196
f 201/201/201 202/202/202 203/203/203
f 201/201/201 204/204/204 202/202/202
f 205/205/205 206/206/206 207/207/207
f 205/205/205 208/208/208 206/206/206
f 209/209/209 210/210/210 211/211/211
f 209/209/209 212/212/212 210/210/210
f 213/213/213 214/214/214 215/215/215
f 213/213/213 216/216/216 214/214/214
f 217/217/217 218/218/218 219/219/219
f 217/217/217 220/220/220 218/218/218
f 221/221/221 222/222/222 223/223/223
f 221/221/221 224/224/224 222/222/222
f 225/225/225 226/226/226 227/227/227
f 225/225/225 228/228/228 226/226/226
f 229/229/229 230/230/230 231/231/231
f 229/229/229 232/232/232 230/230/230
f 233/233/233 234/234/234 235/235/235
f 233/233/233 236/236/236 234/234/234
f 237/237/237 238/238/238 239/239/239
f 237/237/237 240/240/240 238/238/238
f 241/241/241 242/242/242 243/243/243
f 241/241/241 244/244/244 242/242/242
f 245/245/245 246/246/246 247/247/247
f 245/245/245 248/248/248 246/246/246
f 249/249/249 250/250/250 251/251/251
f 249/249/249 252/252/252 250/250/250
f 253/253/253 254/254/254 255/255/255
f 253/253/253 256/256/256 254/254/254
f 257/257/257 258/258/258 259/259/259
f 257/257/257 260/260/260 258/258/258
f 261/261/261 262/262/262 263/263/263
f 261/261/261 264/264/264 262/262/262
f 265/265/265 266/266/266 267/267/267
f 265/265/265 268/268/268 266/266/266
f 269/269/269 270/270/270 271/271/271
f 269/269/269 272/272/272 270/270/270
f 273/273/273 274/274/274 275/275/275
f 273/273/273 276/276/276 274/274/274
f 277/277/277 278/278/278 279/279/279
f 277/277/277 280/280/280 278/278/278
f 281/281/281 282/282/282 283/283/283
f 281/281/281 284/284/284 282/282/282
f 285/285/285 286/286/286 287/287/287
f 285/285/285 288/288/288 286/286/286
f 289/289/289 290/290/290 291/291/291
f 289/289/289 292/292/292 290/290/290
f 293/293/293 294/294/294 295/295/295
f 293/293/293 296/296/296 294/294/294
f 297/297/297 298/298/298 299/299/299
f 297/297/297 300/300/300 298/298/298
f 301/301/301 302/302/302 303/303/303
f 301/301/301 304/304/304 302/302/302
f 305/305/305 306/306/306 307/307/307
f 305/305/305 308/308/308 306/306/306
f 309/309/309 310/310/310 311/311/311
f 309/309/309 312/312/312 310/310/310
f 313/313/313 314/314/314 315/315/315
f 313/313/313 316/316/316 314/314/314
f 317/317/317 318/318/318 319/319/319
f 317/317/317 320/320/320 318/318/318
f 321/321/321 322/322/322 323/323/323
f 321/321/321 324/324/324 322/322/322
f 325/325/325 326/326/326 327/327/327
f 325/325/325 328/328/328 326/326/326
f 329/329/329 330/330/330 331/331/331
f 329/329/329 332/332/332 330/330/330
f 333/333/333 334/334/334 335/335/335
f 333/333/333 336/336/336 334/334/334
f 337/337/337 338/338/338 339/339/339
f 337/337/337 340/340/340 338/338/338
f 341/341/341 342/342/342 343/343/343
f 341/341/341 344/344/344 342/342/342
f 345/345/345 346/346/346 347/347/347
f 345/345/345 348/348/348 346/346/346
f 349/349/349 350/350/350 351/351/351
f 349/349/349 352/352/352 350/350/350
f 353/353/353 354/354/354 355/355/355
f 356/356/356 354/354/354 353/353/353
f 354/354/354 356/356/356 357/357/357
f 354/354/354 357/357/357 358/358/358
f 359/359/359 360/360/360 361/361/361
f 360/360/360 359/359/359 362/362/362
f 360/360/360 362/362/362 363/363/363
f 362/362/362 359/359/359 364/364/364
f 365/365/365 366/366/366 367/367/367
f 368/368/368 366/366/366 365/365/365
f 369/369/369 366/366/366 368/368/368
f 370/370/370 366/366/366 369/369/369
f 371/371/371 372/372/372 373/373/373
f 372/372/372 371/371/371 374/374/374
f 374/374/374 375/375/375 372/372/372
f 374/374/374 371/371/371 376/376/376
f 377/377/377 378/378/378 379/379/379
f 377/377/377 379/379/379 380/380/380
f 379/379/379 381/381/381 380/380/380
f 382/382/382 380/380/380 381/381/381
f 379/379/379 383/383/383 381/381/381
f 383/383/383 384/384/384 381/381/381
f 385/385/385 386/386/386 387/387/387
f 388/388/388 385/385/385 387/387/387
f 389/389/389 390/390/390 391/391/391
f 389/389/389 391/391/391 392/392/392
f 392/392/392 393/393/393 394/394/394
f 395/395/395 394/394/394 393/393/393
f 396/396/396 397/397/397 398/398/398
f 399/399/399 398/398/398 397/397/397
f 400/400/400 401/401/401 399/399/399
f 399/399/399 401/401/401 402/402/402
f 401/401/401 403/403/403 402/402/402
f 403/403/403 404/404/404 402/402/402
f 403/403/403 405/405/405 404/404/404
f 406/406/406 404/404/404 407/407/407
f 408/408/408 406/406/406 407/407/407
f 409/409/409 410/410/410 411/411/411
f 410/410/410 412/412/412 411/411/411
f 413/413/413 414/414/414 415/415/415
f 413/413/413 416/416/416 414/414/414
f 414/414/414 416/416/416 417/417/417
f 414/414/414 417/417/417 418/418/418
f 419/419/419 414/414/414 418/418/418
f 416/416/416 420/420/420 421/421/421
f 422/422/422 421/421/421 420/420/420
f 420/420/420 423/423/423 422/422/422
f 422/422/422 423/423/423 424/424/424
f 425/425/425 426/426/426 427/427/427
f 426/426/426 428/428/428 427/427/427
f 429/429/429 430/430/430 431/431/431
f 430/430/430 432/432/432 431/431/431
f 433/433/433 434/434/434 435/435/435
f 435/435/435 436/436/436 433/433/433
f 435/435/435 437/437/437 436/436/436
f 437/437/437 438/438/438 436/436/436
f 437/437/437 439/439/439 438/438/438
f 439/439/439 440/440/440 438/438/438
f 441/441/441 442/442/442 443/443/443
f 441/441/441 443/443/443 444/444/444
f 442/442/442 445/445/445 443/443/443
f 446/446/446 441/441/441 444/444/444
f 442/442/442 447/447/447 445/445/445
f 446/446/446 444/444/444 448/448/448
f 447/447/447 449/449/449 445/445/445
f 450/450/450 446/446/446 448/448/448
f 447/447/447 451/451/451 449/449/449
f 450/450/450 448/448/448 452/452/452
f 451/451/451 453/453/453 449/449/449
f 454/454/454 450/450/450 452/452/452
f 451/451/451 455/455/455 453/453/453
f 454/454/454 452/452/452 456/456/456
f 455/455/455 457/457/457 453/453/453
f 458/458/458 454/454/454 456/456/456
f 455/455/455 459/459/459 457/457/457
f 458/458/458 456/456/456 460/460/460
f 459/459/459 461/461/461 457/457/457
f 462/462/462 458/458/458 460/460/460
f 459/459/459 463/463/463 461/461/461
f 462/462/462 460/460/460 464/464/464
f 463/463/463 465/465/465 461/461/461
f 466/466/466 462/462/462 464/464/464
f 463/463/463 466/466/466 465/465/465
f 466/466/466 464/464/464 465/465/465
f 467/467/467 468/468/468 469/469/469
f 467/467/467 469/469/469 470/470/470
f 468/468/468 471/471/471 469/469/469
f 472/472/472 467/467/467 470/470/470
f 468/468/468 473/473/473 471/471/471
f 472/472/472 470/470/470 474/474/474
f 473/473/473 475/475/475 471/471/471
f 476/476/476 472/472/472 474/474/474
f 473/473/473 477/477/477 475/475/475
f 476/476/476 474/474/474 478/478/478
f 477/477/477 479/479/479 475/475/475
f 480/480/480 476/476/476 478/478/478
f 477/477/477 481/481/481 479/479/479
f 480/480/480 478/478/478 482/482/482
f 481/481/481 483/483/483 479/479/479
f 484/484/484 480/480/480 482/482/482
f 481/481/481 485/485/485 483/483/483
f 484/484/484 482/482/482 486/486/486
f 485/485/485 487/487/487 483/483/483
f 488/488/488 484/484/484 486/486/486
f 485/485/485 489/489/489 487/487/487
f 488/488/488 486/486/486 490/490/490
f 489/489/489 491/491/491 487/487/487
f 492/492/492 488/488/488 490/490/490
f 489/489/489 492/492/492 491/491/491
f 492/492/492 490/490/490 491/491/491
f 493/493/493 494/494/494 495/495/495
f 496/496/496 494/494/494 493/493/493
f 493/493/493 495/495/495 497/497/497
f 496/496/496 498/498/498 494/494/494
f 497/497/497 495/495/495 499/499/499
f 500/500/500 498/498/498 496/496/496
f 497/497/497 499/499/499 501/501/501
f 500/500/500 502/502/502 498/498/498
f 501/501/501 499/499/499 503/503/503
f 504/504/504 502/502/502 500/500/500
f 501/501/501 503/503/503 505/505/505
f 504/504/504 506/506/506 502/502/502
f 505/505/505 503/503/503 507/507/507
f 508/508/508 506/506/506 504/504/504
f 505/505/505 507/507/507 508/508/508
f 508/508/508 507/507/507 506/506/506
