g Model_0
v 0.980957 2.125000 0.134874
v 0.980958 1.875000 -0.027359
v -0.980958 1.875000 -0.027366
v 0.980957 2.125000 0.134874
v -0.980958 1.875000 -0.027366
v -0.980959 2.125000 0.134868
v 0.980957 2.125000 0.134874
v -0.980959 2.125000 0.134868
v -0.980961 2.151148 0.549783
v 0.980957 2.125000 0.134874
v -0.980961 2.151148 0.549783
v 0.980955 2.151148 0.549790
v 0.980958 1.875000 -0.027359
v 0.980957 1.875000 0.222641
v -0.980959 1.875000 0.222634
v 0.980958 1.875000 -0.027359
v -0.980959 1.875000 0.222634
v -0.980958 1.875000 -0.027366
v 0.980953 2.125001 1.205695
v 0.980955 2.151148 0.790779
v -0.980961 2.151148 0.790772
v 0.980953 2.125001 1.205695
v -0.980961 2.151148 0.790772
v -0.980963 2.125000 1.205688
v 1.230952 1.125001 1.450609
v 1.230952 0.125001 1.514386
v 1.230959 0.125000 -0.277357
v 1.230952 1.125001 1.450609
v 1.230959 0.125000 -0.277357
v 1.230959 1.125000 -0.189097
v 0.980955 2.151148 0.790779
v 1.230955 2.151148 0.790780
v 1.230955 2.151148 0.549792
v 0.980955 2.151148 0.790779
v 1.230955 2.151148 0.549792
v 0.980955 2.151148 0.549790
v -1.230961 2.151148 0.790771
v -0.980961 2.151148 0.790772
v -0.980961 2.151148 0.549783
v -1.230961 2.151148 0.790771
v -0.980961 2.151148 0.549783
v -1.230961 2.151148 0.549782
v -1.230965 -0.125000 1.514376
v -1.230964 0.125000 1.514378
v -1.230957 0.125000 -0.277366
v -1.230964 1.125000 1.450600
v -1.230957 0.125000 -0.277366
v -1.230958 1.125000 -0.189106
v -1.230965 -0.125000 1.514376
v -1.230957 0.125000 -0.277366
v -1.230957 -0.125000 -0.277367
v 1.230952 -0.124999 1.514386
v 0.980952 -0.124999 1.514385
v 0.980959 -0.125000 -0.277359
v 1.230952 -0.124999 1.514386
v 0.980959 -0.125000 -0.277359
v 1.230959 -0.125000 -0.277358
v 0.980959 0.125000 -0.177358
v 0.980959 1.125000 -0.189098
v 0.980960 1.125000 -0.527358
v 0.980960 0.125000 -0.427358
v 0.980960 0.125000 -0.427358
v 0.980960 1.125000 -0.527358
v -0.980956 1.125000 -0.527365
v -0.980956 0.125000 -0.427365
v -0.980956 0.125000 -0.427365
v -0.980956 1.125000 -0.527365
v -0.980958 1.125000 -0.189105
v -0.980957 0.125000 -0.177365
v -1.230956 -0.125000 -0.527367
v -1.230957 -0.125000 -0.277367
v -1.230957 0.125000 -0.277366
v -1.230956 0.125000 -0.527366
v -1.230950 -0.125001 -1.796665
v -1.230956 1.000000 -0.527367
v -1.230958 1.125000 -0.189106
v -1.230958 1.875000 -0.027367
v -1.230959 1.875000 0.222633
v -1.230959 2.125000 0.134866
v -1.230961 2.151148 0.549782
v -1.230951 0.965928 -1.811510
v -1.230951 0.124999 -1.829434
v -1.230946 -0.125001 -2.832669
v -1.230946 0.874953 -2.862360
v -1.230946 0.124999 -2.898208
v -0.980956 0.125000 -0.427365
v -0.980957 0.125000 -0.177365
v 0.980959 0.125000 -0.177358
v 0.980960 0.125000 -0.427358
v -1.230956 -0.125000 -0.527367
v -0.980957 -0.125000 -0.277366
v -1.230957 -0.125000 -0.277367
v -0.980956 -0.125000 -0.527366
v -1.230950 -0.125001 -1.796665
v 0.980959 -0.125000 -0.277359
v -0.980950 -0.125001 -1.796664
v -1.230946 -0.125001 -2.832669
v -0.980946 -0.125001 -2.832668
v 0.980960 -0.125000 -0.527359
v 1.230959 -0.125000 -0.277358
v 1.230960 -0.125000 -0.527358
v 0.980966 -0.125000 -1.796656
v 0.980970 -0.125001 -2.832661
v 1.230966 -0.125000 -1.796655
v 1.230970 -0.125001 -2.832660
v -0.980958 1.125000 -0.189105
v -0.980959 1.875000 0.222634
v -1.230959 1.875000 0.222633
v -1.230958 1.125000 -0.189106
v -1.230958 1.875000 -0.027367
v -1.230959 2.125000 0.134866
v -0.980959 2.125000 0.134868
v -0.980958 1.875000 -0.027366
v -1.230956 1.000000 -0.527367
v -0.980956 1.125000 -0.527365
v 0.980958 1.875000 -0.027359
v 0.980957 2.125000 0.134874
v 1.230957 2.125000 0.134876
v 1.230958 1.875000 -0.027357
v 0.980960 1.125000 -0.527358
v 1.230960 1.000000 -0.527357
v -0.980956 1.125000 -0.527365
v -0.980958 1.875000 -0.027366
v -0.980959 1.875000 0.222634
v -0.980958 1.125000 -0.189105
v 1.230959 1.125000 -0.189097
v 1.230957 1.875000 0.222643
v 0.980957 1.875000 0.222641
v 0.980959 1.125000 -0.189098
v 0.980959 1.125000 -0.189098
v 0.980957 1.875000 0.222641
v 0.980958 1.875000 -0.027359
v 0.980960 1.125000 -0.527358
v 0.980957 2.125000 0.134874
v 0.980955 2.151148 0.549790
v 1.230955 2.151148 0.549792
v 1.230957 2.125000 0.134876
v -1.230959 2.125000 0.134866
v -1.230961 2.151148 0.549782
v -0.980961 2.151148 0.549783
v -0.980959 2.125000 0.134868
v 1.230958 1.875000 -0.027357
v 1.230957 2.125000 0.134876
v 1.230955 2.151148 0.549792
v 1.230957 1.875000 0.222643
v 1.230960 1.000000 -0.527357
v 1.230959 1.125000 -0.189097
v 1.230960 0.125000 -0.527357
v 1.230959 0.125000 -0.277357
v 1.230959 -0.125000 -0.277358
v 1.230960 -0.125000 -0.527358
v 1.230966 0.125000 -1.829424
v 1.230966 0.965929 -1.811500
v 1.230966 -0.125000 -1.796655
v 1.230970 0.124999 -2.898199
v 1.230970 0.874953 -2.862351
v 1.230970 -0.125001 -2.832660
v 0.980952 -0.124999 1.514385
v 1.230952 -0.124999 1.514386
v 1.230951 -0.124999 1.764386
v 0.980951 -0.124999 1.764385
v -0.980965 -0.125000 1.514377
v -0.980966 -0.125000 1.764377
v -1.230965 -0.125000 1.514376
v -1.230966 -0.125000 1.764376
v -1.230965 -0.125000 1.514376
v -1.230966 -0.125000 1.764376
v -1.230965 0.125000 1.764378
v -1.230964 0.125000 1.514378
v -1.230964 1.125000 1.450600
v -1.230965 1.000000 1.764377
v 1.230951 1.000001 1.764386
v 1.230947 0.875291 2.756196
v 1.230947 0.125000 2.764386
v 1.230951 0.125001 1.764386
v 1.230947 -0.125000 2.726504
v 1.230951 -0.124999 1.764386
v -1.230946 0.124999 -2.898208
v -1.230946 0.874953 -2.862360
v -0.980946 0.999953 -2.862359
v -0.980946 0.124999 -2.898207
v 0.980970 0.999953 -2.862352
v -0.980946 -0.125001 -2.832668
v -1.230946 -0.125001 -2.832669
v 0.980970 -0.125001 -2.832661
v 0.980970 0.124999 -2.898200
v 1.230970 0.874953 -2.862351
v 1.230970 -0.125001 -2.832660
v 1.230970 0.124999 -2.898199
v 0.980951 1.125001 1.764385
v 0.980947 1.000291 2.756195
v 1.230947 0.875291 2.756196
v 1.230951 1.000001 1.764386
v -0.980963 0.125000 1.414379
v -0.980964 1.125000 1.450602
v 0.980952 1.125001 1.450608
v 0.980952 0.125001 1.414385
v 1.230951 -0.124999 1.764386
v 1.230952 -0.124999 1.514386
v 1.230952 0.125001 1.514386
v 1.230951 0.125001 1.764386
v 1.230951 1.000001 1.764386
v 1.230952 1.125001 1.450609
v -0.980964 1.125000 1.450602
v -0.980965 1.125000 1.764378
v 0.980951 1.125001 1.764385
v 0.980952 1.125001 1.450608
v -1.230965 1.000000 1.764377
v -1.230962 1.875000 1.087559
v -1.230964 1.125000 1.450600
v -1.230963 1.875000 1.337559
v -1.230961 2.151148 0.790771
v -1.230963 2.125000 1.205687
v -1.230951 0.965928 -1.811510
v -1.230956 1.000000 -0.527367
v -0.980956 1.125000 -0.527365
v -0.980951 1.090928 -1.811509
v -1.230946 0.874953 -2.862360
v 0.980960 1.125000 -0.527358
v -0.980946 0.999953 -2.862359
v 0.980966 1.090929 -1.811501
v 1.230960 1.000000 -0.527357
v 0.980970 0.999953 -2.862352
v 1.230966 0.965929 -1.811500
v 1.230970 0.874953 -2.862351
v 1.230951 1.000001 1.764386
v 0.980952 1.875001 1.337566
v 0.980951 1.125001 1.764385
v 1.230952 1.875001 1.337567
v 0.980953 2.125001 1.205695
v 1.230953 2.125001 1.205696
v -1.230965 1.000000 1.764377
v -1.230969 0.875291 2.756187
v -0.980969 1.000291 2.756188
v -0.980965 1.125000 1.764378
v -0.980965 1.125000 1.764378
v -0.980969 1.000291 2.756188
v 0.980947 1.000291 2.756195
v 0.980951 1.125001 1.764385
v -1.230965 0.125000 1.764378
v -1.230969 0.875291 2.756187
v -1.230965 1.000000 1.764377
v -1.230969 0.125000 2.764378
v -1.230966 -0.125000 1.764376
v -1.230970 -0.125000 2.726494
v 1.230952 1.125001 1.450609
v 1.230952 1.875001 1.337567
v 1.230951 1.000001 1.764386
v 1.230953 1.875001 1.087567
v 1.230953 2.125001 1.205696
v 1.230955 2.151148 0.790780
v -1.230964 1.125000 1.450600
v -1.230962 1.875000 1.087559
v -0.980962 1.875000 1.087560
v -0.980964 1.125000 1.450602
v 0.980951 1.125001 1.764385
v 0.980952 1.875001 1.337566
v 0.980953 1.875001 1.087566
v 0.980952 1.125001 1.450608
v 0.980952 1.125001 1.450608
v 0.980953 1.875001 1.087566
v 1.230953 1.875001 1.087567
v 1.230952 1.125001 1.450609
v -0.980965 1.125000 1.764378
v -1.230963 1.875000 1.337559
v -1.230965 1.000000 1.764377
v -0.980963 1.875000 1.337560
v -1.230963 2.125000 1.205687
v -0.980963 2.125000 1.205688
v -0.980964 1.125000 1.450602
v -0.980962 1.875000 1.087560
v -0.980963 1.875000 1.337560
v -0.980965 1.125000 1.764378
v 0.980955 2.151148 0.790779
v 0.980953 2.125001 1.205695
v 1.230953 2.125001 1.205696
v 1.230955 2.151148 0.790780
v -1.230961 2.151148 0.790771
v -1.230963 2.125000 1.205687
v -0.980963 2.125000 1.205688
v -0.980961 2.151148 0.790772
v 0.980947 -0.125000 2.726503
v 1.230947 -0.125000 2.726504
v 1.230947 0.125000 2.764386
v 0.980947 0.125000 2.764385
v -0.980970 -0.125000 2.726495
v 0.980947 1.000291 2.756195
v 1.230947 0.875291 2.756196
v -0.980969 1.000291 2.756188
v -0.980969 0.125000 2.764379
v -1.230970 -0.125000 2.726494
v -1.230969 0.875291 2.756187
v -1.230969 0.125000 2.764378
v -0.980966 -0.125000 1.764377
v -1.230970 -0.125000 2.726494
v -1.230966 -0.125000 1.764376
v -0.980970 -0.125000 2.726495
v 0.980951 -0.124999 1.764385
v 0.980947 -0.125000 2.726503
v 1.230951 -0.124999 1.764386
v 1.230947 -0.125000 2.726504
v -0.980963 2.125000 1.205688
v -0.980963 1.875000 1.337560
v 0.980952 1.875001 1.337566
v 0.980953 2.125001 1.205695
v 0.980952 1.875001 1.337566
v -0.980963 1.875000 1.337560
v -0.980962 1.875000 1.087560
v 0.980953 1.875001 1.087566
v -0.980963 0.125000 1.414379
v 0.980952 0.125001 1.414385
v 0.980959 0.125000 -0.177358
v -0.980957 0.125000 -0.177365
v 1.230952 -0.124999 1.514386
v 1.230959 -0.125000 -0.277358
v 1.230959 0.125000 -0.277357
v 1.230952 0.125001 1.514386
v 1.230953 1.875001 1.087567
v 1.230957 1.875000 0.222643
v 1.230955 2.151148 0.549792
v 1.230955 2.151148 0.790780
v -0.980961 2.151148 0.549783
v -0.980961 2.151148 0.790772
v 0.980955 2.151148 0.790779
v 0.980955 2.151148 0.549790
v -1.230959 1.875000 0.222633
v -1.230962 1.875000 1.087559
v -1.230961 2.151148 0.790771
v -1.230961 2.151148 0.549782
v -0.980965 -0.125000 1.514377
v -1.230965 -0.125000 1.514376
v -1.230957 -0.125000 -0.277367
v -0.980957 -0.125000 -0.277366
v 0.980952 -0.124999 1.514385
v -0.980965 -0.125000 1.514377
v -0.980957 -0.125000 -0.277366
v 0.980959 -0.125000 -0.277359
v 0.980952 1.125001 1.450608
v 1.230952 1.125001 1.450609
v 1.230959 1.125000 -0.189097
v 0.980959 1.125000 -0.189098
v -1.230964 1.125000 1.450600
v -0.980964 1.125000 1.450602
v -0.980958 1.125000 -0.189105
v -1.230958 1.125000 -0.189106
v 0.980952 1.125001 1.450608
v 0.980959 1.125000 -0.189098
v 0.980959 0.125000 -0.177358
v 0.980952 0.125001 1.414385
v -0.980964 1.125000 1.450602
v -0.980963 0.125000 1.414379
v -0.980957 0.125000 -0.177365
v -0.980958 1.125000 -0.189105
v 1.230953 1.875001 1.087567
v -1.230962 1.875000 1.087559
v -1.230959 1.875000 0.222633
v 1.230957 1.875000 0.222643
v -0.694984 -0.076025 2.942378
v -0.694984 -0.273431 2.942378
v -0.694975 -0.106347 0.942378
v -0.694975 0.091060 0.942378
v -0.892382 0.091060 0.942377
v -0.892382 -0.106347 0.942377
v -0.892390 -0.273431 2.942377
v -0.892390 -0.076025 2.942377
v -0.892390 -0.076025 2.942377
v -0.892390 -0.273431 2.942377
v -0.694984 -0.273431 2.942378
v -0.694984 -0.076025 2.942378
v -0.694984 -0.273431 2.942378
v -0.892390 -0.273431 2.942377
v -0.892382 -0.106347 0.942377
v -0.694975 -0.106347 0.942378
v -0.892390 -0.076025 2.942377
v -0.694984 -0.076025 2.942378
v -0.694975 0.091060 0.942378
v -0.892382 0.091060 0.942377
v 1.260813 0.100803 -2.594819
v 1.260813 -0.158647 -2.594819
v 1.260815 -0.158647 -2.942876
v 1.260814 0.100803 -2.942877
v -0.531247 0.100802 -3.009812
v -1.261048 -0.158648 -2.942887
v -1.261048 0.100802 -2.942887
v -0.531247 -0.158648 -3.009811
v 0.516269 0.100803 -3.009807
v 0.516269 -0.158647 -3.009807
v 1.260814 0.100803 -2.942877
v 1.260815 -0.158647 -2.942876
v -1.261048 0.100802 -2.942887
v -1.261048 -0.158648 -2.942887
v -1.261049 -0.158647 -2.594830
v -1.261049 0.100802 -2.594830
v 0.516267 0.100803 -2.661749
v 1.260813 -0.158647 -2.594819
v 1.260813 0.100803 -2.594819
v 0.516267 -0.158647 -2.661749
v -0.531249 0.100803 -2.661754
v -0.531249 -0.158647 -2.661754
v -1.261049 0.100802 -2.594830
v -1.261049 -0.158647 -2.594830
v -0.531249 -0.158647 -2.661754
v -1.261049 -0.158647 -2.594830
v -1.261048 -0.158648 -2.942887
v -0.531247 -0.158648 -3.009811
v 0.516267 -0.158647 -2.661749
v 0.516269 -0.158647 -3.009807
v 1.260813 -0.158647 -2.594819
v 1.260815 -0.158647 -2.942876
v 0.516267 0.100803 -2.661749
v 1.260813 0.100803 -2.594819
v 1.260814 0.100803 -2.942877
v 0.516269 0.100803 -3.009807
v -0.531249 0.100803 -2.661754
v -0.531247 0.100802 -3.009812
v -1.261049 0.100802 -2.594830
v -1.261048 0.100802 -2.942887
v -1.260816 0.100804 2.451255
v -1.260816 -0.158646 2.451255
v -1.260818 -0.158646 2.799313
v -1.260818 0.100804 2.799313
v 0.531244 0.100804 2.866250
v 1.261045 -0.158646 2.799328
v 1.261045 0.100804 2.799327
v 0.531244 -0.158646 2.866250
v -0.516272 0.100804 2.866244
v -0.516272 -0.158646 2.866244
v -1.260818 0.100804 2.799313
v -1.260818 -0.158646 2.799313
v 1.261045 0.100804 2.799327
v 1.261045 -0.158646 2.799328
v 1.261047 -0.158646 2.451270
v 1.261047 0.100804 2.451270
v -0.516270 0.100804 2.518187
v -1.260816 -0.158646 2.451255
v -1.260816 0.100804 2.451255
v -0.516270 -0.158646 2.518187
v 0.531246 0.100804 2.518193
v 0.531246 -0.158646 2.518193
v 1.261047 0.100804 2.451270
v 1.261047 -0.158646 2.451270
v 0.531246 -0.158646 2.518193
v 1.261047 -0.158646 2.451270
v 1.261045 -0.158646 2.799328
v 0.531244 -0.158646 2.866250
v -0.516270 -0.158646 2.518187
v -0.516272 -0.158646 2.866244
v -1.260816 -0.158646 2.451255
v -1.260818 -0.158646 2.799313
v -0.516270 0.100804 2.518187
v -1.260816 0.100804 2.451255
v -1.260818 0.100804 2.799313
v -0.516272 0.100804 2.866244
v 0.531246 0.100804 2.518193
v 0.531244 0.100804 2.866250
v 1.261047 0.100804 2.451270
v 1.261045 0.100804 2.799327
vt 0.0971294045 0.869764209
vt 0.0954085439 0.871392965
vt 0.0887213424 0.807079315
vt 0.0971294045 0.869764209
vt 0.0887213424 0.807079315
vt 0.0956182331 0.869948387
vt 0.0887213424 0.807079315
vt 0.0971294045 0.869764209
vt 0.0971294045 0.86958009
vt 0.0887213424 0.807079315
vt 0.0971294045 0.86958009
vt 0.0956030414 0.86958009
vt 0.0887213424 0.807079315
vt 0.102186397 0.86477834
vt 0.101401612 0.8707726
vt 0.0887213424 0.807079315
vt 0.101401612 0.8707726
vt 0.102179609 0.869638085
vt 0.0887213424 0.807079315
vt 0.114878044 0.824485421
vt 0.114878044 0.82466948
vt 0.0887213424 0.807079315
vt 0.114878044 0.82466948
vt 0.116404407 0.82466948
vt 0.12154641 0.719842196
vt 0.136292458 0.808417916
vt 0.135094315 0.808417916
vt 0.12154641 0.719842196
vt 0.135094315 0.808417916
vt 0.135094315 0.811628819
vt 0.133215398 0.825980246
vt 0.126884967 0.812857151
vt 0.132231027 0.807638645
vt 0.133215398 0.825980246
vt 0.132231027 0.807638645
vt 0.131845027 0.816096306
vt 0.12154641 0.719842196
vt 0.129535168 0.812857151
vt 0.135568053 0.820498586
vt 0.12154641 0.719842196
vt 0.135568053 0.820498586
vt 0.134495229 0.816096306
vt 0.12154641 0.719842196
vt 0.137790143 0.813258231
vt 0.137790143 0.813258231
vt 0.12154641 0.719842196
vt 0.12154641 0.719842196
vt 0.138988316 0.810147405
vt 0.12154641 0.719842196
vt 0.137790143 0.813258231
vt 0.137790143 0.810047388
vt 0.134794772 0.811628819
vt 0.131845027 0.813226879
vt 0.12154641 0.719842196
vt 0.134794772 0.811628819
vt 0.12154641 0.719842196
vt 0.13214457 0.810016036
vt 0.403001606 0.709621787
vt 0.412817985 0.709512711
vt 0.412817985 0.706370294
vt 0.403001606 0.707299292
vt 0.378448367 0.777442634
vt 0.368687242 0.777443469
vt 0.368687242 0.795669615
vt 0.378448367 0.795668781
vt 0.402916044 0.778371811
vt 0.412732422 0.779300809
vt 0.412732422 0.776158392
vt 0.402916074 0.776049376
vt 0.13062951 0.7367208
vt 0.13062951 0.739043355
vt 0.133083597 0.739043355
vt 0.133083597 0.73672086
vt 0.13062951 0.730174303
vt 0.141672909 0.73672086
vt 0.14289996 0.739863276
vt 0.150262237 0.74136585
vt 0.150262237 0.743688345
vt 0.152716324 0.742872953
vt 0.152716324 0.745195448
vt 0.141458467 0.730174303
vt 0.133083597 0.730045795
vt 0.13062951 0.723627746
vt 0.141244024 0.723627746
vt 0.133083597 0.72337079
vt 0.565092504 0.845444679
vt 0.565092504 0.843122184
vt 0.545833588 0.843122244
vt 0.545833588 0.845444679
vt 0.108542666 0.736463904
vt 0.106088586 0.738786399
vt 0.108542681 0.738786399
vt 0.106088586 0.736463904
vt 0.108542666 0.729917347
vt 0.086829707 0.738786399
vt 0.106088586 0.729917347
vt 0.108542666 0.72337079
vt 0.106088586 0.72337079
vt 0.086829707 0.736463904
vt 0.084375605 0.738786399
vt 0.084375605 0.736463904
vt 0.0868296996 0.729917347
vt 0.0868296921 0.72337079
vt 0.084375605 0.729917347
vt 0.084375605 0.72337079
vt 0.174717575 0.800169706
vt 0.174717575 0.793034434
vt 0.172263488 0.79303509
vt 0.172263488 0.800170422
vt 0.0870214105 0.790926456
vt 0.084375605 0.790927231
vt 0.084375605 0.793249667
vt 0.0870214105 0.793249011
vt 0.0961922556 0.79092437
vt 0.0949763283 0.793246746
vt 0.0870214105 0.811475098
vt 0.084375605 0.811475873
vt 0.084375605 0.813798308
vt 0.0870214105 0.813797593
vt 0.0949763283 0.811472893
vt 0.0961922556 0.813795447
vt 0.16244714 0.796301305
vt 0.169809401 0.791656375
vt 0.169809401 0.78933382
vt 0.16244714 0.793158889
vt 0.174717575 0.793033719
vt 0.174717575 0.785898447
vt 0.172263488 0.785899103
vt 0.172263488 0.793034434
vt 0.162532687 0.726513207
vt 0.169894949 0.730338216
vt 0.169894978 0.72801578
vt 0.162532687 0.72337079
vt 0.0868296921 0.79092437
vt 0.0868296921 0.788601875
vt 0.084375605 0.788601875
vt 0.084375605 0.79092437
vt 0.108542666 0.79092437
vt 0.108542666 0.788601875
vt 0.106088586 0.788601875
vt 0.106088586 0.79092437
vt 0.128175423 0.7496773
vt 0.13062951 0.748170137
vt 0.13062951 0.745847642
vt 0.128175423 0.747354746
vt 0.119586095 0.75432229
vt 0.120813146 0.751179814
vt 0.110996783 0.75432229
vt 0.110996783 0.751999795
vt 0.108542681 0.751999795
vt 0.108542681 0.75432229
vt 0.110996783 0.760997295
vt 0.119371653 0.760868788
vt 0.108542681 0.760868788
vt 0.110996783 0.7676723
vt 0.119157217 0.767415345
vt 0.108542681 0.767415345
vt 0.086829707 0.765092909
vt 0.084375605 0.765092909
vt 0.0843756199 0.767415345
vt 0.086829707 0.767415345
vt 0.106088594 0.765092909
vt 0.106088594 0.767415345
vt 0.108542681 0.765092909
vt 0.108542681 0.767415345
vt 0.13062951 0.765349805
vt 0.13062951 0.7676723
vt 0.133083597 0.7676723
vt 0.133083597 0.765349865
vt 0.14289996 0.765349865
vt 0.14289996 0.7676723
vt 0.120813146 0.72337079
vt 0.120813146 0.72337079
vt 0.110996783 0.72337079
vt 0.110996783 0.72337079
vt 0.108542681 0.72337079
vt 0.108542681 0.72337079
vt 0.0992038175 0.813795805
vt 0.107326746 0.813796341
vt 0.108542666 0.811473906
vt 0.0992038175 0.81147331
vt 0.108542666 0.793247759
vt 0.0968084633 0.811472952
vt 0.0968084633 0.813795447
vt 0.0968084484 0.793246865
vt 0.0992038175 0.793247163
vt 0.107326746 0.790925145
vt 0.0968084633 0.79092437
vt 0.0992038175 0.790924728
vt 0.0972817838 0.762320876
vt 0.0972817838 0.762320876
vt 0.0972817838 0.759998441
vt 0.0972817838 0.759998441
vt 0.358827978 0.795668781
vt 0.368687242 0.79566896
vt 0.368687212 0.777442873
vt 0.358827978 0.777442634
vt 0.108542681 0.72337079
vt 0.108542681 0.725693285
vt 0.110996783 0.725693285
vt 0.110996783 0.72337079
vt 0.120813146 0.72337079
vt 0.120813146 0.725693285
vt 0.169809401 0.804124594
vt 0.172263488 0.804124594
vt 0.172263488 0.785898447
vt 0.169809401 0.785898447
vt 0.0998085439 0.759998083
vt 0.10717085 0.75674659
vt 0.0998085439 0.757675648
vt 0.10717085 0.759069145
vt 0.109624922 0.756385386
vt 0.109624922 0.758707881
vt 0.137552217 0.790544748
vt 0.13063398 0.790544748
vt 0.13062951 0.792867303
vt 0.137547746 0.792867303
vt 0.144470453 0.790544748
vt 0.13062951 0.81109339
vt 0.144465983 0.792867303
vt 0.137547746 0.81109339
vt 0.13063398 0.813415885
vt 0.144465983 0.81109339
vt 0.137552217 0.813415885
vt 0.144470453 0.813415885
vt 0.0972817838 0.759998441
vt 0.0899721682 0.762321651
vt 0.0972817838 0.762320876
vt 0.0899721682 0.759999156
vt 0.0875380933 0.762321889
vt 0.0875380933 0.759999454
vt 0.0972817838 0.782869518
vt 0.0972817838 0.782869518
vt 0.0972817838 0.780547023
vt 0.0972817838 0.780547023
vt 0.172263488 0.804124594
vt 0.172263488 0.804124594
vt 0.172263488 0.785898447
vt 0.172263488 0.785898447
vt 0.133083597 0.7676723
vt 0.14289996 0.7676723
vt 0.14289996 0.7676723
vt 0.133083597 0.7676723
vt 0.13062951 0.7676723
vt 0.13062951 0.7676723
vt 0.0777217448 0.718019068
vt 0.0850840211 0.716625571
vt 0.0777217448 0.715696573
vt 0.0850840211 0.718948066
vt 0.0875380933 0.716986775
vt 0.0875380933 0.71930927
vt 0.129255086 0.727143407
vt 0.129255086 0.733922899
vt 0.131709158 0.733922541
vt 0.131709158 0.727143049
vt 0.119441301 0.759636879
vt 0.126803547 0.758707881
vt 0.126803547 0.756385386
vt 0.119441301 0.757314384
vt 0.129257649 0.752857387
vt 0.129257649 0.759636879
vt 0.131711751 0.759636462
vt 0.131711751 0.75285697
vt 0.0972817838 0.780547023
vt 0.0899721682 0.782870293
vt 0.0972817838 0.782869518
vt 0.0899721682 0.780547798
vt 0.0875380933 0.782870531
vt 0.0875380933 0.780548096
vt 0.109624922 0.747644842
vt 0.116987199 0.748573899
vt 0.116987199 0.746251345
vt 0.109624922 0.745322406
vt 0.0437383056 0.762063682
vt 0.0437383056 0.759741187
vt 0.0412842333 0.759741187
vt 0.0412842035 0.762063682
vt 0.0654512644 0.762063622
vt 0.0654512644 0.759741127
vt 0.0629971921 0.759741127
vt 0.0629971921 0.762063622
vt 0.152630776 0.769994855
vt 0.152630776 0.7676723
vt 0.150179252 0.76767236
vt 0.150179252 0.769994855
vt 0.152630746 0.788220942
vt 0.14037317 0.769995093
vt 0.14037317 0.767672658
vt 0.14037317 0.78822124
vt 0.150179252 0.788221002
vt 0.152630746 0.790543437
vt 0.14037317 0.790543735
vt 0.150179252 0.790543497
vt 0.106088594 0.767415345
vt 0.108542681 0.767415345
vt 0.108542681 0.767415345
vt 0.106088594 0.767415345
vt 0.086829707 0.767415345
vt 0.086829707 0.767415345
vt 0.0843756199 0.767415345
vt 0.0843756199 0.767415345
vt 0.0887213424 0.807079315
vt 0.118349403 0.826134503
vt 0.0887213424 0.807079315
vt 0.118542314 0.824689925
vt 0.0887213424 0.807079315
vt 0.120683402 0.823416293
vt 0.0887213424 0.807079315
vt 0.121461391 0.824219465
vt 0.577726662 0.706619561
vt 0.621524036 0.803736269
vt 0.577726662 0.706619561
vt 0.644349337 0.809528232
vt 0.12154641 0.719842196
vt 0.134794772 0.811628819
vt 0.12154641 0.719842196
vt 0.135094315 0.808417916
vt 0.12154641 0.719842196
vt 0.137191087 0.811061859
vt 0.12154641 0.719842196
vt 0.132231027 0.807638645
vt 0.12154641 0.719842196
vt 0.135568053 0.820498586
vt 0.12154641 0.719842196
vt 0.133215398 0.825980246
vt 0.12154641 0.719842196
vt 0.134627342 0.812208176
vt 0.12154641 0.719842196
vt 0.140186459 0.810798287
vt 0.12154641 0.719842196
vt 0.134495229 0.813226879
vt 0.12154641 0.719842196
vt 0.134794772 0.810016036
vt 0.12154641 0.719842196
vt 0.13214457 0.813226879
vt 0.12154641 0.719842196
vt 0.134495229 0.810016036
vt 0.12154641 0.719842196
vt 0.137323171 0.811733484
vt 0.12154641 0.719842196
vt 0.142871857 0.816637278
vt 0.138988316 0.810147405
vt 0.137322873 0.808594882
vt 0.12154641 0.719842196
vt 0.142871857 0.817508221
vt 0.401110291 0.716064334
vt 0.451497465 0.802665114
vt 0.401110291 0.716064334
vt 0.444907635 0.810956359
vt 0.401110291 0.716064334
vt 0.446111023 0.813181043
vt 0.401110291 0.716064334
vt 0.450288862 0.810786366
vt 0.12154641 0.719842196
vt 0.134627342 0.812208176
vt 0.12154641 0.719842196
vt 0.137191087 0.811061859
vt 0.902443171 0.224117547
vt 0.88990134 0.223607123
vt 0.88990134 0.28593722
vt 0.902443171 0.286447644
vt 0.88990134 0.223607123
vt 0.87735945 0.224117547
vt 0.87735945 0.286447644
vt 0.88990134 0.28593722
vt 0.927614391 0.223607123
vt 0.927614391 0.229737967
vt 0.940199912 0.229737967
vt 0.940199912 0.223607123
vt 0.915028751 0.223607123
vt 0.902443171 0.223607123
vt 0.902443171 0.28593719
vt 0.915028751 0.28593719
vt 0.927614391 0.223607123
vt 0.915028751 0.223607123
vt 0.915028751 0.28593719
vt 0.927614391 0.28593719
vt 0.658940673 0.242350191
vt 0.677850544 0.242350191
vt 0.677850544 0.226171732
vt 0.658940673 0.226171732
vt 0.62112087 0.243917823
vt 0.640030742 0.209993273
vt 0.62112087 0.209993273
vt 0.640030742 0.243917823
vt 0.62112093 0.292608589
vt 0.640030742 0.292608589
vt 0.62112087 0.327214807
vt 0.640030742 0.327214807
vt 0.677850544 0.209993273
vt 0.658940673 0.209993273
vt 0.658940673 0.226171732
vt 0.677850544 0.226171732
vt 0.658940613 0.292608589
vt 0.640030742 0.327214867
vt 0.658940673 0.327214807
vt 0.640030742 0.292608589
vt 0.658940613 0.243917823
vt 0.640030742 0.243917823
vt 0.658940673 0.209993273
vt 0.640030742 0.209993303
vt 0.595752835 0.293292195
vt 0.59087491 0.327214867
vt 0.616242886 0.327214867
vt 0.62112087 0.293292195
vt 0.595752835 0.244601399
vt 0.62112087 0.244601399
vt 0.59087491 0.209993273
vt 0.616242886 0.209993273
vt 0.565506876 0.292606741
vt 0.560628951 0.327214867
vt 0.585996926 0.327214867
vt 0.59087491 0.292606741
vt 0.565506876 0.243915945
vt 0.59087491 0.243915945
vt 0.560628951 0.209993273
vt 0.585996926 0.209993273
vt 0.709712267 0.103541046
vt 0.721033752 0.103541046
vt 0.721033752 0.0938548744
vt 0.709712267 0.0938548744
vt 0.687069297 0.104479551
vt 0.698390782 0.0841687322
vt 0.687069297 0.0841687322
vt 0.698390782 0.104479551
vt 0.687069297 0.133631021
vt 0.698390782 0.133631021
vt 0.687069297 0.154350013
vt 0.698390782 0.154350013
vt 0.721033752 0.0841687322
vt 0.709712267 0.0841687322
vt 0.709712267 0.0938548744
vt 0.721033752 0.0938548744
vt 0.709712207 0.13363108
vt 0.698390782 0.154350013
vt 0.709712267 0.154350013
vt 0.698390782 0.133631021
vt 0.709712207 0.104479551
vt 0.698390782 0.104479551
vt 0.709712267 0.0841687322
vt 0.698390782 0.0841687322
vt 0.671881318 0.134040326
vt 0.668960869 0.154350072
vt 0.684148848 0.154350013
vt 0.687069297 0.134040326
vt 0.671881318 0.104888827
vt 0.687069297 0.104888827
vt 0.668960869 0.0841687322
vt 0.684148848 0.0841687322
vt 0.653772891 0.133629948
vt 0.650852442 0.154350072
vt 0.666040421 0.154350013
vt 0.668960869 0.133629948
vt 0.653772891 0.104478449
vt 0.668960869 0.104478449
vt 0.650852442 0.0841687322
vt 0.666040421 0.0841687322
vn 0.000004 0.544358 -0.838853
vn 0.043393 0.537171 -0.842357
vn -0.043386 0.537171 -0.842357
vn 0.000004 0.544358 -0.838853
vn -0.043386 0.537171 -0.842357
vn 0.000004 0.544358 -0.838853
vn 0.000000 0.998020 -0.062895
vn 0.000000 0.998020 -0.062895
vn 0.000000 0.999505 -0.031463
vn 0.000000 0.998020 -0.062895
vn 0.000000 0.999505 -0.031463
vn 0.000000 0.999505 -0.031463
vn 0.000000 -1.000000 0.000000
vn 0.000000 -1.000000 0.000000
vn 0.000000 -1.000000 0.000000
vn 0.000000 -1.000000 0.000000
vn 0.000000 -1.000000 0.000000
vn 0.000000 -1.000000 0.000000
vn -0.000000 0.998020 0.062895
vn -0.000000 0.999505 0.031463
vn -0.000000 0.999505 0.031463
vn -0.000000 0.998020 0.062895
vn -0.000000 0.999505 0.031463
vn -0.000000 0.998020 0.062895
vn 1.000000 0.000000 0.000004
vn 1.000000 0.000000 0.000004
vn 1.000000 0.000000 0.000004
vn 1.000000 0.000000 0.000004
vn 1.000000 0.000000 0.000004
vn 1.000000 0.000000 0.000004
vn -0.000000 0.999505 0.031463
vn -0.000000 0.999505 0.031463
vn 0.000000 0.999505 -0.031463
vn -0.000000 0.999505 0.031463
vn 0.000000 0.999505 -0.031463
vn 0.000000 0.999505 -0.031463
vn -0.000000 0.999505 0.031463
vn -0.000000 0.999505 0.031463
vn 0.000000 0.999505 -0.031463
vn -0.000000 0.999505 0.031463
vn 0.000000 0.999505 -0.031463
vn 0.000000 0.999505 -0.031463
vn -1.000000 -0.000000 -0.000004
vn -1.000000 -0.000000 -0.000004
vn -1.000000 -0.000000 -0.000004
vn -1.000000 -0.000000 -0.000004
vn -1.000000 -0.000000 -0.000004
vn -1.000000 -0.000000 -0.000004
vn -1.000000 -0.000000 -0.000004
vn -1.000000 -0.000000 -0.000004
vn -1.000000 -0.000000 -0.000004
vn 0.000000 -1.000000 0.000000
vn 0.000000 -1.000000 0.000000
vn 0.000000 -1.000000 0.000000
vn 0.000000 -1.000000 0.000000
vn 0.000000 -1.000000 0.000000
vn 0.000000 -1.000000 0.000000
vn -1.000000 -0.000000 -0.000004
vn -1.000000 -0.000000 -0.000004
vn -1.000000 -0.000000 -0.000004
vn -1.000000 -0.000000 -0.000004
vn -0.000004 0.099504 0.995037
vn -0.000004 0.099504 0.995037
vn -0.000004 0.099504 0.995037
vn -0.000004 0.099504 0.995037
vn 1.000000 0.000000 0.000004
vn 1.000000 0.000000 0.000004
vn 1.000000 0.000000 0.000004
vn 1.000000 0.000000 0.000004
vn -1.000000 -0.000000 -0.000004
vn -1.000000 -0.000000 -0.000004
vn -1.000000 -0.000000 -0.000004
vn -1.000000 -0.000000 -0.000004
vn -1.000000 -0.000000 -0.000004
vn -1.000000 -0.000000 -0.000004
vn -1.000000 -0.000000 -0.000004
vn -1.000000 -0.000000 -0.000004
vn -1.000000 -0.000000 -0.000004
vn -1.000000 -0.000000 -0.000004
vn -1.000000 -0.000000 -0.000004
vn -1.000000 -0.000000 -0.000004
vn -1.000000 -0.000000 -0.000004
vn -1.000000 -0.000000 -0.000004
vn -1.000000 -0.000000 -0.000004
vn -1.000000 -0.000000 -0.000004
vn -0.000000 1.000000 -0.000000
vn -0.000000 1.000000 -0.000000
vn -0.000000 1.000000 -0.000000
vn -0.000000 1.000000 -0.000000
vn 0.000000 -1.000000 0.000000
vn 0.000000 -1.000000 0.000000
vn 0.000000 -1.000000 0.000000
vn 0.000000 -1.000000 0.000000
vn 0.000000 -1.000000 0.000000
vn 0.000000 -1.000000 0.000000
vn 0.000000 -1.000000 0.000000
vn 0.000000 -1.000000 0.000000
vn 0.000000 -1.000000 0.000000
vn 0.000000 -1.000000 0.000000
vn 0.000000 -1.000000 0.000000
vn 0.000000 -1.000000 0.000000
vn 0.000000 -1.000000 0.000000
vn 0.000000 -1.000000 0.000000
vn 0.000000 -1.000000 0.000000
vn 0.000000 -1.000000 0.000000
vn -0.000004 -0.481236 0.876591
vn -0.000004 -0.481236 0.876591
vn -0.000004 -0.481236 0.876591
vn -0.000004 -0.481236 0.876591
vn -0.065096 0.533176 -0.843496
vn 0.000004 0.544358 -0.838853
vn 0.000004 0.544358 -0.838853
vn -0.043386 0.537171 -0.842357
vn -0.129910 0.519656 -0.844441
vn -0.129910 0.519656 -0.844441
vn 0.043393 0.537171 -0.842357
vn 0.000004 0.544358 -0.838853
vn 0.000004 0.544358 -0.838853
vn 0.065103 0.533176 -0.843496
vn 0.129918 0.519656 -0.844440
vn 0.129918 0.519656 -0.844440
vn 1.000000 0.000000 0.000004
vn 1.000000 0.000000 0.000004
vn 1.000000 0.000000 0.000004
vn 1.000000 0.000000 0.000004
vn -0.000004 -0.481236 0.876591
vn -0.000004 -0.481236 0.876591
vn -0.000004 -0.481236 0.876591
vn -0.000004 -0.481236 0.876591
vn -1.000000 -0.000000 -0.000004
vn -1.000000 -0.000000 -0.000004
vn -1.000000 -0.000000 -0.000004
vn -1.000000 -0.000000 -0.000004
vn 0.000000 0.998020 -0.062895
vn 0.000000 0.999505 -0.031463
vn 0.000000 0.999505 -0.031463
vn 0.000000 0.998020 -0.062895
vn 0.000000 0.998020 -0.062895
vn 0.000000 0.999505 -0.031463
vn 0.000000 0.999505 -0.031463
vn 0.000000 0.998020 -0.062895
vn 1.000000 0.000000 0.000004
vn 1.000000 0.000000 0.000004
vn 1.000000 0.000000 0.000004
vn 1.000000 0.000000 0.000004
vn 1.000000 0.000000 0.000004
vn 1.000000 0.000000 0.000004
vn 1.000000 0.000000 0.000004
vn 1.000000 0.000000 0.000004
vn 1.000000 0.000000 0.000004
vn 1.000000 0.000000 0.000004
vn 1.000000 0.000000 0.000004
vn 1.000000 0.000000 0.000004
vn 1.000000 0.000000 0.000004
vn 1.000000 0.000000 0.000004
vn 1.000000 0.000000 0.000004
vn 1.000000 0.000000 0.000004
vn 0.000000 -1.000000 0.000000
vn 0.000000 -1.000000 0.000000
vn 0.000000 -1.000000 0.000000
vn 0.000000 -1.000000 0.000000
vn 0.000000 -1.000000 0.000000
vn 0.000000 -1.000000 0.000000
vn 0.000000 -1.000000 0.000000
vn 0.000000 -1.000000 0.000000
vn -1.000000 -0.000000 -0.000004
vn -1.000000 -0.000000 -0.000004
vn -1.000000 -0.000000 -0.000004
vn -1.000000 -0.000000 -0.000004
vn -1.000000 -0.000000 -0.000004
vn -1.000000 -0.000000 -0.000004
vn 1.000000 0.000000 0.000004
vn 1.000000 0.000000 0.000004
vn 1.000000 0.000000 0.000004
vn 1.000000 0.000000 0.000004
vn 1.000000 0.000000 0.000004
vn 1.000000 0.000000 0.000004
vn -0.005568 -0.105950 -0.994356
vn -0.011015 0.044078 -0.998967
vn -0.005505 0.042508 -0.999081
vn -0.002782 -0.106731 -0.994284
vn 0.005514 0.042508 -0.999081
vn 0.000004 -0.253587 -0.967313
vn 0.000004 -0.253587 -0.967313
vn 0.000004 -0.253587 -0.967313
vn 0.002790 -0.106731 -0.994284
vn 0.011024 0.044078 -0.998967
vn 0.000004 -0.253587 -0.967312
vn 0.005577 -0.105950 -0.994356
vn 0.151953 0.985074 0.080870
vn 0.228229 0.966001 0.121465
vn 0.444411 0.888824 0.111762
vn 0.444411 0.888824 0.111762
vn 0.000004 0.036199 -0.999345
vn 0.000004 -0.205820 -0.978590
vn 0.000004 -0.205820 -0.978590
vn 0.000004 0.036199 -0.999345
vn 1.000000 0.000000 0.000004
vn 1.000000 0.000000 0.000004
vn 1.000000 0.000000 0.000004
vn 1.000000 0.000000 0.000004
vn 1.000000 0.000000 0.000004
vn 1.000000 0.000000 0.000004
vn -0.000000 1.000000 -0.000000
vn -0.151954 0.985074 0.080869
vn 0.151953 0.985074 0.080870
vn -0.000000 1.000000 -0.000000
vn -1.000000 -0.000000 -0.000004
vn -1.000000 -0.000000 -0.000004
vn -1.000000 -0.000000 -0.000004
vn -1.000000 -0.000000 -0.000004
vn -1.000000 -0.000000 -0.000004
vn -1.000000 -0.000000 -0.000004
vn -0.446643 0.893287 -0.050483
vn -0.447088 0.894175 -0.023726
vn -0.229684 0.972923 -0.025815
vn -0.229453 0.971770 -0.054913
vn -0.445879 0.891758 -0.077204
vn 0.229684 0.972923 -0.025813
vn -0.229027 0.969793 -0.083959
vn 0.229453 0.971770 -0.054911
vn 0.447088 0.894175 -0.023723
vn 0.229027 0.969793 -0.083957
vn 0.446644 0.893287 -0.050480
vn 0.445879 0.891758 -0.077200
vn 0.115481 0.461941 0.879360
vn 0.038549 0.465711 0.884097
vn 0.115481 0.461941 0.879360
vn 0.057836 0.465028 0.883405
vn -0.000004 0.466557 0.884491
vn -0.000004 0.466557 0.884491
vn -0.444413 0.888824 0.111758
vn -0.444413 0.888824 0.111758
vn -0.228230 0.966001 0.121463
vn -0.151954 0.985074 0.080869
vn -0.151954 0.985074 0.080869
vn -0.228230 0.966001 0.121463
vn 0.228229 0.966001 0.121465
vn 0.151953 0.985074 0.080870
vn -1.000000 -0.000000 -0.000004
vn -1.000000 -0.000000 -0.000004
vn -1.000000 -0.000000 -0.000004
vn -1.000000 -0.000000 -0.000004
vn -1.000000 -0.000000 -0.000004
vn -1.000000 -0.000000 -0.000004
vn 1.000000 0.000000 0.000004
vn 1.000000 0.000000 0.000004
vn 1.000000 0.000000 0.000004
vn 1.000000 0.000000 0.000004
vn 1.000000 0.000000 0.000004
vn 1.000000 0.000000 0.000004
vn 0.000004 -0.435696 -0.900094
vn 0.000004 -0.435696 -0.900094
vn 0.000004 -0.435696 -0.900094
vn 0.000004 -0.205820 -0.978590
vn -1.000000 -0.000000 -0.000004
vn -1.000000 -0.000000 -0.000004
vn -1.000000 -0.000000 -0.000004
vn -1.000000 -0.000000 -0.000004
vn 0.000004 -0.205820 -0.978590
vn 0.000004 -0.435696 -0.900094
vn 0.000004 -0.435696 -0.900094
vn 0.000004 -0.435696 -0.900094
vn -0.115489 0.461941 0.879359
vn -0.057843 0.465028 0.883404
vn -0.115489 0.461941 0.879359
vn -0.038556 0.465711 0.884096
vn -0.000004 0.466557 0.884491
vn -0.000004 0.466557 0.884491
vn 1.000000 0.000000 0.000004
vn 1.000000 0.000000 0.000004
vn 1.000000 0.000000 0.000004
vn 1.000000 0.000000 0.000004
vn -0.000000 0.999505 0.031463
vn -0.000000 0.998020 0.062895
vn -0.000000 0.998020 0.062895
vn -0.000000 0.999505 0.031463
vn -0.000000 0.999505 0.031463
vn -0.000000 0.998020 0.062894
vn -0.000000 0.998020 0.062895
vn -0.000000 0.999505 0.031463
vn -0.000004 -0.149819 0.988713
vn -0.000004 -0.149817 0.988714
vn 0.001259 -0.070096 0.997539
vn 0.000627 -0.070276 0.997527
vn -0.000004 -0.149823 0.988713
vn 0.001255 0.009716 0.999952
vn 0.002515 0.010076 0.999946
vn -0.001264 0.009716 0.999952
vn -0.000636 -0.070278 0.997527
vn -0.000004 -0.149824 0.988713
vn -0.002523 0.010076 0.999946
vn -0.001268 -0.070100 0.997539
vn 0.000000 -1.000000 0.000000
vn 0.000000 -1.000000 0.000000
vn 0.000000 -1.000000 0.000000
vn 0.000000 -1.000000 0.000000
vn 0.000000 -1.000000 0.000000
vn 0.000000 -1.000000 0.000000
vn 0.000000 -1.000000 0.000000
vn 0.000000 -1.000000 0.000000
vn -0.000004 0.466557 0.884491
vn -0.038556 0.465711 0.884096
vn 0.038549 0.465711 0.884097
vn -0.000004 0.466557 0.884491
vn 0.000000 -1.000000 0.000000
vn 0.000000 -1.000000 0.000000
vn 0.000000 -1.000000 0.000000
vn 0.000000 -1.000000 0.000000
vn -0.000000 1.000000 -0.000000
vn -0.000000 1.000000 -0.000000
vn -0.000000 1.000000 -0.000000
vn -0.000000 1.000000 -0.000000
vn 1.000000 0.000000 0.000004
vn 1.000000 0.000000 0.000004
vn 1.000000 0.000000 0.000004
vn 1.000000 0.000000 0.000004
vn 1.000000 0.000000 0.000004
vn 1.000000 0.000000 0.000004
vn 1.000000 0.000000 0.000004
vn 1.000000 0.000000 0.000004
vn 0.000000 0.999505 -0.031463
vn -0.000000 0.999505 0.031463
vn -0.000000 0.999505 0.031463
vn 0.000000 0.999505 -0.031463
vn -1.000000 -0.000000 -0.000004
vn -1.000000 -0.000000 -0.000004
vn -1.000000 -0.000000 -0.000004
vn -1.000000 -0.000000 -0.000004
vn 0.000000 -1.000000 0.000000
vn 0.000000 -1.000000 0.000000
vn 0.000000 -1.000000 0.000000
vn 0.000000 -1.000000 0.000000
vn 0.000000 -1.000000 0.000000
vn 0.000000 -1.000000 0.000000
vn 0.000000 -1.000000 0.000000
vn 0.000000 -1.000000 0.000000
vn -0.000000 1.000000 -0.000000
vn -0.000000 1.000000 -0.000000
vn -0.000000 1.000000 -0.000000
vn -0.000000 1.000000 -0.000000
vn -0.000000 1.000000 -0.000000
vn -0.000000 1.000000 -0.000000
vn -0.000000 1.000000 -0.000000
vn -0.000000 1.000000 -0.000000
vn -1.000000 -0.000000 -0.000004
vn -1.000000 -0.000000 -0.000004
vn -1.000000 -0.000000 -0.000004
vn -1.000000 -0.000000 -0.000004
vn 1.000000 0.000000 0.000004
vn 1.000000 0.000000 0.000004
vn 1.000000 0.000000 0.000004
vn 1.000000 0.000000 0.000004
vn 0.000000 -1.000000 0.000000
vn 0.000000 -1.000000 0.000000
vn 0.000000 -1.000000 0.000000
vn 0.000000 -1.000000 0.000000
vn 1.000000 0.000000 0.000004
vn 1.000000 0.000000 0.000004
vn 1.000000 0.000000 0.000004
vn 1.000000 0.000000 0.000004
vn -1.000000 -0.000000 -0.000004
vn -1.000000 -0.000000 -0.000004
vn -1.000000 -0.000000 -0.000004
vn -1.000000 -0.000000 -0.000004
vn -0.000004 0.000000 1.000000
vn -0.000004 0.000000 1.000000
vn -0.000004 0.000000 1.000000
vn -0.000004 0.000000 1.000000
vn 0.000000 -0.996529 -0.083252
vn 0.000000 -0.996529 -0.083252
vn 0.000000 -0.996529 -0.083252
vn 0.000000 -0.996529 -0.083252
vn -0.000000 0.996529 0.083252
vn -0.000000 0.996529 0.083252
vn -0.000000 0.996529 0.083252
vn -0.000000 0.996529 0.083252
vn 1.000000 0.000000 0.000004
vn 1.000000 0.000000 0.000004
vn 1.000000 0.000000 0.000004
vn 1.000000 0.000000 0.000004
vn -0.045705 -0.000000 -0.998955
vn -0.091319 -0.000000 -0.995822
vn -0.091319 -0.000000 -0.995822
vn -0.045705 -0.000000 -0.998955
vn 0.044814 -0.000000 -0.998995
vn 0.044814 -0.000000 -0.998995
vn 0.089533 -0.000000 -0.995984
vn 0.089533 -0.000000 -0.995984
vn -1.000000 -0.000000 -0.000004
vn -1.000000 -0.000000 -0.000004
vn -1.000000 -0.000000 -0.000004
vn -1.000000 -0.000000 -0.000004
vn -0.044814 0.000000 0.998995
vn -0.089533 0.000000 0.995984
vn -0.089533 0.000000 0.995984
vn -0.044814 0.000000 0.998995
vn 0.045705 0.000000 0.998955
vn 0.045705 0.000000 0.998955
vn 0.091319 0.000000 0.995822
vn 0.091319 0.000000 0.995822
vn 0.000000 -1.000000 0.000000
vn 0.000000 -1.000000 0.000000
vn 0.000000 -1.000000 0.000000
vn 0.000000 -1.000000 0.000000
vn 0.000000 -1.000000 0.000000
vn 0.000000 -1.000000 0.000000
vn 0.000000 -1.000000 0.000000
vn 0.000000 -1.000000 0.000000
vn -0.000000 1.000000 -0.000000
vn -0.000000 1.000000 -0.000000
vn -0.000000 1.000000 -0.000000
vn -0.000000 1.000000 -0.000000
vn -0.000000 1.000000 -0.000000
vn -0.000000 1.000000 -0.000000
vn -0.000000 1.000000 -0.000000
vn -0.000000 1.000000 -0.000000
vn -1.000000 -0.000000 -0.000004
vn -1.000000 -0.000000 -0.000004
vn -1.000000 -0.000000 -0.000004
vn -1.000000 -0.000000 -0.000004
vn 0.045704 0.000000 0.998955
vn 0.091317 0.000000 0.995822
vn 0.091317 0.000000 0.995822
vn 0.045704 0.000000 0.998955
vn -0.044815 0.000000 0.998995
vn -0.044815 0.000000 0.998995
vn -0.089535 0.000000 0.995984
vn -0.089535 0.000000 0.995984
vn 1.000000 0.000000 0.000004
vn 1.000000 0.000000 0.000004
vn 1.000000 0.000000 0.000004
vn 1.000000 0.000000 0.000004
vn 0.044815 -0.000000 -0.998995
vn 0.089535 -0.000000 -0.995984
vn 0.089535 -0.000000 -0.995984
vn 0.044815 -0.000000 -0.998995
vn -0.045704 -0.000000 -0.998955
vn -0.045704 -0.000000 -0.998955
vn -0.091317 -0.000000 -0.995822
vn -0.091317 -0.000000 -0.995822
vn 0.000000 -1.000000 0.000000
vn 0.000000 -1.000000 0.000000
vn 0.000000 -1.000000 0.000000
vn 0.000000 -1.000000 0.000000
vn 0.000000 -1.000000 0.000000
vn 0.000000 -1.000000 0.000000
vn 0.000000 -1.000000 0.000000
vn 0.000000 -1.000000 0.000000
vn -0.000000 1.000000 -0.000000
vn -0.000000 1.000000 -0.000000
vn -0.000000 1.000000 -0.000000
vn -0.000000 1.000000 -0.000000
vn -0.000000 1.000000 -0.000000
vn -0.000000 1.000000 -0.000000
vn -0.000000 1.000000 -0.000000
vn -0.000000 1.000000 -0.000000
f 1/1/1 2/2/2 3/3/3
f 4/4/4 5/5/5 6/6/6
f 7/7/7 8/8/8 9/9/9
f 10/10/10 11/11/11 12/12/12
f 13/13/13 14/14/14 15/15/15
f 16/16/16 17/17/17 18/18/18
f 19/19/19 20/20/20 21/21/21
f 22/22/22 23/23/23 24/24/24
f 25/25/25 26/26/26 27/27/27
f 28/28/28 29/29/29 30/30/30
f 31/31/31 32/32/32 33/33/33
f 34/34/34 35/35/35 36/36/36
f 37/37/37 38/38/38 39/39/39
f 40/40/40 41/41/41 42/42/42
f 43/43/43 44/44/44 45/45/45
f 46/46/46 47/47/47 44/44/44
f 46/46/46 48/48/48 47/47/47
f 49/49/49 50/50/50 51/51/51
f 52/52/52 53/53/53 54/54/54
f 55/55/55 56/56/56 57/57/57
f 58/58/58 59/59/59 60/60/60
f 58/58/58 60/60/60 61/61/61
f 62/62/62 63/63/63 64/64/64
f 62/62/62 64/64/64 65/65/65
f 66/66/66 67/67/67 68/68/68
f 66/66/66 68/68/68 69/69/69
f 70/70/70 71/71/71 72/72/72
f 70/70/70 72/72/72 73/73/73
f 74/74/74 70/70/70 73/73/73
f 72/72/72 75/75/75 73/73/73
f 72/72/72 76/76/76 75/75/75
f 76/76/76 77/77/77 75/75/75
f 76/76/76 78/78/78 77/77/77
f 78/78/78 79/79/79 77/77/77
f 78/78/78 80/80/80 79/79/79
f 73/73/73 75/75/75 81/81/81
f 74/74/74 73/73/73 82/82/82
f 73/73/73 81/81/81 82/82/82
f 83/83/83 74/74/74 82/82/82
f 82/82/82 81/81/81 84/84/84
f 83/83/83 82/82/82 85/85/85
f 82/82/82 84/84/84 85/85/85
f 86/86/86 87/87/87 88/88/88
f 86/86/86 88/88/88 89/89/89
f 90/90/90 91/91/91 92/92/92
f 90/90/90 93/93/93 91/91/91
f 94/94/94 93/93/93 90/90/90
f 93/93/93 95/95/95 91/91/91
f 94/94/94 96/96/96 93/93/93
f 97/97/97 96/96/96 94/94/94
f 97/97/97 98/98/98 96/96/96
f 93/93/93 99/99/99 95/95/95
f 96/96/96 99/99/99 93/93/93
f 99/99/99 100/100/100 95/95/95
f 99/99/99 101/101/101 100/100/100
f 98/98/98 102/102/102 96/96/96
f 96/96/96 102/102/102 99/99/99
f 102/102/102 101/101/101 99/99/99
f 98/98/98 103/103/103 102/102/102
f 102/102/102 104/104/104 101/101/101
f 103/103/103 104/104/104 102/102/102
f 103/103/103 105/105/105 104/104/104
f 106/106/106 107/107/107 108/108/108
f 106/106/106 108/108/108 109/109/109
f 110/110/110 111/111/111 112/112/112
f 110/110/110 112/112/112 113/113/113
f 114/114/114 110/110/110 113/113/113
f 114/114/114 113/113/113 115/115/115
f 116/116/116 117/117/117 118/118/118
f 116/116/116 118/118/118 119/119/119
f 120/120/120 116/116/116 119/119/119
f 120/120/120 119/119/119 121/121/121
f 122/122/122 123/123/123 124/124/124
f 122/122/122 124/124/124 125/125/125
f 126/126/126 127/127/127 128/128/128
f 126/126/126 128/128/128 129/129/129
f 130/130/130 131/131/131 132/132/132
f 130/130/130 132/132/132 133/133/133
f 134/134/134 135/135/135 136/136/136
f 134/134/134 136/136/136 137/137/137
f 138/138/138 139/139/139 140/140/140
f 138/138/138 140/140/140 141/141/141
f 142/142/142 143/143/143 144/144/144
f 142/142/142 144/144/144 145/145/145
f 146/146/146 142/142/142 145/145/145
f 146/146/146 145/145/145 147/147/147
f 148/148/148 146/146/146 147/147/147
f 148/148/148 147/147/147 149/149/149
f 150/150/150 148/148/148 149/149/149
f 150/150/150 151/151/151 148/148/148
f 152/152/152 146/146/146 148/148/148
f 151/151/151 152/152/152 148/148/148
f 152/152/152 153/153/153 146/146/146
f 151/151/151 154/154/154 152/152/152
f 155/155/155 153/153/153 152/152/152
f 154/154/154 155/155/155 152/152/152
f 155/155/155 156/156/156 153/153/153
f 154/154/154 157/157/157 155/155/155
f 158/158/158 159/159/159 160/160/160
f 158/158/158 160/160/160 161/161/161
f 162/162/162 158/158/158 161/161/161
f 162/162/162 161/161/161 163/163/163
f 164/164/164 162/162/162 163/163/163
f 164/164/164 163/163/163 165/165/165
f 166/166/166 167/167/167 168/168/168
f 166/166/166 168/168/168 169/169/169
f 168/168/168 170/170/170 169/169/169
f 168/168/168 171/171/171 170/170/170
f 172/172/172 173/173/173 174/174/174
f 172/172/172 174/174/174 175/175/175
f 175/175/175 174/174/174 176/176/176
f 175/175/175 176/176/176 177/177/177
f 178/178/178 179/179/179 180/180/180
f 178/178/178 180/180/180 181/181/181
f 181/181/181 180/180/180 182/182/182
f 178/178/178 181/181/181 183/183/183
f 178/178/178 183/183/183 184/184/184
f 181/181/181 185/185/185 183/183/183
f 181/181/181 182/182/182 186/186/186
f 181/181/181 186/186/186 185/185/185
f 186/186/186 182/182/182 187/187/187
f 186/186/186 188/188/188 185/185/185
f 186/186/186 187/187/187 189/189/189
f 186/186/186 189/189/189 188/188/188
f 190/190/190 191/191/191 192/192/192
f 190/190/190 192/192/192 193/193/193
f 194/194/194 195/195/195 196/196/196
f 194/194/194 196/196/196 197/197/197
f 198/198/198 199/199/199 200/200/200
f 198/198/198 200/200/200 201/201/201
f 200/200/200 202/202/202 201/201/201
f 200/200/200 203/203/203 202/202/202
f 204/204/204 205/205/205 206/206/206
f 204/204/204 206/206/206 207/207/207
f 208/208/208 209/209/209 210/210/210
f 208/208/208 211/211/211 209/209/209
f 211/211/211 212/212/212 209/209/209
f 211/211/211 213/213/213 212/212/212
f 214/214/214 215/215/215 216/216/216
f 214/214/214 216/216/216 217/217/217
f 218/218/218 214/214/214 217/217/217
f 217/217/217 216/216/216 219/219/219
f 218/218/218 217/217/217 220/220/220
f 217/217/217 219/219/219 221/221/221
f 220/220/220 217/217/217 221/221/221
f 221/221/221 219/219/219 222/222/222
f 220/220/220 221/221/221 223/223/223
f 221/221/221 222/222/222 224/224/224
f 223/223/223 221/221/221 224/224/224
f 223/223/223 224/224/224 225/225/225
f 226/226/226 227/227/227 228/228/228
f 226/226/226 229/229/229 227/227/227
f 229/229/229 230/230/230 227/227/227
f 229/229/229 231/231/231 230/230/230
f 232/232/232 233/233/233 234/234/234
f 232/232/232 234/234/234 235/235/235
f 236/236/236 237/237/237 238/238/238
f 236/236/236 238/238/238 239/239/239
f 240/240/240 241/241/241 242/242/242
f 240/240/240 243/243/243 241/241/241
f 244/244/244 243/243/243 240/240/240
f 244/244/244 245/245/245 243/243/243
f 246/246/246 247/247/247 248/248/248
f 246/246/246 249/249/249 247/247/247
f 249/249/249 250/250/250 247/247/247
f 249/249/249 251/251/251 250/250/250
f 252/252/252 253/253/253 254/254/254
f 252/252/252 254/254/254 255/255/255
f 256/256/256 257/257/257 258/258/258
f 256/256/256 258/258/258 259/259/259
f 260/260/260 261/261/261 262/262/262
f 260/260/260 262/262/262 263/263/263
f 264/264/264 265/265/265 266/266/266
f 264/264/264 267/267/267 265/265/265
f 267/267/267 268/268/268 265/265/265
f 267/267/267 269/269/269 268/268/268
f 270/270/270 271/271/271 272/272/272
f 270/270/270 272/272/272 273/273/273
f 274/274/274 275/275/275 276/276/276
f 274/274/274 276/276/276 277/277/277
f 278/278/278 279/279/279 280/280/280
f 278/278/278 280/280/280 281/281/281
f 282/282/282 283/283/283 284/284/284
f 282/282/282 284/284/284 285/285/285
f 286/286/286 282/282/282 285/285/285
f 284/284/284 287/287/287 285/285/285
f 284/284/284 288/288/288 287/287/287
f 285/285/285 287/287/287 289/289/289
f 286/286/286 285/285/285 290/290/290
f 285/285/285 289/289/289 290/290/290
f 291/291/291 286/286/286 290/290/290
f 290/290/290 289/289/289 292/292/292
f 291/291/291 290/290/290 293/293/293
f 290/290/290 292/292/292 293/293/293
f 294/294/294 295/295/295 296/296/296
f 294/294/294 297/297/297 295/295/295
f 298/298/298 297/297/297 294/294/294
f 298/298/298 299/299/299 297/297/297
f 300/300/300 299/299/299 298/298/298
f 300/300/300 301/301/301 299/299/299
f 302/302/302 303/303/303 304/304/304
f 302/302/302 304/304/304 305/305/305
f 306/306/306 307/307/307 308/308/308
f 306/306/306 308/308/308 309/309/309
f 310/310/310 311/311/311 312/312/312
f 310/310/310 312/312/312 313/313/313
f 314/314/314 315/315/315 316/316/316
f 314/314/314 316/316/316 317/317/317
f 318/318/318 319/319/319 320/320/320
f 318/318/318 320/320/320 321/321/321
f 322/322/322 323/323/323 324/324/324
f 322/322/322 324/324/324 325/325/325
f 326/326/326 327/327/327 328/328/328
f 326/326/326 328/328/328 329/329/329
f 330/330/330 331/331/331 332/332/332
f 330/330/330 332/332/332 333/333/333
f 334/334/334 335/335/335 336/336/336
f 334/334/334 336/336/336 337/337/337
f 338/338/338 339/339/339 340/340/340
f 338/338/338 340/340/340 341/341/341
f 342/342/342 343/343/343 344/344/344
f 342/342/342 344/344/344 345/345/345
f 346/346/346 347/347/347 348/348/348
f 346/346/346 348/348/348 349/349/349
f 350/350/350 351/351/351 352/352/352
f 350/350/350 352/352/352 353/353/353
f 354/354/354 355/355/355 356/356/356
f 354/354/354 356/356/356 357/357/357
f 358/358/358 359/359/359 360/360/360
f 358/358/358 360/360/360 361/361/361
f 362/362/362 363/363/363 364/364/364
f 362/362/362 364/364/364 365/365/365
f 366/366/366 367/367/367 368/368/368
f 366/366/366 368/368/368 369/369/369
f 370/370/370 371/371/371 372/372/372
f 370/370/370 372/372/372 373/373/373
f 374/374/374 375/375/375 376/376/376
f 374/374/374 376/376/376 377/377/377
f 378/378/378 379/379/379 380/380/380
f 378/378/378 380/380/380 381/381/381
f 382/382/382 383/383/383 384/384/384
f 382/382/382 385/385/385 383/383/383
f 386/386/386 385/385/385 382/382/382
f 386/386/386 387/387/387 385/385/385
f 388/388/388 387/387/387 386/386/386
f 388/388/388 389/389/389 387/387/387
f 390/390/390 391/391/391 392/392/392
f 390/390/390 392/392/392 393/393/393
f 394/394/394 395/395/395 396/396/396
f 394/394/394 397/397/397 395/395/395
f 398/398/398 397/397/397 394/394/394
f 398/398/398 399/399/399 397/397/397
f 400/400/400 399/399/399 398/398/398
f 400/400/400 401/401/401 399/399/399
f 402/402/402 403/403/403 404/404/404
f 402/402/402 404/404/404 405/405/405
f 406/406/406 402/402/402 405/405/405
f 406/406/406 405/405/405 407/407/407
f 408/408/408 406/406/406 407/407/407
f 408/408/408 407/407/407 409/409/409
f 410/410/410 411/411/411 412/412/412
f 410/410/410 412/412/412 413/413/413
f 414/414/414 410/410/410 413/413/413
f 414/414/414 413/413/413 415/415/415
f 416/416/416 414/414/414 415/415/415
f 416/416/416 415/415/415 417/417/417
f 418/418/418 419/419/419 420/420/420
f 418/418/418 420/420/420 421/421/421
f 422/422/422 423/423/423 424/424/424
f 422/422/422 425/425/425 423/423/423
f 426/426/426 425/425/425 422/422/422
f 426/426/426 427/427/427 425/425/425
f 428/428/428 427/427/427 426/426/426
f 428/428/428 429/429/429 427/427/427
f 430/430/430 431/431/431 432/432/432
f 430/430/430 432/432/432 433/433/433
f 434/434/434 435/435/435 436/436/436
f 434/434/434 437/437/437 435/435/435
f 438/438/438 437/437/437 434/434/434
f 438/438/438 439/439/439 437/437/437
f 440/440/440 439/439/439 438/438/438
f 440/440/440 441/441/441 439/439/439
f 442/442/442 443/443/443 444/444/444
f 442/442/442 444/444/444 445/445/445
f 446/446/446 442/442/442 445/445/445
f 446/446/446 445/445/445 447/447/447
f 448/448/448 446/446/446 447/447/447
f 448/448/448 447/447/447 449/449/449
f 450/450/450 451/451/451 452/452/452
f 450/450/450 452/452/452 453/453/453
f 454/454/454 450/450/450 453/453/453
f 454/454/454 453/453/453 455/455/455
f 456/456/456 454/454/454 455/455/455
f 456/456/456 455/455/455 457/457/457
