g Model_0
v 0.980961 2.125000 -0.798927
v 0.980962 1.875000 -0.961160
v -0.980954 1.875000 -0.961167
v 0.980961 2.125000 -0.798927
v -0.980954 1.875000 -0.961167
v -0.980955 2.125000 -0.798934
v 0.980961 2.125000 -0.798927
v -0.980955 2.125000 -0.798934
v -0.980957 2.151148 -0.384019
v 0.980959 2.151148 -0.384011
v -0.980958 2.160081 0.040804
v 0.980961 2.125000 -0.798927
v -0.980957 2.151148 -0.384019
v 0.980959 2.151148 -0.384011
v 0.980959 2.151148 -0.384011
v -0.980958 2.160081 0.040804
v 0.980958 2.160082 0.079694
v 0.980953 2.125001 1.205695
v 0.980955 2.151148 0.790779
v -0.980961 2.151148 0.790772
v 0.980953 2.125001 1.205695
v -0.980961 2.151148 0.790772
v -0.980963 2.125000 1.205688
v 0.980956 2.160082 0.329694
v -0.980959 2.160081 0.290804
v -0.980961 2.151148 0.790772
v 0.980956 2.160082 0.329694
v -0.980961 2.151148 0.790772
v 0.980955 2.151148 0.790779
v -0.980959 1.910081 0.329688
v 0.980957 1.910082 0.329694
v 0.980953 1.875001 1.087566
v -0.980959 1.910081 0.329688
v 0.980953 1.875001 1.087566
v -0.980962 1.875000 1.087560
v 0.980958 1.910082 0.079694
v 0.980957 1.910082 0.329694
v -0.980959 1.910081 0.329688
v 0.980958 1.910082 0.079694
v -0.980959 1.910081 0.329688
v -0.980958 1.910081 0.079688
v 0.980962 1.875000 -0.961160
v 0.980961 1.875000 -0.711160
v -0.980955 1.875000 -0.711167
v 0.980962 1.875000 -0.961160
v -0.980955 1.875000 -0.711167
v -0.980954 1.875000 -0.961167
v -1.230965 -0.125000 1.514376
v -1.230966 -0.125000 1.764376
v -1.230965 0.125000 1.764378
v -1.230964 0.125000 1.514378
v -1.230960 -0.125000 0.329686
v -1.230964 1.125000 1.450600
v -1.230965 1.000000 1.764377
v -1.230959 1.125000 0.329687
v -1.230959 0.125000 0.329687
v -1.230958 -0.125000 0.079686
v -1.230958 1.125000 0.079687
v -1.230958 0.125000 0.079687
v -1.230953 -0.125001 -1.211169
v -1.230953 1.125000 -1.122908
v -1.230953 0.124999 -1.211168
v -1.230952 -0.125001 -1.461169
v -1.230952 0.124999 -1.461168
v -1.230946 -0.125001 -2.832669
v -1.230946 0.124999 -2.898208
v -1.230946 0.874953 -2.862360
v -1.230952 0.999999 -1.461168
v -1.230954 1.875000 -0.961168
v -1.230955 1.875000 -0.711168
v -1.230955 2.125000 -0.798935
v -1.230957 2.151148 -0.384020
v -1.230958 2.160081 0.040803
v -1.230958 1.910081 0.079687
v 1.230964 -0.125000 -1.461159
v 1.230970 -0.125001 -2.832660
v 1.230970 0.124999 -2.898199
v 1.230964 0.125000 -1.461159
v 1.230963 -0.125000 -1.211159
v 1.230964 1.000000 -1.461159
v 1.230970 0.874953 -2.862351
v 1.230963 0.125000 -1.211159
v 1.230958 -0.125000 0.079696
v 1.230963 1.125000 -1.122899
v 1.230961 1.875000 -0.711159
v 1.230958 1.125000 0.079696
v 1.230962 1.875000 -0.961159
v 1.230958 0.125000 0.079696
v 1.230957 -0.125000 0.329696
v 1.230957 1.125000 0.329696
v 1.230959 2.151148 -0.384010
v 1.230961 2.125000 -0.798926
v 1.230958 1.910082 0.079695
v 1.230958 2.160082 0.079695
v 1.230957 0.125000 0.329696
v 1.230952 -0.124999 1.514386
v 1.230952 1.125001 1.450609
v 1.230952 0.125001 1.514386
v 1.230951 -0.124999 1.764386
v 1.230951 1.000001 1.764386
v 1.230951 0.125001 1.764386
v 0.980970 -0.125001 -2.832661
v 1.230970 -0.125001 -2.832660
v 1.230964 -0.125000 -1.461159
v 0.980964 -0.125000 -1.461160
v -0.980946 -0.125001 -2.832668
v 1.230963 -0.125000 -1.211159
v -0.980952 -0.125001 -1.461168
v -1.230946 -0.125001 -2.832669
v -1.230952 -0.125001 -1.461169
v 0.980963 -0.125000 -1.211160
v 1.230958 -0.125000 0.079696
v -0.980953 -0.125001 -1.211168
v -1.230953 -0.125001 -1.211169
v 0.980958 -0.125000 0.079695
v 1.230957 -0.125000 0.329696
v -0.980958 -0.125000 0.079687
v -1.230958 -0.125000 0.079686
v 0.980957 -0.125000 0.329695
v 1.230952 -0.124999 1.514386
v -0.980960 -0.125000 0.329687
v -1.230960 -0.125000 0.329686
v 0.980952 -0.124999 1.514385
v 1.230951 -0.124999 1.764386
v 0.980951 -0.124999 1.764385
v -0.980965 -0.125000 1.514377
v -1.230965 -0.125000 1.514376
v -0.980966 -0.125000 1.764377
v -1.230966 -0.125000 1.764376
v 1.230951 1.000001 1.764386
v 1.230947 0.875291 2.756196
v 1.230947 0.125000 2.764386
v 1.230951 0.125001 1.764386
v 1.230947 -0.125000 2.726504
v 1.230951 -0.124999 1.764386
v -1.230946 0.124999 -2.898208
v -1.230946 0.874953 -2.862360
v -0.980946 0.999953 -2.862359
v -0.980946 0.124999 -2.898207
v 0.980970 0.999953 -2.862352
v -0.980946 -0.125001 -2.832668
v -1.230946 -0.125001 -2.832669
v 0.980970 -0.125001 -2.832661
v 0.980970 0.124999 -2.898200
v 1.230970 0.874953 -2.862351
v 1.230970 -0.125001 -2.832660
v 1.230970 0.124999 -2.898199
v 0.980951 1.125001 1.764385
v 0.980947 1.000291 2.756195
v 1.230947 0.875291 2.756196
v 1.230951 1.000001 1.764386
v 0.980952 0.125001 1.414385
v 0.980952 1.125001 1.450608
v 0.980957 1.125000 0.329695
v 0.980957 0.125000 0.329695
v 0.980958 1.125000 0.079695
v 0.980958 0.125000 0.079695
v 0.980963 1.125000 -1.122900
v 0.980963 0.125000 -1.111160
v 0.980964 1.125000 -1.461160
v 0.980964 0.125000 -1.361160
v -0.980963 0.125000 1.414379
v -0.980964 1.125000 1.450602
v 0.980952 1.125001 1.450608
v 0.980952 0.125001 1.414385
v -0.980959 0.125000 0.329688
v -0.980963 0.125000 1.414379
v 0.980952 0.125001 1.414385
v 0.980957 0.125000 0.329695
v -0.980958 0.125000 0.079688
v 0.980958 0.125000 0.079695
v -0.980953 0.125000 -1.111167
v 0.980963 0.125000 -1.111160
v -0.980952 0.124999 -1.361167
v 0.980964 0.125000 -1.361160
v 1.230958 1.125000 0.079696
v 1.230957 1.910082 0.329695
v 1.230957 1.125000 0.329696
v 1.230958 1.910082 0.079695
v 1.230956 2.160082 0.329695
v 1.230958 2.160082 0.079695
v 1.230955 2.151148 0.790780
v 1.230953 1.875001 1.087567
v 1.230953 2.125001 1.205696
v 1.230952 1.875001 1.337567
v 1.230952 1.125001 1.450609
v 1.230951 1.000001 1.764386
v 0.980970 0.999953 -2.862352
v 1.230964 1.000000 -1.461159
v 1.230970 0.874953 -2.862351
v 0.980964 1.125000 -1.461160
v -0.980946 0.999953 -2.862359
v -0.980952 1.124999 -1.461167
v -1.230946 0.874953 -2.862360
v -1.230952 0.999999 -1.461168
v -0.980964 1.125000 1.450602
v -0.980965 1.125000 1.764378
v 0.980951 1.125001 1.764385
v 0.980952 1.125001 1.450608
v -1.230965 1.000000 1.764377
v -1.230962 1.875000 1.087559
v -1.230964 1.125000 1.450600
v -1.230963 1.875000 1.337559
v -1.230961 2.151148 0.790771
v -1.230963 2.125000 1.205687
v -1.230959 1.910081 0.329687
v -1.230959 2.160081 0.290803
v -1.230958 2.160081 0.040803
v -1.230958 1.910081 0.079687
v -1.230959 1.125000 0.329687
v -1.230958 1.125000 0.079687
v 0.980957 1.125000 0.329695
v 0.980952 1.125001 1.450608
v 1.230952 1.125001 1.450609
v 1.230957 1.125000 0.329696
v -1.230959 1.125000 0.329687
v -1.230964 1.125000 1.450600
v -0.980964 1.125000 1.450602
v -0.980959 1.125000 0.329688
v 0.980963 1.125000 -1.122900
v 0.980958 1.125000 0.079695
v 1.230958 1.125000 0.079696
v 1.230963 1.125000 -1.122899
v -1.230953 1.125000 -1.122908
v -1.230958 1.125000 0.079687
v -0.980958 1.125000 0.079688
v -0.980953 1.125000 -1.122907
v -0.980958 1.125000 0.079688
v -0.980958 1.910081 0.079688
v -0.980959 1.910081 0.329688
v -0.980959 1.125000 0.329688
v 1.230951 1.000001 1.764386
v 0.980952 1.875001 1.337566
v 0.980951 1.125001 1.764385
v 1.230952 1.875001 1.337567
v 0.980953 2.125001 1.205695
v 1.230953 2.125001 1.205696
v -1.230965 1.000000 1.764377
v -1.230969 0.875291 2.756187
v -0.980969 1.000291 2.756188
v -0.980965 1.125000 1.764378
v -0.980959 0.125000 0.329688
v -0.980964 1.125000 1.450602
v -0.980963 0.125000 1.414379
v -0.980959 1.125000 0.329688
v -0.980958 0.125000 0.079688
v -0.980958 1.125000 0.079688
v -0.980953 0.125000 -1.111167
v -0.980953 1.125000 -1.122907
v -0.980952 0.124999 -1.361167
v -0.980952 1.124999 -1.461167
v -0.980965 1.125000 1.764378
v -0.980969 1.000291 2.756188
v 0.980947 1.000291 2.756195
v 0.980951 1.125001 1.764385
v -1.230965 0.125000 1.764378
v -1.230969 0.875291 2.756187
v -1.230965 1.000000 1.764377
v -1.230969 0.125000 2.764378
v -1.230966 -0.125000 1.764376
v -1.230970 -0.125000 2.726494
v 0.980964 0.125000 -1.361160
v 0.980964 1.125000 -1.461160
v -0.980952 1.124999 -1.461167
v -0.980952 0.124999 -1.361167
v -0.980959 1.125000 0.329688
v -0.980959 1.910081 0.329688
v -1.230959 1.910081 0.329687
v -1.230959 1.125000 0.329687
v -0.980953 1.125000 -1.122907
v -0.980955 1.875000 -0.711167
v -1.230955 1.875000 -0.711168
v -1.230953 1.125000 -1.122908
v -1.230954 1.875000 -0.961168
v -1.230955 2.125000 -0.798935
v -0.980955 2.125000 -0.798934
v -0.980954 1.875000 -0.961167
v -1.230952 0.999999 -1.461168
v -0.980952 1.124999 -1.461167
v 0.980962 1.875000 -0.961160
v 0.980961 2.125000 -0.798927
v 1.230961 2.125000 -0.798926
v 1.230962 1.875000 -0.961159
v 0.980964 1.125000 -1.461160
v 1.230964 1.000000 -1.461159
v -0.980952 1.124999 -1.461167
v -0.980954 1.875000 -0.961167
v -0.980955 1.875000 -0.711167
v -0.980953 1.125000 -1.122907
v -1.230958 1.125000 0.079687
v -1.230958 1.910081 0.079687
v -0.980958 1.910081 0.079688
v -0.980958 1.125000 0.079688
v 1.230963 1.125000 -1.122899
v 1.230961 1.875000 -0.711159
v 0.980961 1.875000 -0.711160
v 0.980963 1.125000 -1.122900
v 1.230957 1.125000 0.329696
v 1.230957 1.910082 0.329695
v 0.980957 1.910082 0.329694
v 0.980957 1.125000 0.329695
v -1.230964 1.125000 1.450600
v -1.230962 1.875000 1.087559
v -0.980962 1.875000 1.087560
v -0.980964 1.125000 1.450602
v 0.980957 1.125000 0.329695
v 0.980957 1.910082 0.329694
v 0.980958 1.910082 0.079694
v 0.980958 1.125000 0.079695
v 0.980951 1.125001 1.764385
v 0.980952 1.875001 1.337566
v 0.980953 1.875001 1.087566
v 0.980952 1.125001 1.450608
v 0.980952 1.125001 1.450608
v 0.980953 1.875001 1.087566
v 1.230953 1.875001 1.087567
v 1.230952 1.125001 1.450609
v -0.980965 1.125000 1.764378
v -1.230963 1.875000 1.337559
v -1.230965 1.000000 1.764377
v -0.980963 1.875000 1.337560
v -1.230963 2.125000 1.205687
v -0.980963 2.125000 1.205688
v 0.980963 1.125000 -1.122900
v 0.980961 1.875000 -0.711160
v 0.980962 1.875000 -0.961160
v 0.980964 1.125000 -1.461160
v 0.980958 1.125000 0.079695
v 0.980958 1.910082 0.079694
v 1.230958 1.910082 0.079695
v 1.230958 1.125000 0.079696
v -0.980964 1.125000 1.450602
v -0.980962 1.875000 1.087560
v -0.980963 1.875000 1.337560
v -0.980965 1.125000 1.764378
v 0.980955 2.151148 0.790779
v 0.980953 2.125001 1.205695
v 1.230953 2.125001 1.205696
v 1.230955 2.151148 0.790780
v 1.230956 2.160082 0.329695
v 0.980956 2.160082 0.329694
v 0.980958 2.160082 0.079694
v 1.230958 2.160082 0.079695
v -1.230961 2.151148 0.790771
v -1.230963 2.125000 1.205687
v -0.980963 2.125000 1.205688
v -0.980961 2.151148 0.790772
v -0.980959 2.160081 0.290804
v -1.230959 2.160081 0.290803
v -1.230958 2.160081 0.040803
v -0.980958 2.160081 0.040804
v 0.980961 2.125000 -0.798927
v 1.230959 2.151148 -0.384010
v 1.230961 2.125000 -0.798926
v 0.980959 2.151148 -0.384011
v 0.980958 2.160082 0.079694
v 1.230958 2.160082 0.079695
v -1.230955 2.125000 -0.798935
v -0.980957 2.151148 -0.384019
v -0.980955 2.125000 -0.798934
v -1.230957 2.151148 -0.384020
v -1.230958 2.160081 0.040803
v -0.980958 2.160081 0.040804
v -1.230962 1.875000 1.087559
v -1.230959 1.910081 0.329687
v -0.980959 1.910081 0.329688
v -0.980962 1.875000 1.087560
v 0.980953 1.875001 1.087566
v 0.980957 1.910082 0.329694
v 1.230957 1.910082 0.329695
v 1.230953 1.875001 1.087567
v -1.230958 1.910081 0.079687
v -1.230955 1.875000 -0.711168
v -0.980955 1.875000 -0.711167
v -0.980958 1.910081 0.079688
v 0.980958 1.910082 0.079694
v 0.980961 1.875000 -0.711160
v 1.230961 1.875000 -0.711159
v 1.230958 1.910082 0.079695
v 0.980958 2.160082 0.079694
v -0.980958 2.160081 0.040804
v -0.980959 2.160081 0.290804
v 0.980956 2.160082 0.329694
v 0.980947 -0.125000 2.726503
v 1.230947 -0.125000 2.726504
v 1.230947 0.125000 2.764386
v 0.980947 0.125000 2.764385
v -0.980970 -0.125000 2.726495
v 0.980947 1.000291 2.756195
v 1.230947 0.875291 2.756196
v -0.980969 1.000291 2.756188
v -0.980969 0.125000 2.764379
v -1.230970 -0.125000 2.726494
v -1.230969 0.875291 2.756187
v -1.230969 0.125000 2.764378
v -0.980966 -0.125000 1.764377
v -1.230970 -0.125000 2.726494
v -1.230966 -0.125000 1.764376
v -0.980970 -0.125000 2.726495
v 0.980951 -0.124999 1.764385
v 0.980947 -0.125000 2.726503
v 1.230951 -0.124999 1.764386
v 1.230947 -0.125000 2.726504
v -0.980963 2.125000 1.205688
v -0.980963 1.875000 1.337560
v 0.980952 1.875001 1.337566
v 0.980953 2.125001 1.205695
v 0.980952 1.875001 1.337566
v -0.980963 1.875000 1.337560
v -0.980962 1.875000 1.087560
v 0.980953 1.875001 1.087566
v -0.980955 1.875000 -0.711167
v 0.980961 1.875000 -0.711160
v 0.980958 1.910082 0.079694
v -0.980958 1.910081 0.079688
v -0.694984 -0.076025 2.942378
v -0.694984 -0.273431 2.942378
v -0.694975 -0.106347 0.942378
v -0.694975 0.091060 0.942378
v -0.892382 0.091060 0.942377
v -0.892382 -0.106347 0.942377
v -0.892390 -0.273431 2.942377
v -0.892390 -0.076025 2.942377
v -0.892390 -0.076025 2.942377
v -0.892390 -0.273431 2.942377
v -0.694984 -0.273431 2.942378
v -0.694984 -0.076025 2.942378
v -0.694984 -0.273431 2.942378
v -0.892390 -0.273431 2.942377
v -0.892382 -0.106347 0.942377
v -0.694975 -0.106347 0.942378
v -0.892390 -0.076025 2.942377
v -0.694984 -0.076025 2.942378
v -0.694975 0.091060 0.942378
v -0.892382 0.091060 0.942377
v 1.260813 0.100803 -2.594819
v 1.260813 -0.158647 -2.594819
v 1.260815 -0.158647 -2.942876
v 1.260814 0.100803 -2.942877
v -0.531247 0.100802 -3.009812
v -1.261048 -0.158648 -2.942887
v -1.261048 0.100802 -2.942887
v -0.531247 -0.158648 -3.009811
v 0.516269 0.100803 -3.009807
v 0.516269 -0.158647 -3.009807
v 1.260814 0.100803 -2.942877
v 1.260815 -0.158647 -2.942876
v -1.261048 0.100802 -2.942887
v -1.261048 -0.158648 -2.942887
v -1.261049 -0.158647 -2.594830
v -1.261049 0.100802 -2.594830
v 0.516267 0.100803 -2.661749
v 1.260813 -0.158647 -2.594819
v 1.260813 0.100803 -2.594819
v 0.516267 -0.158647 -2.661749
v -0.531249 0.100803 -2.661754
v -0.531249 -0.158647 -2.661754
v -1.261049 0.100802 -2.594830
v -1.261049 -0.158647 -2.594830
v -0.531249 -0.158647 -2.661754
v -1.261049 -0.158647 -2.594830
v -1.261048 -0.158648 -2.942887
v -0.531247 -0.158648 -3.009811
v 0.516267 -0.158647 -2.661749
v 0.516269 -0.158647 -3.009807
v 1.260813 -0.158647 -2.594819
v 1.260815 -0.158647 -2.942876
v 0.516267 0.100803 -2.661749
v 1.260813 0.100803 -2.594819
v 1.260814 0.100803 -2.942877
v 0.516269 0.100803 -3.009807
v -0.531249 0.100803 -2.661754
v -0.531247 0.100802 -3.009812
v -1.261049 0.100802 -2.594830
v -1.261048 0.100802 -2.942887
v -1.260816 0.100804 2.451255
v -1.260816 -0.158646 2.451255
v -1.260818 -0.158646 2.799313
v -1.260818 0.100804 2.799313
v 0.531244 0.100804 2.866250
v 1.261045 -0.158646 2.799328
v 1.261045 0.100804 2.799327
v 0.531244 -0.158646 2.866250
v -0.516272 0.100804 2.866244
v -0.516272 -0.158646 2.866244
v -1.260818 0.100804 2.799313
v -1.260818 -0.158646 2.799313
v 1.261045 0.100804 2.799327
v 1.261045 -0.158646 2.799328
v 1.261047 -0.158646 2.451270
v 1.261047 0.100804 2.451270
v -0.516270 0.100804 2.518187
v -1.260816 -0.158646 2.451255
v -1.260816 0.100804 2.451255
v -0.516270 -0.158646 2.518187
v 0.531246 0.100804 2.518193
v 0.531246 -0.158646 2.518193
v 1.261047 0.100804 2.451270
v 1.261047 -0.158646 2.451270
v 0.531246 -0.158646 2.518193
v 1.261047 -0.158646 2.451270
v 1.261045 -0.158646 2.799328
v 0.531244 -0.158646 2.866250
v -0.516270 -0.158646 2.518187
v -0.516272 -0.158646 2.866244
v -1.260816 -0.158646 2.451255
v -1.260818 -0.158646 2.799313
v -0.516270 0.100804 2.518187
v -1.260816 0.100804 2.451255
v -1.260818 0.100804 2.799313
v -0.516272 0.100804 2.866244
v 0.531246 0.100804 2.518193
v 0.531244 0.100804 2.866250
v 1.261047 0.100804 2.451270
v 1.261045 0.100804 2.799327
vt 0.0971294045 0.869764209
vt 0.0954085439 0.871392965
vt 0.0887213424 0.807079315
vt 0.0971294045 0.869764209
vt 0.0887213424 0.807079315
vt 0.0956182331 0.869948387
vt 0.0887213424 0.807079315
vt 0.0971294045 0.869764209
vt 0.0971294045 0.86958009
vt 0.0887213424 0.807079315
vt 0.116404407 0.825730324
vt 0.0887213424 0.807079315
vt 0.0971294045 0.86958009
vt 0.0956030414 0.86958009
vt 0.0887213424 0.807079315
vt 0.116404407 0.825730324
vt 0.0956030414 0.86911726
vt 0.0887213424 0.807079315
vt 0.114878044 0.824485421
vt 0.114878044 0.82466948
vt 0.0887213424 0.807079315
vt 0.114878044 0.82466948
vt 0.116404407 0.82466948
vt 0.114878044 0.825517654
vt 0.116404407 0.825546265
vt 0.0887213424 0.807079315
vt 0.114878044 0.825517654
vt 0.0887213424 0.807079315
vt 0.114878044 0.82466948
vt 0.0887213424 0.807079315
vt 0.121065617 0.82765162
vt 0.121461391 0.824219465
vt 0.0887213424 0.807079315
vt 0.121461391 0.824219465
vt 0.120287612 0.826774776
vt 0.0887213424 0.807079315
vt 0.121461391 0.82212913
vt 0.121065617 0.82765162
vt 0.0887213424 0.807079315
vt 0.121065617 0.82765162
vt 0.121454619 0.825456202
vt 0.0887213424 0.807079315
vt 0.102186397 0.86477834
vt 0.101401612 0.8707726
vt 0.0887213424 0.807079315
vt 0.101401612 0.8707726
vt 0.102179609 0.869638085
vt 0.13062951 0.765349805
vt 0.13062951 0.7676723
vt 0.133083597 0.7676723
vt 0.133083597 0.765349865
vt 0.13062951 0.753357828
vt 0.14289996 0.765349865
vt 0.14289996 0.7676723
vt 0.14289996 0.753357828
vt 0.133083597 0.753357828
vt 0.13062951 0.751035333
vt 0.14289996 0.751035333
vt 0.133083597 0.751035333
vt 0.13062951 0.739043355
vt 0.14289996 0.739863276
vt 0.133083597 0.739043355
vt 0.13062951 0.7367208
vt 0.133083597 0.73672086
vt 0.13062951 0.723627746
vt 0.133083597 0.72337079
vt 0.141244024 0.723627746
vt 0.141672909 0.73672086
vt 0.150262237 0.74136585
vt 0.150262237 0.743688345
vt 0.152716324 0.742872953
vt 0.152716324 0.745195448
vt 0.152716324 0.750674129
vt 0.150262237 0.751035333
vt 0.108542681 0.75432229
vt 0.108542681 0.767415345
vt 0.110996783 0.7676723
vt 0.110996783 0.75432229
vt 0.108542681 0.751999795
vt 0.119586095 0.75432229
vt 0.119157217 0.767415345
vt 0.110996783 0.751999795
vt 0.108542681 0.740007758
vt 0.120813146 0.751179814
vt 0.128175423 0.747354746
vt 0.120813146 0.740007758
vt 0.128175423 0.7496773
vt 0.110996783 0.740007758
vt 0.108542681 0.737685263
vt 0.120813146 0.737685263
vt 0.13062951 0.745847642
vt 0.13062951 0.748170137
vt 0.128175423 0.740007758
vt 0.13062951 0.740007758
vt 0.110996783 0.737685263
vt 0.108542681 0.725693285
vt 0.120813146 0.725693285
vt 0.110996783 0.725693285
vt 0.108542681 0.72337079
vt 0.120813146 0.72337079
vt 0.110996783 0.72337079
vt 0.0868296921 0.72337079
vt 0.084375605 0.72337079
vt 0.084375605 0.736463904
vt 0.086829707 0.736463904
vt 0.106088586 0.72337079
vt 0.084375605 0.738786399
vt 0.106088586 0.736463904
vt 0.108542666 0.72337079
vt 0.108542666 0.736463904
vt 0.086829707 0.738786399
vt 0.084375605 0.750778437
vt 0.106088586 0.738786399
vt 0.108542681 0.738786399
vt 0.086829707 0.750778437
vt 0.084375605 0.753100872
vt 0.106088586 0.750778437
vt 0.108542681 0.750778437
vt 0.086829707 0.753100872
vt 0.084375605 0.765092909
vt 0.106088594 0.753100872
vt 0.108542681 0.753100872
vt 0.086829707 0.765092909
vt 0.0843756199 0.767415345
vt 0.086829707 0.767415345
vt 0.106088594 0.765092909
vt 0.108542681 0.765092909
vt 0.106088594 0.767415345
vt 0.108542681 0.767415345
vt 0.120813146 0.72337079
vt 0.120813146 0.72337079
vt 0.110996783 0.72337079
vt 0.110996783 0.72337079
vt 0.108542681 0.72337079
vt 0.108542681 0.72337079
vt 0.0992038175 0.813795805
vt 0.107326746 0.813796341
vt 0.108542666 0.811473906
vt 0.0992038175 0.81147331
vt 0.108542666 0.793247759
vt 0.0968084633 0.811472952
vt 0.0968084633 0.813795447
vt 0.0968084484 0.793246865
vt 0.0992038175 0.793247163
vt 0.107326746 0.790925145
vt 0.0968084633 0.79092437
vt 0.0992038175 0.790924728
vt 0.1135149 0.75641793
vt 0.1135149 0.75641793
vt 0.1135149 0.754095495
vt 0.1135149 0.754095495
vt 0.403001606 0.734070241
vt 0.412817985 0.734999299
vt 0.412817985 0.723007262
vt 0.403001606 0.723007262
vt 0.412817985 0.720684767
vt 0.403001606 0.720684767
vt 0.412817985 0.709512711
vt 0.403001606 0.709621787
vt 0.412817985 0.706370294
vt 0.403001606 0.707299292
vt 0.358827978 0.795668781
vt 0.368687242 0.79566896
vt 0.368687212 0.777442873
vt 0.358827978 0.777442634
vt 0.565092504 0.829736829
vt 0.565092504 0.818673849
vt 0.545833588 0.818673909
vt 0.545833588 0.829736829
vt 0.565092504 0.832059264
vt 0.545833588 0.832059264
vt 0.565092504 0.843122184
vt 0.545833588 0.843122244
vt 0.565092504 0.845444679
vt 0.545833588 0.845444679
vt 0.0939548612 0.726430595
vt 0.101317137 0.7241081
vt 0.0939548612 0.7241081
vt 0.101317137 0.726430595
vt 0.10377121 0.7241081
vt 0.10377121 0.726430595
vt 0.10377121 0.713406324
vt 0.101317137 0.71304512
vt 0.10377121 0.711083829
vt 0.101317137 0.710722625
vt 0.0939548612 0.712116122
vt 0.0939548612 0.709793627
vt 0.144465983 0.81109339
vt 0.13063398 0.813415885
vt 0.144470453 0.813415885
vt 0.13062951 0.81109339
vt 0.144465983 0.792867303
vt 0.13062951 0.792867303
vt 0.144470453 0.790544748
vt 0.13063398 0.790544748
vt 0.169809401 0.804124594
vt 0.172263488 0.804124594
vt 0.172263488 0.785898447
vt 0.169809401 0.785898447
vt 0.11604166 0.754095137
vt 0.123403966 0.750843644
vt 0.11604166 0.751772702
vt 0.123403966 0.753166199
vt 0.125858039 0.75048244
vt 0.125858039 0.752804935
vt 0.123403966 0.739780664
vt 0.125858039 0.73941946
vt 0.125858039 0.737096965
vt 0.123403966 0.737458169
vt 0.11604166 0.739780664
vt 0.11604166 0.737458169
vt 0.150198922 0.802536666
vt 0.150198907 0.790544748
vt 0.14774482 0.790544748
vt 0.14774482 0.802536666
vt 0.144470453 0.790544748
vt 0.144470453 0.802536666
vt 0.146924555 0.802536666
vt 0.146924555 0.790544748
vt 0.167355314 0.796301305
vt 0.167355314 0.807473302
vt 0.169809401 0.807473302
vt 0.169809401 0.796301305
vt 0.172349066 0.752769113
vt 0.172349066 0.741597116
vt 0.169894978 0.741597116
vt 0.169894949 0.752769113
vt 0.135588855 0.768409669
vt 0.142951131 0.768409669
vt 0.142951131 0.766087174
vt 0.135588855 0.766087174
vt 0.1135149 0.754095495
vt 0.106205285 0.756418705
vt 0.1135149 0.75641793
vt 0.106205285 0.75409621
vt 0.10377121 0.756418943
vt 0.10377121 0.754096508
vt 0.1135149 0.776966572
vt 0.1135149 0.776966572
vt 0.1135149 0.774644077
vt 0.1135149 0.774644077
vt 0.402916044 0.762663841
vt 0.412732422 0.750671804
vt 0.402916044 0.751600862
vt 0.412732422 0.762663841
vt 0.402916044 0.764986336
vt 0.412732422 0.764986336
vt 0.402916074 0.776049376
vt 0.412732422 0.776158392
vt 0.402916044 0.778371811
vt 0.412732422 0.779300809
vt 0.172263488 0.804124594
vt 0.172263488 0.804124594
vt 0.172263488 0.785898447
vt 0.172263488 0.785898447
vt 0.133083597 0.7676723
vt 0.14289996 0.7676723
vt 0.14289996 0.7676723
vt 0.133083597 0.7676723
vt 0.13062951 0.7676723
vt 0.13062951 0.7676723
vt 0.378448367 0.777442634
vt 0.368687242 0.777443469
vt 0.368687242 0.795669615
vt 0.378448367 0.795668781
vt 0.145405203 0.754095137
vt 0.145405203 0.76105535
vt 0.147859275 0.76105541
vt 0.147859275 0.754095197
vt 0.174717575 0.800169706
vt 0.174717575 0.793034434
vt 0.172263488 0.79303509
vt 0.172263488 0.800170422
vt 0.0870214105 0.790926456
vt 0.084375605 0.790927231
vt 0.084375605 0.793249667
vt 0.0870214105 0.793249011
vt 0.0961922556 0.79092437
vt 0.0949763283 0.793246746
vt 0.0870214105 0.811475098
vt 0.084375605 0.811475873
vt 0.084375605 0.813798308
vt 0.0870214105 0.813797593
vt 0.0949763283 0.811472893
vt 0.0961922556 0.813795447
vt 0.16244714 0.796301305
vt 0.169809401 0.791656375
vt 0.169809401 0.78933382
vt 0.16244714 0.793158889
vt 0.145488203 0.709793806
vt 0.145488203 0.71669811
vt 0.147942275 0.716697931
vt 0.147942275 0.709793627
vt 0.174717575 0.793033719
vt 0.174717575 0.785898447
vt 0.172263488 0.785899103
vt 0.172263488 0.793034434
vt 0.147859275 0.793553412
vt 0.147859275 0.786593258
vt 0.145405203 0.786593258
vt 0.145405203 0.793553412
vt 0.145488203 0.721240461
vt 0.145488203 0.728019953
vt 0.147942275 0.728019595
vt 0.147942275 0.721240103
vt 0.135674417 0.726430595
vt 0.143036664 0.726430595
vt 0.143036664 0.7241081
vt 0.135674417 0.7241081
vt 0.135674417 0.753733933
vt 0.143036664 0.752804935
vt 0.143036664 0.75048244
vt 0.135674417 0.751411438
vt 0.145490766 0.746954441
vt 0.145490766 0.753733933
vt 0.147944868 0.753733516
vt 0.147944868 0.746954024
vt 0.1135149 0.774644077
vt 0.106205285 0.776967347
vt 0.1135149 0.776966572
vt 0.106205285 0.774644852
vt 0.10377121 0.776967585
vt 0.10377121 0.77464515
vt 0.162532687 0.726513207
vt 0.169894949 0.730338216
vt 0.169894978 0.72801578
vt 0.162532687 0.72337079
vt 0.147859275 0.772321105
vt 0.147859275 0.765416801
vt 0.145405203 0.76541698
vt 0.145405203 0.772321284
vt 0.125858039 0.741741896
vt 0.133220315 0.742670953
vt 0.133220315 0.740348399
vt 0.125858039 0.73941946
vt 0.059971422 0.756160736
vt 0.059971422 0.753838241
vt 0.0575173497 0.753838241
vt 0.0575173199 0.756160736
vt 0.0575173199 0.766862392
vt 0.0599713922 0.766862392
vt 0.0599713922 0.769184887
vt 0.0575173199 0.769184887
vt 0.0816843808 0.756160676
vt 0.0816843808 0.753838181
vt 0.0792303085 0.753838181
vt 0.0792303085 0.756160676
vt 0.0792303085 0.767223656
vt 0.0816843808 0.767223656
vt 0.0816843808 0.769546092
vt 0.0792303085 0.769546092
vt 0.0868296921 0.79092437
vt 0.084375605 0.788601875
vt 0.084375605 0.79092437
vt 0.0868296921 0.788601875
vt 0.0868296921 0.782762051
vt 0.084375605 0.782762051
vt 0.108542666 0.79092437
vt 0.106088586 0.788601875
vt 0.106088586 0.79092437
vt 0.108542666 0.788601875
vt 0.108542666 0.783123255
vt 0.106088586 0.783123255
vt 0.125772476 0.782724142
vt 0.125772476 0.793787181
vt 0.128226578 0.793787181
vt 0.128226578 0.782724142
vt 0.138042927 0.782724142
vt 0.138042927 0.793787122
vt 0.140497029 0.793787122
vt 0.140497029 0.782724142
vt 0.164901227 0.803648353
vt 0.164901227 0.796301305
vt 0.16244714 0.796301305
vt 0.16244714 0.803648353
vt 0.159993023 0.796301305
vt 0.159993023 0.803648353
vt 0.16244714 0.803648353
vt 0.16244714 0.796301305
vt 0.0887213424 0.807079315
vt 0.116404407 0.825730324
vt 0.0887213424 0.807079315
vt 0.114878044 0.825517654
vt 0.152630776 0.769994855
vt 0.152630776 0.7676723
vt 0.150179252 0.76767236
vt 0.150179252 0.769994855
vt 0.152630746 0.788220942
vt 0.14037317 0.769995093
vt 0.14037317 0.767672658
vt 0.14037317 0.78822124
vt 0.150179252 0.788221002
vt 0.152630746 0.790543437
vt 0.14037317 0.790543735
vt 0.150179252 0.790543497
vt 0.106088594 0.767415345
vt 0.108542681 0.767415345
vt 0.108542681 0.767415345
vt 0.106088594 0.767415345
vt 0.086829707 0.767415345
vt 0.086829707 0.767415345
vt 0.0843756199 0.767415345
vt 0.0843756199 0.767415345
vt 0.0887213424 0.807079315
vt 0.118349403 0.826134503
vt 0.0887213424 0.807079315
vt 0.118542314 0.824689925
vt 0.0887213424 0.807079315
vt 0.120683402 0.823416293
vt 0.0887213424 0.807079315
vt 0.121461391 0.824219465
vt 0.0887213424 0.807079315
vt 0.101401612 0.8707726
vt 0.0887213424 0.807079315
vt 0.101596117 0.8707726
vt 0.902443171 0.224117547
vt 0.88990134 0.223607123
vt 0.88990134 0.28593722
vt 0.902443171 0.286447644
vt 0.88990134 0.223607123
vt 0.87735945 0.224117547
vt 0.87735945 0.286447644
vt 0.88990134 0.28593722
vt 0.927614391 0.223607123
vt 0.927614391 0.229737967
vt 0.940199912 0.229737967
vt 0.940199912 0.223607123
vt 0.915028751 0.223607123
vt 0.902443171 0.223607123
vt 0.902443171 0.28593719
vt 0.915028751 0.28593719
vt 0.927614391 0.223607123
vt 0.915028751 0.223607123
vt 0.915028751 0.28593719
vt 0.927614391 0.28593719
vt 0.658940673 0.242350191
vt 0.677850544 0.242350191
vt 0.677850544 0.226171732
vt 0.658940673 0.226171732
vt 0.62112087 0.243917823
vt 0.640030742 0.209993273
vt 0.62112087 0.209993273
vt 0.640030742 0.243917823
vt 0.62112093 0.292608589
vt 0.640030742 0.292608589
vt 0.62112087 0.327214807
vt 0.640030742 0.327214807
vt 0.677850544 0.209993273
vt 0.658940673 0.209993273
vt 0.658940673 0.226171732
vt 0.677850544 0.226171732
vt 0.658940613 0.292608589
vt 0.640030742 0.327214867
vt 0.658940673 0.327214807
vt 0.640030742 0.292608589
vt 0.658940613 0.243917823
vt 0.640030742 0.243917823
vt 0.658940673 0.209993273
vt 0.640030742 0.209993303
vt 0.595752835 0.293292195
vt 0.59087491 0.327214867
vt 0.616242886 0.327214867
vt 0.62112087 0.293292195
vt 0.595752835 0.244601399
vt 0.62112087 0.244601399
vt 0.59087491 0.209993273
vt 0.616242886 0.209993273
vt 0.565506876 0.292606741
vt 0.560628951 0.327214867
vt 0.585996926 0.327214867
vt 0.59087491 0.292606741
vt 0.565506876 0.243915945
vt 0.59087491 0.243915945
vt 0.560628951 0.209993273
vt 0.585996926 0.209993273
vt 0.709712267 0.103541046
vt 0.721033752 0.103541046
vt 0.721033752 0.0938548744
vt 0.709712267 0.0938548744
vt 0.687069297 0.104479551
vt 0.698390782 0.0841687322
vt 0.687069297 0.0841687322
vt 0.698390782 0.104479551
vt 0.687069297 0.133631021
vt 0.698390782 0.133631021
vt 0.687069297 0.154350013
vt 0.698390782 0.154350013
vt 0.721033752 0.0841687322
vt 0.709712267 0.0841687322
vt 0.709712267 0.0938548744
vt 0.721033752 0.0938548744
vt 0.709712207 0.13363108
vt 0.698390782 0.154350013
vt 0.709712267 0.154350013
vt 0.698390782 0.133631021
vt 0.709712207 0.104479551
vt 0.698390782 0.104479551
vt 0.709712267 0.0841687322
vt 0.698390782 0.0841687322
vt 0.671881318 0.134040326
vt 0.668960869 0.154350072
vt 0.684148848 0.154350013
vt 0.687069297 0.134040326
vt 0.671881318 0.104888827
vt 0.687069297 0.104888827
vt 0.668960869 0.0841687322
vt 0.684148848 0.0841687322
vt 0.653772891 0.133629948
vt 0.650852442 0.154350072
vt 0.666040421 0.154350013
vt 0.668960869 0.133629948
vt 0.653772891 0.104478449
vt 0.668960869 0.104478449
vt 0.650852442 0.0841687322
vt 0.666040421 0.0841687322
vn 0.000004 0.544358 -0.838853
vn 0.043393 0.537171 -0.842357
vn -0.043386 0.537171 -0.842357
vn 0.000004 0.544358 -0.838853
vn -0.043386 0.537171 -0.842357
vn 0.000004 0.544358 -0.838853
vn 0.000000 0.998020 -0.062895
vn 0.000000 0.998020 -0.062895
vn 0.000050 0.999129 -0.041739
vn 0.000050 0.999147 -0.041299
vn 0.000050 0.999947 -0.010283
vn 0.000000 0.998020 -0.062895
vn 0.000050 0.999129 -0.041739
vn 0.000050 0.999147 -0.041299
vn 0.000050 0.999147 -0.041299
vn 0.000050 0.999947 -0.010283
vn 0.000050 0.999952 -0.009842
vn -0.000000 0.998020 0.062895
vn -0.000046 0.999161 0.040947
vn -0.000046 0.999177 0.040571
vn -0.000000 0.998020 0.062895
vn -0.000046 0.999177 0.040571
vn -0.000000 0.998020 0.062895
vn -0.000046 0.999955 0.009490
vn -0.000046 0.999958 0.009113
vn -0.000046 0.999177 0.040571
vn -0.000046 0.999955 0.009490
vn -0.000046 0.999177 0.040571
vn -0.000046 0.999161 0.040947
vn 0.000000 -0.999525 -0.030834
vn 0.000000 -0.999525 -0.030834
vn 0.000000 -0.999525 -0.030834
vn 0.000000 -0.999525 -0.030834
vn 0.000000 -0.999525 -0.030834
vn 0.000000 -0.999525 -0.030834
vn 0.000000 -0.999563 0.029550
vn 0.000000 -0.999525 -0.030834
vn 0.000000 -0.999525 -0.030834
vn 0.000000 -0.999563 0.029550
vn 0.000000 -0.999525 -0.030834
vn 0.000000 -0.999563 0.029550
vn 0.000000 -1.000000 0.000000
vn 0.000000 -0.999563 0.029550
vn 0.000000 -0.999563 0.029550
vn 0.000000 -1.000000 0.000000
vn 0.000000 -0.999563 0.029550
vn 0.000000 -1.000000 0.000000
vn -1.000000 -0.000000 -0.000004
vn -1.000000 -0.000000 -0.000004
vn -1.000000 -0.000000 -0.000004
vn -1.000000 -0.000000 -0.000004
vn -1.000000 -0.000000 -0.000004
vn -1.000000 -0.000000 -0.000004
vn -1.000000 -0.000000 -0.000004
vn -1.000000 -0.000000 -0.000004
vn -1.000000 -0.000000 -0.000004
vn -1.000000 -0.000000 -0.000004
vn -1.000000 -0.000000 -0.000004
vn -1.000000 -0.000000 -0.000004
vn -1.000000 -0.000000 -0.000004
vn -1.000000 -0.000000 -0.000004
vn -1.000000 -0.000000 -0.000004
vn -1.000000 -0.000000 -0.000004
vn -1.000000 -0.000000 -0.000004
vn -1.000000 -0.000000 -0.000004
vn -1.000000 -0.000000 -0.000004
vn -1.000000 -0.000000 -0.000004
vn -1.000000 -0.000000 -0.000004
vn -1.000000 -0.000000 -0.000004
vn -1.000000 -0.000000 -0.000004
vn -1.000000 -0.000000 -0.000004
vn -1.000000 -0.000000 -0.000004
vn -1.000000 -0.000000 -0.000004
vn -1.000000 -0.000000 -0.000004
vn 1.000000 0.000000 0.000004
vn 1.000000 0.000000 0.000004
vn 1.000000 0.000000 0.000004
vn 1.000000 0.000000 0.000004
vn 1.000000 0.000000 0.000004
vn 1.000000 0.000000 0.000004
vn 1.000000 0.000000 0.000004
vn 1.000000 0.000000 0.000004
vn 1.000000 0.000000 0.000004
vn 1.000000 0.000000 0.000004
vn 1.000000 0.000000 0.000004
vn 1.000000 0.000000 0.000004
vn 1.000000 0.000000 0.000004
vn 1.000000 0.000000 0.000004
vn 1.000000 0.000000 0.000004
vn 1.000000 0.000000 0.000004
vn 1.000000 0.000000 0.000004
vn 1.000000 0.000000 0.000004
vn 1.000000 0.000000 0.000004
vn 1.000000 0.000000 0.000004
vn 1.000000 0.000000 0.000004
vn 1.000000 0.000000 0.000004
vn 1.000000 0.000000 0.000004
vn 1.000000 0.000000 0.000004
vn 1.000000 0.000000 0.000004
vn 1.000000 0.000000 0.000004
vn 1.000000 0.000000 0.000004
vn 0.000000 -1.000000 0.000000
vn 0.000000 -1.000000 0.000000
vn 0.000000 -1.000000 0.000000
vn 0.000000 -1.000000 0.000000
vn 0.000000 -1.000000 0.000000
vn 0.000000 -1.000000 0.000000
vn 0.000000 -1.000000 0.000000
vn 0.000000 -1.000000 0.000000
vn 0.000000 -1.000000 0.000000
vn 0.000000 -1.000000 0.000000
vn 0.000000 -1.000000 0.000000
vn 0.000000 -1.000000 0.000000
vn 0.000000 -1.000000 0.000000
vn 0.000000 -1.000000 0.000000
vn 0.000000 -1.000000 0.000000
vn 0.000000 -1.000000 0.000000
vn 0.000000 -1.000000 0.000000
vn 0.000000 -1.000000 0.000000
vn 0.000000 -1.000000 0.000000
vn 0.000000 -1.000000 0.000000
vn 0.000000 -1.000000 0.000000
vn 0.000000 -1.000000 0.000000
vn 0.000000 -1.000000 0.000000
vn 0.000000 -1.000000 0.000000
vn 0.000000 -1.000000 0.000000
vn 0.000000 -1.000000 0.000000
vn 0.000000 -1.000000 0.000000
vn 0.000000 -1.000000 0.000000
vn 1.000000 0.000000 0.000004
vn 1.000000 0.000000 0.000004
vn 1.000000 0.000000 0.000004
vn 1.000000 0.000000 0.000004
vn 1.000000 0.000000 0.000004
vn 1.000000 0.000000 0.000004
vn -0.005568 -0.105950 -0.994356
vn -0.011015 0.044078 -0.998967
vn -0.005505 0.042508 -0.999081
vn -0.002782 -0.106731 -0.994284
vn 0.005514 0.042508 -0.999081
vn 0.000004 -0.253587 -0.967313
vn 0.000004 -0.253587 -0.967313
vn 0.000004 -0.253587 -0.967313
vn 0.002790 -0.106731 -0.994284
vn 0.011024 0.044078 -0.998967
vn 0.000004 -0.253587 -0.967312
vn 0.005577 -0.105950 -0.994356
vn 0.151953 0.985074 0.080870
vn 0.228229 0.966001 0.121465
vn 0.444411 0.888824 0.111762
vn 0.444411 0.888824 0.111762
vn -1.000000 -0.000000 -0.000004
vn -1.000000 -0.000000 -0.000004
vn -1.000000 -0.000000 -0.000004
vn -1.000000 -0.000000 -0.000004
vn -1.000000 -0.000000 -0.000004
vn -1.000000 -0.000000 -0.000004
vn -1.000000 -0.000000 -0.000004
vn -1.000000 -0.000000 -0.000004
vn -1.000000 -0.000000 -0.000004
vn -1.000000 -0.000000 -0.000004
vn 0.000004 0.036199 -0.999345
vn 0.000004 -0.205820 -0.978590
vn 0.000004 -0.205820 -0.978590
vn 0.000004 0.036199 -0.999345
vn -0.000000 1.000000 -0.000000
vn -0.000000 1.000000 -0.000000
vn -0.000000 1.000000 -0.000000
vn -0.000000 1.000000 -0.000000
vn -0.000000 1.000000 -0.000000
vn -0.000000 1.000000 -0.000000
vn -0.000000 1.000000 -0.000000
vn -0.000000 1.000000 -0.000000
vn -0.000000 1.000000 -0.000000
vn -0.000000 1.000000 -0.000000
vn 1.000000 0.000000 0.000004
vn 1.000000 0.000000 0.000004
vn 1.000000 0.000000 0.000004
vn 1.000000 0.000000 0.000004
vn 1.000000 0.000000 0.000004
vn 1.000000 0.000000 0.000004
vn 1.000000 0.000000 0.000004
vn 1.000000 0.000000 0.000004
vn 1.000000 0.000000 0.000004
vn 1.000000 0.000000 0.000004
vn 1.000000 0.000000 0.000004
vn 1.000000 0.000000 0.000004
vn 0.228982 0.969577 -0.086527
vn 0.445796 0.891591 -0.079566
vn 0.445796 0.891591 -0.079566
vn 0.228982 0.969577 -0.086527
vn -0.228981 0.969577 -0.086529
vn -0.228981 0.969577 -0.086529
vn -0.445795 0.891591 -0.079570
vn -0.445795 0.891591 -0.079570
vn -0.000000 1.000000 -0.000000
vn -0.151954 0.985074 0.080869
vn 0.151953 0.985074 0.080870
vn -0.000000 1.000000 -0.000000
vn -1.000000 -0.000000 -0.000004
vn -1.000000 -0.000000 -0.000004
vn -1.000000 -0.000000 -0.000004
vn -1.000000 -0.000000 -0.000004
vn -1.000000 -0.000000 -0.000004
vn -1.000000 -0.000000 -0.000004
vn -1.000000 -0.000000 -0.000004
vn -1.000000 -0.000000 -0.000004
vn -1.000000 -0.000000 -0.000004
vn -1.000000 -0.000000 -0.000004
vn -1.000000 -0.000000 -0.000004
vn -1.000000 -0.000000 -0.000004
vn -0.000000 1.000000 -0.000000
vn -0.000000 1.000000 -0.000000
vn -0.000000 1.000000 -0.000000
vn -0.000000 1.000000 -0.000000
vn -0.000000 1.000000 -0.000000
vn -0.000000 1.000000 -0.000000
vn -0.000000 1.000000 -0.000000
vn -0.000000 1.000000 -0.000000
vn -0.000000 1.000000 -0.000000
vn -0.000000 1.000000 -0.000000
vn -0.000000 1.000000 -0.000000
vn -0.000000 1.000000 -0.000000
vn -0.000000 1.000000 -0.000000
vn -0.000000 1.000000 -0.000000
vn -0.000000 1.000000 -0.000000
vn -0.000000 1.000000 -0.000000
vn 1.000000 0.000000 0.000004
vn 1.000000 0.000000 0.000004
vn 1.000000 0.000000 0.000004
vn 1.000000 0.000000 0.000004
vn 0.115481 0.461941 0.879360
vn 0.038549 0.465711 0.884097
vn 0.115481 0.461941 0.879360
vn 0.057836 0.465028 0.883405
vn -0.000004 0.466557 0.884491
vn -0.000004 0.466557 0.884491
vn -0.444413 0.888824 0.111758
vn -0.444413 0.888824 0.111758
vn -0.228230 0.966001 0.121463
vn -0.151954 0.985074 0.080869
vn 1.000000 0.000000 0.000004
vn 1.000000 0.000000 0.000004
vn 1.000000 0.000000 0.000004
vn 1.000000 0.000000 0.000004
vn 1.000000 0.000000 0.000004
vn 1.000000 0.000000 0.000004
vn 1.000000 0.000000 0.000004
vn 1.000000 0.000000 0.000004
vn 1.000000 0.000000 0.000004
vn 1.000000 0.000000 0.000004
vn -0.151954 0.985074 0.080869
vn -0.228230 0.966001 0.121463
vn 0.228229 0.966001 0.121465
vn 0.151953 0.985074 0.080870
vn -1.000000 -0.000000 -0.000004
vn -1.000000 -0.000000 -0.000004
vn -1.000000 -0.000000 -0.000004
vn -1.000000 -0.000000 -0.000004
vn -1.000000 -0.000000 -0.000004
vn -1.000000 -0.000000 -0.000004
vn -0.000004 0.099504 0.995037
vn -0.000004 0.099504 0.995037
vn -0.000004 0.099504 0.995037
vn -0.000004 0.099504 0.995037
vn -0.000004 0.000000 1.000000
vn -0.000004 0.000000 1.000000
vn -0.000004 0.000000 1.000000
vn -0.000004 0.000000 1.000000
vn -0.000004 -0.481236 0.876591
vn -0.000004 -0.481236 0.876591
vn -0.000004 -0.481236 0.876591
vn -0.000004 -0.481236 0.876591
vn -0.065096 0.533176 -0.843496
vn 0.000004 0.544358 -0.838853
vn 0.000004 0.544358 -0.838853
vn -0.043386 0.537171 -0.842357
vn -0.129910 0.519656 -0.844441
vn -0.129910 0.519656 -0.844441
vn 0.043393 0.537171 -0.842357
vn 0.000004 0.544358 -0.838853
vn 0.000004 0.544358 -0.838853
vn 0.065103 0.533176 -0.843496
vn 0.129918 0.519656 -0.844440
vn 0.129918 0.519656 -0.844440
vn 1.000000 0.000000 0.000004
vn 1.000000 0.000000 0.000004
vn 1.000000 0.000000 0.000004
vn 1.000000 0.000000 0.000004
vn 0.000004 -0.000000 -1.000000
vn 0.000004 -0.000000 -1.000000
vn 0.000004 -0.000000 -1.000000
vn 0.000004 -0.000000 -1.000000
vn -0.000004 -0.481236 0.876591
vn -0.000004 -0.481236 0.876591
vn -0.000004 -0.481236 0.876591
vn -0.000004 -0.481236 0.876591
vn -0.000004 0.000000 1.000000
vn -0.000004 0.000000 1.000000
vn -0.000004 0.000000 1.000000
vn -0.000004 0.000000 1.000000
vn 0.000004 -0.435696 -0.900094
vn 0.000004 -0.435696 -0.900094
vn 0.000004 -0.435696 -0.900094
vn 0.000004 -0.205820 -0.978590
vn -1.000000 -0.000000 -0.000004
vn -1.000000 -0.000000 -0.000004
vn -1.000000 -0.000000 -0.000004
vn -1.000000 -0.000000 -0.000004
vn -1.000000 -0.000000 -0.000004
vn -1.000000 -0.000000 -0.000004
vn -1.000000 -0.000000 -0.000004
vn -1.000000 -0.000000 -0.000004
vn 0.000004 -0.205820 -0.978590
vn 0.000004 -0.435696 -0.900094
vn 0.000004 -0.435696 -0.900094
vn 0.000004 -0.435696 -0.900094
vn -0.115489 0.461941 0.879359
vn -0.057843 0.465028 0.883404
vn -0.115489 0.461941 0.879359
vn -0.038556 0.465711 0.884096
vn -0.000004 0.466557 0.884491
vn -0.000004 0.466557 0.884491
vn -1.000000 -0.000000 -0.000004
vn -1.000000 -0.000000 -0.000004
vn -1.000000 -0.000000 -0.000004
vn -1.000000 -0.000000 -0.000004
vn 0.000004 -0.000000 -1.000000
vn 0.000004 -0.000000 -1.000000
vn 0.000004 -0.000000 -1.000000
vn 0.000004 -0.000000 -1.000000
vn 1.000000 0.000000 0.000004
vn 1.000000 0.000000 0.000004
vn 1.000000 0.000000 0.000004
vn 1.000000 0.000000 0.000004
vn -0.000046 0.999161 0.040947
vn -0.000000 0.998020 0.062895
vn -0.000000 0.998020 0.062895
vn -0.000000 0.999153 0.041143
vn -0.000000 0.999953 0.009686
vn -0.000046 0.999955 0.009490
vn 0.000050 0.999952 -0.009842
vn -0.000000 0.999954 -0.009632
vn -0.000000 0.999184 0.040390
vn -0.000000 0.998020 0.062894
vn -0.000000 0.998020 0.062895
vn -0.000046 0.999177 0.040571
vn -0.000046 0.999958 0.009113
vn -0.000000 0.999960 0.008933
vn -0.000000 0.999945 -0.010513
vn 0.000050 0.999947 -0.010283
vn 0.000000 0.998020 -0.062895
vn 0.000000 0.999156 -0.041089
vn 0.000000 0.998020 -0.062895
vn 0.000050 0.999147 -0.041299
vn 0.000050 0.999952 -0.009842
vn -0.000000 0.999954 -0.009632
vn 0.000000 0.998020 -0.062895
vn 0.000050 0.999129 -0.041739
vn 0.000000 0.998020 -0.062895
vn 0.000000 0.999119 -0.041969
vn -0.000000 0.999945 -0.010513
vn 0.000050 0.999947 -0.010283
vn 0.000000 -0.998930 -0.046240
vn 0.000000 -0.998930 -0.046240
vn 0.000000 -0.999525 -0.030834
vn 0.000000 -0.999525 -0.030834
vn 0.000000 -0.999525 -0.030834
vn 0.000000 -0.999525 -0.030834
vn 0.000000 -0.998930 -0.046240
vn 0.000000 -0.998930 -0.046240
vn -0.000000 -0.999018 0.044316
vn -0.000000 -0.999018 0.044316
vn 0.000000 -0.999563 0.029550
vn 0.000000 -0.999563 0.029550
vn 0.000000 -0.999563 0.029550
vn 0.000000 -0.999563 0.029550
vn -0.000000 -0.999018 0.044316
vn -0.000000 -0.999018 0.044316
vn 0.000050 0.999952 -0.009842
vn 0.000050 0.999947 -0.010283
vn -0.000046 0.999958 0.009113
vn -0.000046 0.999955 0.009490
vn -0.000004 -0.149819 0.988713
vn -0.000004 -0.149817 0.988714
vn 0.001259 -0.070096 0.997539
vn 0.000627 -0.070276 0.997527
vn -0.000004 -0.149823 0.988713
vn 0.001255 0.009716 0.999952
vn 0.002515 0.010076 0.999946
vn -0.001264 0.009716 0.999952
vn -0.000636 -0.070278 0.997527
vn -0.000004 -0.149824 0.988713
vn -0.002523 0.010076 0.999946
vn -0.001268 -0.070100 0.997539
vn 0.000000 -1.000000 0.000000
vn 0.000000 -1.000000 0.000000
vn 0.000000 -1.000000 0.000000
vn 0.000000 -1.000000 0.000000
vn 0.000000 -1.000000 0.000000
vn 0.000000 -1.000000 0.000000
vn 0.000000 -1.000000 0.000000
vn 0.000000 -1.000000 0.000000
vn -0.000004 0.466557 0.884491
vn -0.038556 0.465711 0.884096
vn 0.038549 0.465711 0.884097
vn -0.000004 0.466557 0.884491
vn 0.000000 -1.000000 0.000000
vn 0.000000 -1.000000 0.000000
vn 0.000000 -0.999525 -0.030834
vn 0.000000 -0.999525 -0.030834
vn 0.000000 -0.999563 0.029550
vn 0.000000 -0.999563 0.029550
vn 0.000000 -0.999563 0.029550
vn 0.000000 -0.999563 0.029550
vn 1.000000 0.000000 0.000004
vn 1.000000 0.000000 0.000004
vn 1.000000 0.000000 0.000004
vn 1.000000 0.000000 0.000004
vn -1.000000 -0.000000 -0.000004
vn -1.000000 -0.000000 -0.000004
vn -1.000000 -0.000000 -0.000004
vn -1.000000 -0.000000 -0.000004
vn -0.000004 0.000000 1.000000
vn -0.000004 0.000000 1.000000
vn -0.000004 0.000000 1.000000
vn -0.000004 0.000000 1.000000
vn 0.000000 -0.996529 -0.083252
vn 0.000000 -0.996529 -0.083252
vn 0.000000 -0.996529 -0.083252
vn 0.000000 -0.996529 -0.083252
vn -0.000000 0.996529 0.083252
vn -0.000000 0.996529 0.083252
vn -0.000000 0.996529 0.083252
vn -0.000000 0.996529 0.083252
vn 1.000000 0.000000 0.000004
vn 1.000000 0.000000 0.000004
vn 1.000000 0.000000 0.000004
vn 1.000000 0.000000 0.000004
vn -0.045705 -0.000000 -0.998955
vn -0.091319 -0.000000 -0.995822
vn -0.091319 -0.000000 -0.995822
vn -0.045705 -0.000000 -0.998955
vn 0.044814 -0.000000 -0.998995
vn 0.044814 -0.000000 -0.998995
vn 0.089533 -0.000000 -0.995984
vn 0.089533 -0.000000 -0.995984
vn -1.000000 -0.000000 -0.000004
vn -1.000000 -0.000000 -0.000004
vn -1.000000 -0.000000 -0.000004
vn -1.000000 -0.000000 -0.000004
vn -0.044814 0.000000 0.998995
vn -0.089533 0.000000 0.995984
vn -0.089533 0.000000 0.995984
vn -0.044814 0.000000 0.998995
vn 0.045705 0.000000 0.998955
vn 0.045705 0.000000 0.998955
vn 0.091319 0.000000 0.995822
vn 0.091319 0.000000 0.995822
vn 0.000000 -1.000000 0.000000
vn 0.000000 -1.000000 0.000000
vn 0.000000 -1.000000 0.000000
vn 0.000000 -1.000000 0.000000
vn 0.000000 -1.000000 0.000000
vn 0.000000 -1.000000 0.000000
vn 0.000000 -1.000000 0.000000
vn 0.000000 -1.000000 0.000000
vn -0.000000 1.000000 -0.000000
vn -0.000000 1.000000 -0.000000
vn -0.000000 1.000000 -0.000000
vn -0.000000 1.000000 -0.000000
vn -0.000000 1.000000 -0.000000
vn -0.000000 1.000000 -0.000000
vn -0.000000 1.000000 -0.000000
vn -0.000000 1.000000 -0.000000
vn -1.000000 -0.000000 -0.000004
vn -1.000000 -0.000000 -0.000004
vn -1.000000 -0.000000 -0.000004
vn -1.000000 -0.000000 -0.000004
vn 0.045704 0.000000 0.998955
vn 0.091317 0.000000 0.995822
vn 0.091317 0.000000 0.995822
vn 0.045704 0.000000 0.998955
vn -0.044815 0.000000 0.998995
vn -0.044815 0.000000 0.998995
vn -0.089535 0.000000 0.995984
vn -0.089535 0.000000 0.995984
vn 1.000000 0.000000 0.000004
vn 1.000000 0.000000 0.000004
vn 1.000000 0.000000 0.000004
vn 1.000000 0.000000 0.000004
vn 0.044815 -0.000000 -0.998995
vn 0.089535 -0.000000 -0.995984
vn 0.089535 -0.000000 -0.995984
vn 0.044815 -0.000000 -0.998995
vn -0.045704 -0.000000 -0.998955
vn -0.045704 -0.000000 -0.998955
vn -0.091317 -0.000000 -0.995822
vn -0.091317 -0.000000 -0.995822
vn 0.000000 -1.000000 0.000000
vn 0.000000 -1.000000 0.000000
vn 0.000000 -1.000000 0.000000
vn 0.000000 -1.000000 0.000000
vn 0.000000 -1.000000 0.000000
vn 0.000000 -1.000000 0.000000
vn 0.000000 -1.000000 0.000000
vn 0.000000 -1.000000 0.000000
vn -0.000000 1.000000 -0.000000
vn -0.000000 1.000000 -0.000000
vn -0.000000 1.000000 -0.000000
vn -0.000000 1.000000 -0.000000
vn -0.000000 1.000000 -0.000000
vn -0.000000 1.000000 -0.000000
vn -0.000000 1.000000 -0.000000
vn -0.000000 1.000000 -0.000000
f 1/1/1 2/2/2 3/3/3
f 4/4/4 5/5/5 6/6/6
f 7/7/7 8/8/8 9/9/9
f 10/10/10 9/9/9 11/11/11
f 12/12/12 13/13/13 14/14/14
f 15/15/15 16/16/16 17/17/17
f 18/18/18 19/19/19 20/20/20
f 21/21/21 22/22/22 23/23/23
f 24/24/24 25/25/25 26/26/26
f 27/27/27 28/28/28 29/29/29
f 30/30/30 31/31/31 32/32/32
f 33/33/33 34/34/34 35/35/35
f 36/36/36 37/37/37 38/38/38
f 39/39/39 40/40/40 41/41/41
f 42/42/42 43/43/43 44/44/44
f 45/45/45 46/46/46 47/47/47
f 48/48/48 49/49/49 50/50/50
f 48/48/48 50/50/50 51/51/51
f 52/52/52 48/48/48 51/51/51
f 50/50/50 53/53/53 51/51/51
f 50/50/50 54/54/54 53/53/53
f 51/51/51 53/53/53 55/55/55
f 52/52/52 51/51/51 56/56/56
f 51/51/51 55/55/55 56/56/56
f 57/57/57 52/52/52 56/56/56
f 56/56/56 55/55/55 58/58/58
f 57/57/57 56/56/56 59/59/59
f 56/56/56 58/58/58 59/59/59
f 60/60/60 57/57/57 59/59/59
f 59/59/59 58/58/58 61/61/61
f 60/60/60 59/59/59 62/62/62
f 59/59/59 61/61/61 62/62/62
f 63/63/63 60/60/60 62/62/62
f 63/63/63 62/62/62 64/64/64
f 65/65/65 63/63/63 64/64/64
f 65/65/65 64/64/64 66/66/66
f 64/64/64 67/67/67 66/66/66
f 64/64/64 68/68/68 67/67/67
f 62/62/62 68/68/68 64/64/64
f 62/62/62 61/61/61 68/68/68
f 61/61/61 69/69/69 68/68/68
f 61/61/61 70/70/70 69/69/69
f 70/70/70 71/71/71 69/69/69
f 70/70/70 72/72/72 71/71/71
f 73/73/73 72/72/72 70/70/70
f 73/73/73 70/70/70 74/74/74
f 75/75/75 76/76/76 77/77/77
f 75/75/75 77/77/77 78/78/78
f 79/79/79 75/75/75 78/78/78
f 77/77/77 80/80/80 78/78/78
f 77/77/77 81/81/81 80/80/80
f 79/79/79 78/78/78 82/82/82
f 83/83/83 79/79/79 82/82/82
f 78/78/78 80/80/80 84/84/84
f 78/78/78 84/84/84 82/82/82
f 80/80/80 85/85/85 84/84/84
f 82/82/82 84/84/84 86/86/86
f 80/80/80 87/87/87 85/85/85
f 83/83/83 82/82/82 88/88/88
f 82/82/82 86/86/86 88/88/88
f 89/89/89 83/83/83 88/88/88
f 88/88/88 86/86/86 90/90/90
f 87/87/87 91/91/91 85/85/85
f 87/87/87 92/92/92 91/91/91
f 93/93/93 85/85/85 91/91/91
f 93/93/93 91/91/91 94/94/94
f 89/89/89 88/88/88 95/95/95
f 88/88/88 90/90/90 95/95/95
f 96/96/96 89/89/89 95/95/95
f 95/95/95 90/90/90 97/97/97
f 96/96/96 95/95/95 98/98/98
f 95/95/95 97/97/97 98/98/98
f 99/99/99 96/96/96 98/98/98
f 98/98/98 97/97/97 100/100/100
f 99/99/99 98/98/98 101/101/101
f 98/98/98 100/100/100 101/101/101
f 102/102/102 103/103/103 104/104/104
f 102/102/102 104/104/104 105/105/105
f 106/106/106 102/102/102 105/105/105
f 105/105/105 104/104/104 107/107/107
f 106/106/106 105/105/105 108/108/108
f 109/109/109 106/106/106 108/108/108
f 109/109/109 108/108/108 110/110/110
f 105/105/105 107/107/107 111/111/111
f 108/108/108 105/105/105 111/111/111
f 111/111/111 107/107/107 112/112/112
f 110/110/110 108/108/108 113/113/113
f 108/108/108 111/111/111 113/113/113
f 110/110/110 113/113/113 114/114/114
f 111/111/111 112/112/112 115/115/115
f 113/113/113 111/111/111 115/115/115
f 115/115/115 112/112/112 116/116/116
f 114/114/114 113/113/113 117/117/117
f 113/113/113 115/115/115 117/117/117
f 114/114/114 117/117/117 118/118/118
f 115/115/115 116/116/116 119/119/119
f 117/117/117 115/115/115 119/119/119
f 119/119/119 116/116/116 120/120/120
f 118/118/118 117/117/117 121/121/121
f 117/117/117 119/119/119 121/121/121
f 118/118/118 121/121/121 122/122/122
f 119/119/119 120/120/120 123/123/123
f 121/121/121 119/119/119 123/123/123
f 123/123/123 120/120/120 124/124/124
f 123/123/123 124/124/124 125/125/125
f 122/122/122 121/121/121 126/126/126
f 121/121/121 123/123/123 126/126/126
f 126/126/126 123/123/123 125/125/125
f 122/122/122 126/126/126 127/127/127
f 126/126/126 125/125/125 128/128/128
f 127/127/127 126/126/126 128/128/128
f 127/127/127 128/128/128 129/129/129
f 130/130/130 131/131/131 132/132/132
f 130/130/130 132/132/132 133/133/133
f 133/133/133 132/132/132 134/134/134
f 133/133/133 134/134/134 135/135/135
f 136/136/136 137/137/137 138/138/138
f 136/136/136 138/138/138 139/139/139
f 139/139/139 138/138/138 140/140/140
f 136/136/136 139/139/139 141/141/141
f 136/136/136 141/141/141 142/142/142
f 139/139/139 143/143/143 141/141/141
f 139/139/139 140/140/140 144/144/144
f 139/139/139 144/144/144 143/143/143
f 144/144/144 140/140/140 145/145/145
f 144/144/144 146/146/146 143/143/143
f 144/144/144 145/145/145 147/147/147
f 144/144/144 147/147/147 146/146/146
f 148/148/148 149/149/149 150/150/150
f 148/148/148 150/150/150 151/151/151
f 152/152/152 153/153/153 154/154/154
f 152/152/152 154/154/154 155/155/155
f 155/155/155 154/154/154 156/156/156
f 155/155/155 156/156/156 157/157/157
f 157/157/157 156/156/156 158/158/158
f 157/157/157 158/158/158 159/159/159
f 159/159/159 158/158/158 160/160/160
f 159/159/159 160/160/160 161/161/161
f 162/162/162 163/163/163 164/164/164
f 162/162/162 164/164/164 165/165/165
f 166/166/166 167/167/167 168/168/168
f 166/166/166 168/168/168 169/169/169
f 170/170/170 166/166/166 169/169/169
f 170/170/170 169/169/169 171/171/171
f 172/172/172 170/170/170 171/171/171
f 172/172/172 171/171/171 173/173/173
f 174/174/174 172/172/172 173/173/173
f 174/174/174 173/173/173 175/175/175
f 176/176/176 177/177/177 178/178/178
f 176/176/176 179/179/179 177/177/177
f 179/179/179 180/180/180 177/177/177
f 179/179/179 181/181/181 180/180/180
f 177/177/177 180/180/180 182/182/182
f 177/177/177 182/182/182 183/183/183
f 183/183/183 182/182/182 184/184/184
f 183/183/183 184/184/184 185/185/185
f 186/186/186 183/183/183 185/185/185
f 186/186/186 185/185/185 187/187/187
f 188/188/188 189/189/189 190/190/190
f 188/188/188 191/191/191 189/189/189
f 192/192/192 191/191/191 188/188/188
f 192/192/192 193/193/193 191/191/191
f 194/194/194 193/193/193 192/192/192
f 194/194/194 195/195/195 193/193/193
f 196/196/196 197/197/197 198/198/198
f 196/196/196 198/198/198 199/199/199
f 200/200/200 201/201/201 202/202/202
f 200/200/200 203/203/203 201/201/201
f 203/203/203 204/204/204 201/201/201
f 203/203/203 205/205/205 204/204/204
f 206/206/206 201/201/201 204/204/204
f 206/206/206 204/204/204 207/207/207
f 206/206/206 207/207/207 208/208/208
f 206/206/206 208/208/208 209/209/209
f 210/210/210 206/206/206 209/209/209
f 210/210/210 209/209/209 211/211/211
f 212/212/212 213/213/213 214/214/214
f 212/212/212 214/214/214 215/215/215
f 216/216/216 217/217/217 218/218/218
f 216/216/216 218/218/218 219/219/219
f 220/220/220 221/221/221 222/222/222
f 220/220/220 222/222/222 223/223/223
f 224/224/224 225/225/225 226/226/226
f 224/224/224 226/226/226 227/227/227
f 228/228/228 229/229/229 230/230/230
f 228/228/228 230/230/230 231/231/231
f 232/232/232 233/233/233 234/234/234
f 232/232/232 235/235/235 233/233/233
f 235/235/235 236/236/236 233/233/233
f 235/235/235 237/237/237 236/236/236
f 238/238/238 239/239/239 240/240/240
f 238/238/238 240/240/240 241/241/241
f 242/242/242 243/243/243 244/244/244
f 242/242/242 245/245/245 243/243/243
f 246/246/246 245/245/245 242/242/242
f 246/246/246 247/247/247 245/245/245
f 248/248/248 247/247/247 246/246/246
f 248/248/248 249/249/249 247/247/247
f 250/250/250 249/249/249 248/248/248
f 250/250/250 251/251/251 249/249/249
f 252/252/252 253/253/253 254/254/254
f 252/252/252 254/254/254 255/255/255
f 256/256/256 257/257/257 258/258/258
f 256/256/256 259/259/259 257/257/257
f 260/260/260 259/259/259 256/256/256
f 260/260/260 261/261/261 259/259/259
f 262/262/262 263/263/263 264/264/264
f 262/262/262 264/264/264 265/265/265
f 266/266/266 267/267/267 268/268/268
f 266/266/266 268/268/268 269/269/269
f 270/270/270 271/271/271 272/272/272
f 270/270/270 272/272/272 273/273/273
f 274/274/274 275/275/275 276/276/276
f 274/274/274 276/276/276 277/277/277
f 278/278/278 274/274/274 277/277/277
f 278/278/278 277/277/277 279/279/279
f 280/280/280 281/281/281 282/282/282
f 280/280/280 282/282/282 283/283/283
f 284/284/284 280/280/280 283/283/283
f 284/284/284 283/283/283 285/285/285
f 286/286/286 287/287/287 288/288/288
f 286/286/286 288/288/288 289/289/289
f 290/290/290 291/291/291 292/292/292
f 290/290/290 292/292/292 293/293/293
f 294/294/294 295/295/295 296/296/296
f 294/294/294 296/296/296 297/297/297
f 298/298/298 299/299/299 300/300/300
f 298/298/298 300/300/300 301/301/301
f 302/302/302 303/303/303 304/304/304
f 302/302/302 304/304/304 305/305/305
f 306/306/306 307/307/307 308/308/308
f 306/306/306 308/308/308 309/309/309
f 310/310/310 311/311/311 312/312/312
f 310/310/310 312/312/312 313/313/313
f 314/314/314 315/315/315 316/316/316
f 314/314/314 316/316/316 317/317/317
f 318/318/318 319/319/319 320/320/320
f 318/318/318 321/321/321 319/319/319
f 321/321/321 322/322/322 319/319/319
f 321/321/321 323/323/323 322/322/322
f 324/324/324 325/325/325 326/326/326
f 324/324/324 326/326/326 327/327/327
f 328/328/328 329/329/329 330/330/330
f 328/328/328 330/330/330 331/331/331
f 332/332/332 333/333/333 334/334/334
f 332/332/332 334/334/334 335/335/335
f 336/336/336 337/337/337 338/338/338
f 336/336/336 338/338/338 339/339/339
f 336/336/336 339/339/339 340/340/340
f 336/336/336 340/340/340 341/341/341
f 342/342/342 341/341/341 340/340/340
f 342/342/342 340/340/340 343/343/343
f 344/344/344 345/345/345 346/346/346
f 344/344/344 346/346/346 347/347/347
f 344/344/344 347/347/347 348/348/348
f 344/344/344 348/348/348 349/349/349
f 350/350/350 349/349/349 348/348/348
f 350/350/350 348/348/348 351/351/351
f 352/352/352 353/353/353 354/354/354
f 352/352/352 355/355/355 353/353/353
f 356/356/356 353/353/353 355/355/355
f 356/356/356 357/357/357 353/353/353
f 358/358/358 359/359/359 360/360/360
f 358/358/358 361/361/361 359/359/359
f 362/362/362 359/359/359 361/361/361
f 362/362/362 363/363/363 359/359/359
f 364/364/364 365/365/365 366/366/366
f 364/364/364 366/366/366 367/367/367
f 368/368/368 369/369/369 370/370/370
f 368/368/368 370/370/370 371/371/371
f 372/372/372 373/373/373 374/374/374
f 372/372/372 374/374/374 375/375/375
f 376/376/376 377/377/377 378/378/378
f 376/376/376 378/378/378 379/379/379
f 380/380/380 381/381/381 382/382/382
f 380/380/380 382/382/382 383/383/383
f 384/384/384 385/385/385 386/386/386
f 384/384/384 386/386/386 387/387/387
f 388/388/388 384/384/384 387/387/387
f 386/386/386 389/389/389 387/387/387
f 386/386/386 390/390/390 389/389/389
f 387/387/387 389/389/389 391/391/391
f 388/388/388 387/387/387 392/392/392
f 387/387/387 391/391/391 392/392/392
f 393/393/393 388/388/388 392/392/392
f 392/392/392 391/391/391 394/394/394
f 393/393/393 392/392/392 395/395/395
f 392/392/392 394/394/394 395/395/395
f 396/396/396 397/397/397 398/398/398
f 396/396/396 399/399/399 397/397/397
f 400/400/400 399/399/399 396/396/396
f 400/400/400 401/401/401 399/399/399
f 402/402/402 401/401/401 400/400/400
f 402/402/402 403/403/403 401/401/401
f 404/404/404 405/405/405 406/406/406
f 404/404/404 406/406/406 407/407/407
f 408/408/408 409/409/409 410/410/410
f 408/408/408 410/410/410 411/411/411
f 412/412/412 413/413/413 414/414/414
f 412/412/412 414/414/414 415/415/415
f 416/416/416 417/417/417 418/418/418
f 416/416/416 418/418/418 419/419/419
f 420/420/420 421/421/421 422/422/422
f 420/420/420 422/422/422 423/423/423
f 424/424/424 425/425/425 426/426/426
f 424/424/424 426/426/426 427/427/427
f 428/428/428 429/429/429 430/430/430
f 428/428/428 430/430/430 431/431/431
f 432/432/432 433/433/433 434/434/434
f 432/432/432 434/434/434 435/435/435
f 436/436/436 437/437/437 438/438/438
f 436/436/436 438/438/438 439/439/439
f 440/440/440 441/441/441 442/442/442
f 440/440/440 443/443/443 441/441/441
f 444/444/444 443/443/443 440/440/440
f 444/444/444 445/445/445 443/443/443
f 446/446/446 445/445/445 444/444/444
f 446/446/446 447/447/447 445/445/445
f 448/448/448 449/449/449 450/450/450
f 448/448/448 450/450/450 451/451/451
f 452/452/452 453/453/453 454/454/454
f 452/452/452 455/455/455 453/453/453
f 456/456/456 455/455/455 452/452/452
f 456/456/456 457/457/457 455/455/455
f 458/458/458 457/457/457 456/456/456
f 458/458/458 459/459/459 457/457/457
f 460/460/460 461/461/461 462/462/462
f 460/460/460 462/462/462 463/463/463
f 464/464/464 460/460/460 463/463/463
f 464/464/464 463/463/463 465/465/465
f 466/466/466 464/464/464 465/465/465
f 466/466/466 465/465/465 467/467/467
f 468/468/468 469/469/469 470/470/470
f 468/468/468 470/470/470 471/471/471
f 472/472/472 468/468/468 471/471/471
f 472/472/472 471/471/471 473/473/473
f 474/474/474 472/472/472 473/473/473
f 474/474/474 473/473/473 475/475/475
f 476/476/476 477/477/477 478/478/478
f 476/476/476 478/478/478 479/479/479
f 480/480/480 481/481/481 482/482/482
f 480/480/480 483/483/483 481/481/481
f 484/484/484 483/483/483 480/480/480
f 484/484/484 485/485/485 483/483/483
f 486/486/486 485/485/485 484/484/484
f 486/486/486 487/487/487 485/485/485
f 488/488/488 489/489/489 490/490/490
f 488/488/488 490/490/490 491/491/491
f 492/492/492 493/493/493 494/494/494
f 492/492/492 495/495/495 493/493/493
f 496/496/496 495/495/495 492/492/492
f 496/496/496 497/497/497 495/495/495
f 498/498/498 497/497/497 496/496/496
f 498/498/498 499/499/499 497/497/497
f 500/500/500 501/501/501 502/502/502
f 500/500/500 502/502/502 503/503/503
f 504/504/504 500/500/500 503/503/503
f 504/504/504 503/503/503 505/505/505
f 506/506/506 504/504/504 505/505/505
f 506/506/506 505/505/505 507/507/507
f 508/508/508 509/509/509 510/510/510
f 508/508/508 510/510/510 511/511/511
f 512/512/512 508/508/508 511/511/511
f 512/512/512 511/511/511 513/513/513
f 514/514/514 512/512/512 513/513/513
f 514/514/514 513/513/513 515/515/515
