g Model_0
v 0.950000 2.982584 -2.225001
v 0.950000 3.282584 -2.225001
v 0.950000 3.282585 -2.575000
v 1.400000 2.982585 -2.575000
v 1.400000 3.282585 -2.575000
v 1.400000 3.282584 -2.225001
v -1.400000 2.982584 -2.225001
v -1.400000 3.282584 -2.225001
v -1.400000 3.282585 -2.575000
v 1.400000 3.282585 -2.575000
v 0.950000 3.282585 -2.575000
v 0.950000 3.282584 -2.225001
v 0.950000 3.282584 -2.225001
v 1.400000 3.282584 -2.225001
v 0.950000 2.982585 -2.575000
v 1.400000 2.982585 -2.575000
v 1.400000 2.982584 -2.225001
v 1.400000 2.982584 -2.225001
v 0.950000 2.982584 -2.225001
v -0.950000 2.982585 -2.575000
v -0.950000 3.282585 -2.575000
v -0.950000 3.282584 -2.225001
v -0.950000 3.282585 -2.575000
v -1.400000 3.282585 -2.575000
v -1.400000 3.282584 -2.225001
v -1.400000 3.282584 -2.225001
v -0.950000 3.282584 -2.225001
v -1.400000 2.982585 -2.575000
v -0.950000 2.982585 -2.575000
v -0.950000 2.982584 -2.225001
v -0.950000 2.982584 -2.225001
v -1.400000 2.982584 -2.225001
v 0.389790 0.532582 1.284630
v 0.610210 0.532582 1.284630
v 0.610210 3.132582 1.284631
v 1.250000 1.782583 -0.750001
v 1.250000 1.032583 -0.625002
v 1.000000 1.032583 -0.625002
v -1.500000 3.782584 -2.500000
v -1.500000 2.657584 -1.875001
v -1.500000 3.782583 -0.750000
v -1.500000 3.032583 -0.750000
v -1.500000 2.657584 -1.375001
v -1.250000 3.032583 -0.750000
v 0.979613 2.974470 -0.625000
v 1.338379 3.840607 -0.625000
v 1.338379 2.974470 -0.625000
v 1.338379 3.840607 -0.625000
v 1.592064 3.228155 -0.625000
v 1.592064 3.228155 -0.625000
v 1.592064 3.586921 -0.625000
v 1.338379 3.840607 -0.625000
v 0.725928 3.586921 -0.625000
v 0.979613 3.840607 -0.625000
v 1.000000 3.782583 -0.750000
v 1.000000 3.032582 1.000000
v 1.000000 3.032583 -0.750000
v -0.610210 0.532582 1.284630
v -0.389790 3.132582 1.284631
v -0.610210 3.132582 1.284631
v -1.500000 2.657584 -1.875001
v -1.500000 3.782584 -2.500000
v -1.500000 3.032584 -2.500000
v -1.500000 2.657584 -1.375001
v -1.500000 3.782583 -0.750000
v -1.500000 3.032583 -0.750000
v -1.250000 3.032583 -0.750000
v -1.500000 3.782583 -0.750000
v -1.500000 3.032583 -0.750000
v 1.250000 0.845084 -0.875002
v -1.250000 0.782583 -0.625002
v -1.250000 0.845084 -0.875002
v 1.250000 1.032583 0.749998
v 1.000000 1.782583 0.749999
v 1.250000 1.782583 0.749999
v -0.500000 0.532582 0.945439
v -0.678323 0.532582 1.074998
v -0.678323 3.132582 1.075000
v -0.500000 0.532582 0.945439
v -0.500000 3.132582 0.945440
v -0.295399 0.572078 -0.375002
v -0.040668 0.543774 0.449039
v -0.323703 0.543774 0.449039
v -0.068971 0.572078 -0.375002
v -0.040668 0.543774 0.449039
v 1.500000 3.782583 -0.750000
v 1.500000 3.782584 -2.500000
v 1.000000 3.782583 -0.750000
v -1.500000 2.657584 -1.875001
v -1.500000 3.032584 -2.500000
v -1.000000 3.032584 -2.500000
v -1.500000 2.657584 -1.875001
v -1.000000 2.657584 -1.875001
v -1.500000 2.657584 -1.375001
v -1.500000 2.657584 -1.875001
v -1.000000 2.657584 -1.375001
v -1.250000 3.032583 -0.750000
v -1.000000 3.032580 4.500000
v 1.000000 3.032580 4.500000
v 1.000000 3.782580 4.500000
v -0.678323 0.532582 1.074998
v -0.610210 3.132582 1.284631
v -0.678323 3.132582 1.075000
v -0.610210 0.532582 1.284630
v -0.610210 3.132582 1.284631
v -1.000000 1.782583 -0.500001
v -1.000000 1.032583 -0.625002
v -1.000000 1.782583 -0.750001
v -1.000000 1.782583 -0.500001
v -1.000000 1.782583 -0.750001
v 1.000000 1.782583 -0.750001
v -1.250000 0.782583 -0.625002
v 1.250000 0.782582 0.999998
v -1.250000 0.782582 0.999998
v -0.610210 0.532582 1.284630
v -0.678323 0.241612 1.216968
v -0.610210 0.389844 1.365200
v -1.000000 2.782583 -0.500001
v 1.000000 1.782583 -0.500001
v 1.000000 2.782583 -0.500001
v -1.000000 2.782583 -0.500001
v -1.000000 1.782583 -0.500001
v 1.000000 1.782583 -0.750001
v -1.000000 2.157584 -2.500001
v 1.000000 2.157584 -2.500001
v -1.000000 1.782583 -0.500001
v 1.000000 1.782583 -0.500001
v -1.000000 2.157584 -2.500001
v -1.000000 1.782583 -0.750001
v 1.500000 3.782584 -2.500000
v 1.500000 2.657584 -1.875001
v 1.500000 3.032584 -2.500000
v 1.500000 3.782583 -0.750000
v 1.500000 2.657584 -1.875001
v 1.500000 2.657584 -1.375001
v 1.500000 3.032583 -0.750000
v 1.000000 1.782583 -0.500001
v 1.000000 1.782583 -0.750001
v 1.000000 1.032583 -0.625002
v 1.500000 3.032584 -2.500000
v 1.000000 2.657584 -1.875001
v 1.000000 3.032584 -2.500000
v 1.500000 3.032584 -2.500000
v 1.500000 2.657584 -1.875001
v 1.000000 2.657584 -1.375001
v 1.500000 2.657584 -1.375001
v 1.250000 3.032583 -0.750000
v 1.500000 3.032583 -0.750000
v 1.000000 3.032583 -0.750000
v 1.250000 3.032583 -0.750000
v 1.000000 3.032582 1.000000
v 1.250000 3.032582 1.000000
v 0.500000 0.532582 0.945439
v 0.321677 0.532582 1.074998
v 0.321677 3.132582 1.075000
v 0.500000 0.532582 0.945439
v 0.500000 3.132582 0.945440
v -1.000000 3.782583 -0.750000
v -1.250000 3.032583 -0.750000
v -1.000000 3.032583 -0.750000
v -1.250000 3.032582 1.000000
v -1.000000 3.032582 1.000000
v -1.000000 3.032583 -0.750000
v 1.250000 1.032583 -0.375002
v 1.250000 1.782583 -0.500001
v 1.000000 1.782583 -0.500001
v -1.000000 3.032584 -2.500000
v 1.000000 2.157584 -2.500001
v -1.000000 2.157584 -2.500001
v 0.321677 0.532582 1.074998
v 0.389790 3.132582 1.284631
v 0.321677 3.132582 1.075000
v 0.389790 0.532582 1.284630
v 0.389790 3.132582 1.284631
v -1.250000 1.782583 -0.500001
v -1.000000 1.032583 -0.375002
v -1.000000 1.782583 -0.500001
v 1.250000 1.032583 -0.625002
v 1.250000 0.845084 -0.875002
v 1.250000 0.970084 -0.875002
v 1.250000 1.032583 0.749998
v 1.250000 0.782583 -0.625002
v 1.250000 1.032583 -0.375002
v 1.250000 0.845084 -0.875002
v 1.250000 1.032583 -0.625002
v 1.250000 1.032583 -0.375002
v 1.250000 1.782583 -0.500001
v 1.250000 1.782583 -0.750001
v 1.250000 3.032583 -0.750000
v 1.000000 2.157584 -2.500001
v 1.000000 3.032584 -2.500000
v 1.250000 3.032582 1.000000
v 1.250000 1.782583 -0.500001
v -1.250000 1.782582 0.999999
v -1.250000 3.032582 1.000000
v -1.250000 1.782583 0.749999
v -1.250000 1.032583 0.749998
v -1.250000 1.782583 0.749999
v -1.338379 2.974469 0.848000
v -1.592064 3.586920 0.848000
v -1.592064 3.228154 0.848000
v -0.725928 3.228155 0.848000
v -0.979613 2.974469 0.848000
v -0.979613 3.840606 0.848000
v -1.592064 3.586920 0.848000
v -0.725928 3.586920 0.848000
v -1.592064 3.586920 0.848000
v -1.338379 3.840606 0.848000
v 0.321677 0.532582 1.074998
v 0.500000 0.532582 0.945439
v 0.500000 0.150000 1.125356
v -1.000000 1.782583 -0.500001
v -1.000000 1.032583 -0.375002
v -1.000000 1.032583 -0.625002
v -0.389790 0.532582 1.284630
v -0.389790 0.389844 1.365200
v -0.321677 0.241612 1.216968
v -0.321677 0.532582 1.074998
v -0.321677 3.132582 1.075000
v -0.389790 3.132582 1.284631
v -0.610210 0.532582 1.284630
v -0.678323 0.532582 1.074998
v -0.678323 0.241612 1.216968
v 0.610210 0.532582 1.284630
v 0.610210 0.389844 1.365200
v 0.678323 0.241612 1.216968
v 0.678323 0.532582 1.074998
v 0.678323 3.132582 1.075000
v 0.610210 3.132582 1.284631
v 0.389790 0.532582 1.284630
v 0.321677 0.532582 1.074998
v 0.321677 0.241612 1.216968
v -0.678323 0.532582 1.074998
v -0.500000 0.532582 0.945439
v -0.500000 0.150000 1.125356
v 1.250000 1.032583 -0.375002
v 1.000000 1.782583 -0.500001
v 1.000000 1.032583 -0.375002
v 1.250000 0.845084 -0.875002
v 1.250000 0.782583 -0.625002
v -1.250000 0.782583 -0.625002
v -0.610210 0.532582 1.284630
v -0.389790 0.532582 1.284630
v -0.389790 3.132582 1.284631
v -1.250000 3.032583 -0.750000
v -1.000000 2.657584 -1.375001
v -1.000000 3.032583 -0.750000
v -1.250000 1.782583 -0.500001
v -1.250000 1.032583 -0.375002
v -1.000000 1.032583 -0.375002
v 1.250000 3.032583 -0.750000
v 1.000000 3.032583 -0.750000
v 1.000000 3.032582 1.000000
v 1.250000 1.032583 0.749998
v 1.250000 0.782582 0.999998
v 1.250000 0.782583 -0.625002
v 0.389790 0.532582 1.284630
v 0.321677 0.241612 1.216968
v 0.389790 0.389844 1.365200
v -1.000000 2.157584 -2.500001
v -1.000000 1.782583 -0.750001
v -1.250000 1.782583 -0.750001
v 1.250000 1.782583 -0.750001
v 1.000000 1.782583 -0.750001
v 1.000000 2.157584 -2.500001
v -1.000000 3.032584 -2.500000
v 1.000000 3.032584 -2.500000
v 1.000000 2.157584 -2.500001
v 1.500000 3.032584 -2.500000
v 1.500000 3.782584 -2.500000
v -1.500000 3.782584 -2.500000
v 1.500000 3.782584 -2.500000
v -1.000000 3.032584 -2.500000
v -1.500000 3.032584 -2.500000
v -1.250000 0.782583 -0.625002
v 1.250000 0.782583 -0.625002
v 1.250000 0.782582 0.999998
v -1.250000 0.782582 0.999998
v 1.250000 0.782582 0.999998
v -1.250000 1.782582 0.999999
v -1.000000 3.032582 1.000000
v 1.000000 3.032582 1.000000
v 1.250000 0.782582 0.999998
v 1.250000 3.032582 1.000000
v 1.000000 3.032582 1.000000
v -0.389790 0.532582 1.284630
v -0.321677 0.241612 1.216968
v -0.321677 0.532582 1.074998
v -0.678323 0.532582 1.074998
v -0.500000 0.150000 1.125356
v -0.678323 0.241612 1.216968
v 0.610210 0.532582 1.284630
v 0.678323 0.241612 1.216968
v 0.678323 0.532582 1.074998
v -1.338379 3.840607 -0.625000
v -1.592064 3.228155 -0.625000
v -1.592064 3.586921 -0.625000
v -0.979613 2.974470 -0.625000
v -0.979613 3.840607 -0.625000
v -0.979613 2.974470 -0.625000
v -1.338379 2.974470 -0.625000
v -1.592064 3.228155 -0.625000
v -0.725928 3.586921 -0.625000
v -0.979613 2.974470 -0.625000
v -0.725928 3.228155 -0.625000
v 1.250000 0.970084 -0.875002
v 1.000000 1.032583 -0.625002
v 1.250000 1.032583 -0.625002
v -1.000000 1.032583 -0.625002
v 1.000000 1.032583 -0.625002
v -1.000000 3.782583 -0.750000
v 1.000000 3.782583 -0.750000
v -1.500000 3.782584 -2.500000
v -1.000000 1.782583 0.749999
v -1.250000 1.032583 0.749998
v -1.250000 1.782583 0.749999
v 0.389790 0.532582 1.284630
v 0.610210 3.132582 1.284631
v 0.389790 3.132582 1.284631
v -1.000000 3.032580 4.500000
v 1.000000 3.782580 4.500000
v -1.000000 3.782580 4.500000
v 1.500000 3.032583 -0.750000
v 1.500000 3.782583 -0.750000
v 1.250000 3.032583 -0.750000
v 1.000000 3.782583 -0.750000
v 1.250000 3.032583 -0.750000
v 1.000000 3.032583 -0.750000
v 1.250000 3.032583 -0.750000
v 1.000000 1.782583 -0.500001
v 1.000000 1.032583 -0.625002
v 1.000000 1.032583 -0.375002
v -1.500000 3.782584 -2.500000
v 1.000000 3.782583 -0.750000
v 1.500000 3.782584 -2.500000
v -1.338379 2.974469 0.848000
v -1.338379 2.974470 -0.625000
v -0.979613 2.974470 -0.625000
v -1.338379 2.974469 0.848000
v -0.979613 2.974469 0.848000
v -1.592064 3.228154 0.848000
v -1.338379 2.974470 -0.625000
v -1.592064 3.228155 -0.625000
v -1.592064 3.586920 0.848000
v -1.592064 3.586921 -0.625000
v -1.338379 3.840606 0.848000
v -1.592064 3.586920 0.848000
v -1.338379 3.840607 -0.625000
v -0.979613 3.840606 0.848000
v -1.338379 3.840606 0.848000
v -0.979613 3.840607 -0.625000
v -0.725928 3.586920 0.848000
v -0.725928 3.586921 -0.625000
v -1.500000 3.782583 -0.750000
v -1.250000 3.032583 -0.750000
v -1.000000 3.782583 -0.750000
v 1.250000 1.782583 -0.750001
v 1.000000 1.032583 -0.625002
v 1.000000 1.782583 -0.750001
v -1.000000 3.782583 -0.750000
v -1.500000 3.782584 -2.500000
v -1.500000 3.782583 -0.750000
v -1.250000 1.032583 0.749998
v -1.250000 0.782582 0.999998
v -1.250000 1.782582 0.999999
v -1.250000 3.032582 1.000000
v -1.000000 3.032583 -0.750000
v -1.250000 3.032583 -0.750000
v -1.250000 1.782582 0.999999
v -1.000000 3.032582 1.000000
v -1.250000 3.032582 1.000000
v 0.321677 0.532582 1.074998
v 0.500000 0.150000 1.125356
v 0.321677 0.241612 1.216968
v -1.250000 1.032583 -0.625002
v -1.250000 1.782583 -0.500001
v -1.250000 1.782583 -0.750001
v -1.000000 2.157584 -2.500001
v -1.250000 3.032583 -0.750000
v -1.000000 3.032584 -2.500000
v 1.250000 3.032582 1.000000
v 1.250000 1.782583 0.749999
v 1.250000 1.782583 -0.500001
v -1.250000 1.032583 0.749998
v -1.000000 1.032583 -0.375002
v -1.250000 1.032583 -0.375002
v 0.950000 2.982584 -2.225001
v 0.950000 3.282585 -2.575000
v 0.950000 2.982585 -2.575000
v 1.400000 2.982585 -2.575000
v 1.400000 3.282584 -2.225001
v 1.400000 2.982584 -2.225001
v -1.400000 2.982584 -2.225001
v -1.400000 3.282585 -2.575000
v -1.400000 2.982585 -2.575000
v -0.950000 2.982585 -2.575000
v -0.950000 3.282584 -2.225001
v -0.950000 2.982584 -2.225001
v 0.950000 2.982585 -2.575000
v 0.950000 3.282585 -2.575000
v 1.400000 3.282585 -2.575000
v 1.400000 2.982585 -2.575000
v -1.400000 2.982585 -2.575000
v -1.400000 3.282585 -2.575000
v -0.950000 3.282585 -2.575000
v -0.950000 2.982585 -2.575000
v 0.750000 2.707585 -2.575000
v 0.750000 2.607585 -2.575000
v 0.750000 2.607585 -2.375000
v 0.750000 2.707585 -2.375000
v 0.850000 3.407585 -2.375000
v 0.850000 3.407585 -2.575000
v -0.850000 3.407585 -2.575000
v -0.850000 3.407585 -2.375000
v -0.750000 2.707585 -2.575000
v -0.850000 2.707585 -2.575000
v -0.850000 2.707585 -2.375000
v -0.750000 2.707585 -2.375000
v 0.610210 0.389844 1.365200
v 0.389790 0.532582 1.284630
v 0.389790 0.389844 1.365200
v 0.610210 0.532582 1.284630
v -1.000000 3.782583 -0.750000
v -1.000000 3.782580 4.500000
v 1.000000 3.782580 4.500000
v 1.000000 3.782583 -0.750000
v -1.000000 3.032580 4.500000
v -1.000000 3.032582 1.000000
v 1.000000 3.032582 1.000000
v 1.000000 3.032580 4.500000
v 0.850000 2.907585 -2.575000
v 0.750000 2.807585 -2.575000
v 0.750000 2.907585 -2.575000
v 0.850000 2.707585 -2.575000
v 0.750000 2.707585 -2.575000
v -0.750000 2.807585 -2.575000
v -0.750000 2.707585 -2.575000
v -0.850000 2.707585 -2.575000
v -0.850000 2.907585 -2.575000
v -0.750000 2.907585 -2.575000
v -1.250000 0.970084 -0.875002
v 1.250000 0.970084 -0.875002
v 1.250000 0.845084 -0.875002
v -1.250000 0.845084 -0.875002
v -1.000000 2.157584 -2.500001
v -1.250000 1.782583 -0.750001
v -1.250000 3.032583 -0.750000
v -1.250000 1.782583 -0.500001
v -1.250000 1.782583 0.749999
v -1.250000 3.032582 1.000000
v 1.000000 1.782583 0.749999
v 1.000000 1.782583 -0.500001
v 1.250000 1.782583 -0.500001
v 1.250000 1.782583 0.749999
v -0.750000 2.807585 -2.375000
v 0.750000 2.807585 -2.375000
v 0.750000 2.807585 -2.575000
v -0.750000 2.807585 -2.575000
v -0.295399 0.798506 -0.375001
v -0.295399 0.572078 -0.375002
v -0.323703 0.543774 0.449039
v -0.323703 0.826809 0.449039
v 0.750000 2.607585 -2.575000
v -0.750000 2.607585 -2.575000
v -0.750000 2.607585 -2.375000
v 0.750000 2.607585 -2.375000
v 0.750000 2.407585 -2.575001
v -0.750000 2.407585 -2.575001
v -0.750000 2.407585 -2.375000
v 0.750000 2.407585 -2.375000
v -0.750000 2.907585 -2.575000
v 0.750000 2.907585 -2.575000
v 0.750000 2.907585 -2.375000
v -0.750000 2.907585 -2.375000
v -0.389790 0.389844 1.365200
v -0.389790 0.532582 1.284630
v -0.610210 0.532582 1.284630
v -0.610210 0.389844 1.365200
v 0.321677 0.241612 1.216968
v 0.610210 0.389844 1.365200
v 0.389790 0.389844 1.365200
v 0.500000 0.150000 1.125356
v 0.678323 0.241612 1.216968
v 0.295400 0.798505 0.449039
v 0.068972 0.798505 0.449040
v 0.068972 0.572077 0.449040
v 0.295400 0.572077 0.449039
v 1.000000 1.032583 -0.375002
v 1.250000 1.032583 0.749998
v 1.250000 1.032583 -0.375002
v -1.250000 1.032583 0.749998
v -1.000000 1.032583 -0.375002
v -1.250000 1.032583 0.749998
v 1.000000 1.032583 -0.625002
v -1.000000 1.032583 -0.625002
v -1.250000 1.032583 -0.625002
v -1.250000 0.970084 -0.875002
v 1.250000 0.970084 -0.875002
v -1.000000 2.782583 0.749999
v -1.000000 2.782583 -0.500001
v 1.000000 2.782583 -0.500001
v 1.000000 2.782583 0.749999
v 0.750000 3.107585 -2.575000
v 0.750000 3.007585 -2.575000
v 0.750000 3.007585 -2.375000
v 0.750000 3.107585 -2.375000
v -0.750000 3.307585 -2.575000
v 0.750000 3.307585 -2.575000
v 0.750000 3.307585 -2.375000
v -0.750000 3.307585 -2.375000
v 0.850000 2.307585 -2.575001
v -0.850000 2.307585 -2.575001
v -0.750000 2.407585 -2.575001
v 0.750000 2.407585 -2.575001
v 0.850000 2.507585 -2.575000
v 0.750000 2.507585 -2.575000
v -0.750000 2.507585 -2.575000
v -0.850000 2.507585 -2.575000
v -0.850000 2.307585 -2.575001
v -0.321677 0.532582 1.074998
v -0.500000 0.532582 0.945439
v -0.500000 3.132582 0.945440
v -0.321677 3.132582 1.075000
v -0.850000 2.707585 -2.375000
v -0.850000 2.707585 -2.575000
v -0.850000 2.507585 -2.575000
v -0.850000 2.507585 -2.375000
v 0.750000 3.307585 -2.575000
v 0.750000 3.207585 -2.375000
v 0.750000 3.307585 -2.375000
v 0.750000 3.207585 -2.575000
v -0.850000 3.307585 -2.375000
v -0.750000 3.307585 -2.575000
v -0.850000 3.307585 -2.575000
v -0.750000 3.307585 -2.375000
v 1.000000 2.782583 -0.500001
v 1.000000 1.782583 -0.500001
v 1.000000 1.782583 0.749999
v 1.000000 2.782583 0.749999
v -1.000000 3.032583 -0.750000
v -1.000000 3.032582 1.000000
v -1.000000 3.782583 -0.750000
v -1.000000 3.782580 4.500000
v -1.000000 3.032580 4.500000
v 1.338379 2.974470 -0.625000
v 1.592064 3.228154 0.848000
v 1.338379 2.974469 0.848000
v 0.979613 2.974469 0.848000
v 0.979613 2.974470 -0.625000
v 1.338379 2.974469 0.848000
v 1.338379 2.974470 -0.625000
v 1.592064 3.228155 -0.625000
v 1.592064 3.586920 0.848000
v 1.592064 3.228155 -0.625000
v 1.592064 3.586921 -0.625000
v 1.338379 3.840606 0.848000
v 1.338379 3.840607 -0.625000
v 0.979613 3.840606 0.848000
v 1.338379 3.840607 -0.625000
v 0.979613 3.840607 -0.625000
v 0.725928 3.586920 0.848000
v 0.725928 3.586921 -0.625000
v 1.000000 3.782583 -0.750000
v 1.000000 3.782580 4.500000
v 1.000000 3.032582 1.000000
v 1.000000 3.032580 4.500000
v 0.850000 3.307585 -2.375000
v 0.850000 3.307585 -2.575000
v 0.750000 3.307585 -2.575000
v 0.750000 3.307585 -2.375000
v 0.725928 3.586921 -0.625000
v 0.979613 2.974470 -0.625000
v 0.725928 3.228155 -0.625000
v 1.338379 3.840607 -0.625000
v -0.750000 2.607585 -2.575000
v -0.850000 2.707585 -2.575000
v -0.750000 2.707585 -2.575000
v -0.850000 2.507585 -2.575000
v -0.750000 2.507585 -2.575000
v 0.750000 2.507585 -2.575000
v 0.750000 2.607585 -2.575000
v 0.850000 2.507585 -2.575000
v 0.850000 2.707585 -2.575000
v 0.750000 2.707585 -2.575000
v -0.750000 2.907585 -2.375000
v -0.750000 2.807585 -2.375000
v -0.750000 2.807585 -2.575000
v -0.750000 2.907585 -2.575000
v -0.750000 3.207585 -2.375000
v 0.750000 3.207585 -2.575000
v -0.750000 3.207585 -2.575000
v 0.750000 3.207585 -2.375000
v 0.323703 0.826809 -0.375002
v 0.295400 0.798505 0.449039
v 0.295400 0.572077 0.449039
v 0.323703 0.543774 -0.375002
v 0.850000 2.907585 -2.575000
v 0.850000 3.107585 -2.575000
v 0.850000 3.107585 -2.375000
v 0.850000 2.907585 -2.375000
v -1.000000 1.782583 -0.750001
v -1.250000 1.032583 -0.625002
v -1.250000 1.782583 -0.750001
v -1.000000 1.032583 -0.625002
v 0.850000 2.907585 -2.375000
v 0.850000 2.707585 -2.375000
v 0.850000 2.707585 -2.575000
v 0.850000 2.907585 -2.575000
v 0.850000 3.307585 -2.375000
v 0.850000 3.307585 -2.575000
v 0.850000 3.407585 -2.575000
v 0.850000 3.407585 -2.375000
v 0.040667 0.826809 -0.375001
v 0.323703 0.826809 -0.375002
v 0.323703 0.543774 -0.375002
v 0.040667 0.543774 -0.375001
v -0.321677 0.532582 1.074998
v -0.500000 0.150000 1.125356
v -0.500000 0.532582 0.945439
v -0.321677 0.241612 1.216968
v 0.750000 2.807585 -2.375000
v 0.750000 2.907585 -2.375000
v 0.750000 2.907585 -2.575000
v 0.750000 2.807585 -2.575000
v -0.750000 2.707585 -2.575000
v 0.750000 2.707585 -2.375000
v -0.750000 2.707585 -2.375000
v 0.750000 2.707585 -2.575000
v 0.850000 3.107585 -2.375000
v 0.750000 3.107585 -2.575000
v 0.750000 3.107585 -2.375000
v 0.850000 3.107585 -2.575000
v 0.068972 0.798505 0.449040
v 0.040667 0.826809 -0.375001
v 0.040667 0.543774 -0.375001
v 0.068972 0.572077 0.449040
v -0.850000 2.907585 -2.375000
v -0.850000 3.107585 -2.575000
v -0.850000 2.907585 -2.575000
v -0.850000 3.107585 -2.375000
v -0.750000 3.007585 -2.375000
v 0.750000 3.007585 -2.575000
v -0.750000 3.007585 -2.575000
v 0.750000 3.007585 -2.375000
v -0.850000 2.907585 -2.375000
v -0.750000 2.907585 -2.575000
v -0.850000 2.907585 -2.575000
v -0.750000 2.907585 -2.375000
v -0.068971 0.798506 -0.375001
v -0.295399 0.572078 -0.375002
v -0.295399 0.798506 -0.375001
v -0.068971 0.572078 -0.375002
v 0.750000 2.507585 -2.375000
v -0.750000 2.507585 -2.575000
v 0.750000 2.507585 -2.575000
v -0.750000 2.507585 -2.375000
v -0.850000 3.107585 -2.375000
v -0.750000 3.107585 -2.575000
v -0.850000 3.107585 -2.575000
v -0.750000 3.107585 -2.375000
v 0.850000 3.307585 -2.575000
v 0.750000 3.207585 -2.575000
v 0.750000 3.307585 -2.575000
v 0.850000 3.107585 -2.575000
v 0.750000 3.107585 -2.575000
v -0.750000 3.107585 -2.575000
v -0.750000 3.207585 -2.575000
v -0.850000 3.107585 -2.575000
v -0.850000 3.307585 -2.575000
v -0.750000 3.307585 -2.575000
v -0.750000 3.107585 -2.375000
v -0.750000 3.007585 -2.575000
v -0.750000 3.107585 -2.575000
v -0.750000 3.007585 -2.375000
v 0.678323 0.532582 1.074998
v 0.500000 3.132582 0.945440
v 0.678323 3.132582 1.075000
v 0.500000 0.532582 0.945439
v 0.850000 2.707585 -2.575000
v 0.850000 2.507585 -2.375000
v 0.850000 2.507585 -2.575000
v 0.850000 2.707585 -2.375000
v -0.323703 0.826809 0.449039
v -0.323703 0.543774 0.449039
v -0.040668 0.543774 0.449039
v -0.040668 0.826809 0.449039
v -0.850000 2.307584 -2.375000
v 0.850000 2.307585 -2.575001
v 0.850000 2.307584 -2.375000
v -0.850000 2.307585 -2.575001
v -0.750000 2.407585 -2.575001
v -0.750000 2.507585 -2.375000
v -0.750000 2.407585 -2.375000
v -0.750000 2.507585 -2.575000
v 0.850000 2.907585 -2.375000
v 0.750000 2.907585 -2.575000
v 0.750000 2.907585 -2.375000
v 0.850000 2.907585 -2.575000
v -0.850000 2.707585 -2.375000
v -0.850000 2.907585 -2.375000
v -0.850000 2.907585 -2.575000
v -0.850000 2.707585 -2.575000
v -0.040668 0.826809 0.449039
v -0.040668 0.543774 0.449039
v -0.068971 0.572078 -0.375002
v -0.068971 0.798506 -0.375001
v 0.678323 0.532582 1.074998
v 0.500000 0.150000 1.125356
v 0.500000 0.532582 0.945439
v 0.678323 0.241612 1.216968
v 0.850000 2.307584 -2.375000
v 0.850000 2.307585 -2.575001
v 0.850000 2.507585 -2.575000
v 0.850000 2.507585 -2.375000
v 0.040667 0.543774 -0.375001
v 0.323703 0.543774 -0.375002
v 0.295400 0.572077 0.449039
v 0.068972 0.572077 0.449040
v -1.000000 1.782583 0.749999
v 1.250000 1.032583 0.749998
v -1.250000 1.032583 0.749998
v 1.000000 1.782583 0.749999
v -1.000000 2.782583 0.749999
v 1.000000 2.782583 0.749999
v 0.750000 2.507585 -2.575000
v 0.850000 2.507585 -2.375000
v 0.850000 2.507585 -2.575000
v 0.750000 2.507585 -2.375000
v 0.850000 3.107585 -2.575000
v 0.750000 3.007585 -2.575000
v 0.750000 3.107585 -2.575000
v 0.850000 2.907585 -2.575000
v 0.750000 2.907585 -2.575000
v -0.750000 3.007585 -2.575000
v -0.750000 2.907585 -2.575000
v -0.850000 2.907585 -2.575000
v -0.850000 3.107585 -2.575000
v -0.750000 3.107585 -2.575000
v -0.750000 2.507585 -2.575000
v -0.850000 2.507585 -2.575000
v -0.850000 2.507585 -2.375000
v -0.750000 2.507585 -2.375000
v -0.750000 3.307585 -2.375000
v -0.750000 3.207585 -2.375000
v -0.750000 3.207585 -2.575000
v -0.750000 3.307585 -2.575000
v -1.000000 1.782583 -0.500001
v -1.250000 1.782583 0.749999
v -1.250000 1.782583 -0.500001
v -1.000000 1.782583 0.749999
v 1.250000 1.782583 0.749999
v 1.250000 0.782582 0.999998
v 1.250000 1.032583 0.749998
v 1.250000 3.032582 1.000000
v -0.850000 3.107585 -2.375000
v -0.850000 3.307585 -2.575000
v -0.850000 3.107585 -2.575000
v -0.850000 3.307585 -2.375000
v -0.850000 3.307585 -2.575000
v -0.850000 3.307585 -2.375000
v -0.850000 3.407585 -2.375000
v -0.850000 3.407585 -2.575000
v 0.750000 2.407585 -2.375000
v 0.750000 2.507585 -2.375000
v 0.750000 2.507585 -2.575000
v 0.750000 2.407585 -2.575001
v 0.750000 2.707585 -2.575000
v 0.750000 2.707585 -2.375000
v 0.850000 2.707585 -2.375000
v 0.850000 2.707585 -2.575000
v -0.850000 2.307585 -2.575001
v -0.850000 2.307584 -2.375000
v -0.850000 2.507585 -2.375000
v -0.850000 2.507585 -2.575000
v -0.750000 2.607585 -2.575000
v -0.750000 2.707585 -2.575000
v -0.750000 2.707585 -2.375000
v -0.750000 2.607585 -2.375000
v -0.750000 3.107585 -2.575000
v 0.750000 3.107585 -2.575000
v 0.750000 3.107585 -2.375000
v -0.750000 3.107585 -2.375000
v -1.250000 1.782583 -0.500001
v -1.250000 1.032583 -0.625002
v -1.250000 1.032583 -0.375002
v -1.250000 0.782583 -0.625002
v -1.250000 1.032583 0.749998
v -1.250000 0.782582 0.999998
v -1.250000 0.845084 -0.875002
v -1.250000 0.970084 -0.875002
v 1.592064 3.586920 0.848000
v 1.338379 2.974469 0.848000
v 1.592064 3.228154 0.848000
v 1.338379 3.840606 0.848000
v 0.979613 3.840606 0.848000
v 0.725928 3.228155 0.848000
v 0.979613 2.974469 0.848000
v 0.725928 3.586920 0.848000
v -1.000000 2.782583 0.749999
v -1.000000 1.782583 -0.500001
v -1.000000 2.782583 -0.500001
v -1.000000 1.782583 0.749999
v 0.850000 3.107585 -2.575000
v 0.850000 3.307585 -2.575000
v 0.850000 3.307585 -2.375000
v 0.850000 3.107585 -2.375000
v -0.678323 0.241612 1.216968
v -0.389790 0.389844 1.365200
v -0.610210 0.389844 1.365200
v -0.500000 0.150000 1.125356
v -0.321677 0.241612 1.216968
v 0.750000 3.307585 -2.575000
v 0.850000 3.407585 -2.575000
v 0.850000 3.307585 -2.575000
v -0.750000 3.307585 -2.575000
v -0.850000 3.407585 -2.575000
v -0.850000 3.307585 -2.575000
vt 0.125011504 0.205883786
vt 0.126703262 0.276454687
vt 0.14596957 0.242897049
vt 0.150255561 0.23944144
vt 0.149441421 0.24454613
vt 0.171213686 0.276454687
vt 0.0787864625 0.205883786
vt 0.080478251 0.276454687
vt 0.0997445583 0.242897019
vt 0.149441421 0.24454613
vt 0.14596957 0.242897049
vt 0.126703262 0.276454687
vt 0.126703262 0.276454687
vt 0.171213686 0.276454687
vt 0.146783769 0.237792328
vt 0.150255561 0.23944144
vt 0.169521868 0.205883756
vt 0.169521868 0.205883756
vt 0.125011504 0.205883786
vt 0.10403055 0.23944144
vt 0.10321635 0.24454613
vt 0.124988645 0.276454687
vt 0.10321635 0.24454613
vt 0.0997445583 0.242897019
vt 0.080478251 0.276454687
vt 0.080478251 0.276454687
vt 0.124988645 0.276454687
vt 0.100558728 0.237792328
vt 0.10403055 0.23944144
vt 0.123296857 0.205883756
vt 0.123296857 0.205883756
vt 0.0787864625 0.205883786
vt 0.913638234 0.238988712
vt 0.899554729 0.26014781
vt 0.912570119 0.196993247
vt 0.151733741 0.703372777
vt 0.149265081 0.704246104
vt 0.149312973 0.704243422
vt 0.177429378 0.695546508
vt 0.166985005 0.698363423
vt 0.161665946 0.699875891
vt 0.16075021 0.698533952
vt 0.164011523 0.698336661
vt 0.159267679 0.699355066
vt 0.641607642 0.761852264
vt 0.623061895 0.728630662
vt 0.627272367 0.74589479
vt 0.623061895 0.728630662
vt 0.623983264 0.73852694
vt 0.623983264 0.73852694
vt 0.62288332 0.733436584
vt 0.623061895 0.728630662
vt 0.634480476 0.712208867
vt 0.626039743 0.723002732
vt 0.400155902 0.203932524
vt 0.383449137 0.206919432
vt 0.396486998 0.20550406
vt 0.879662871 0.238988712
vt 0.878594756 0.196993247
vt 0.85523653 0.196993247
vt 0.166985005 0.698363423
vt 0.177429378 0.695546508
vt 0.172392935 0.694706798
vt 0.164011523 0.698336661
vt 0.161665946 0.699875891
vt 0.16075021 0.698533952
vt 0.159267679 0.699355066
vt 0.161665946 0.699875891
vt 0.16075021 0.698533952
vt 0.149090648 0.704418421
vt 0.149680495 0.704043567
vt 0.149782658 0.703873515
vt 0.374045998 0.728256583
vt 0.374715984 0.712262571
vt 0.37337029 0.729153156
vt 0.859549999 0.205894247
vt 0.874983072 0.207409218
vt 0.848846436 0.238809422
vt 0.859549999 0.205894247
vt 0.866070867 0.262148798
vt 0.685903549 0.795669794
vt 0.585326791 0.695093095
vt 0.585326791 0.795669794
vt 0.685903549 0.695093095
vt 0.585326791 0.695093095
vt 0.155017585 0.703539848
vt 0.16291602 0.699842215
vt 0.154062167 0.703932464
vt 0.166985005 0.698363423
vt 0.172392935 0.694706798
vt 0.170704275 0.695407808
vt 0.166985005 0.698363423
vt 0.166191757 0.696847975
vt 0.164011523 0.698336661
vt 0.166985005 0.698363423
vt 0.162753329 0.697423995
vt 0.159267679 0.699355066
vt 0.337958604 0.240570962
vt 0.344626397 0.228806019
vt 0.34362942 0.237085998
vt 0.874983072 0.207409218
vt 0.85523653 0.196993247
vt 0.848846436 0.238809422
vt 0.879662871 0.238988712
vt 0.85523653 0.196993247
vt 0.152437016 0.703147113
vt 0.150074124 0.70396477
vt 0.154447034 0.703362048
vt 0.152437016 0.703147113
vt 0.154447034 0.703362048
vt 0.152302817 0.701884925
vt 0.149680495 0.704043567
vt 0.146998286 0.704979599
vt 0.147465348 0.705573857
vt 0.879662871 0.238988712
vt 0.869291544 0.232295349
vt 0.87020278 0.235808983
vt 0.377641886 0.711241722
vt 0.377479494 0.710600495
vt 0.376889944 0.711238742
vt 0.377641886 0.711241722
vt 0.378999472 0.710959613
vt 0.152302817 0.701884925
vt 0.163958162 0.697984934
vt 0.159638047 0.698199987
vt 0.152437016 0.703147113
vt 0.150917023 0.702787995
vt 0.163958162 0.697984934
vt 0.154447034 0.703362048
vt 0.16291602 0.699842215
vt 0.160452411 0.705525577
vt 0.162239119 0.701662362
vt 0.155017585 0.703539848
vt 0.160452411 0.705525577
vt 0.158444107 0.707467973
vt 0.155017316 0.707434595
vt 0.150917023 0.702787995
vt 0.152302817 0.701884925
vt 0.149312973 0.704243422
vt 0.162239119 0.701662362
vt 0.16239202 0.707864821
vt 0.16239202 0.697615027
vt 0.162239119 0.701662362
vt 0.160452411 0.705525577
vt 0.159214854 0.712729454
vt 0.158444107 0.707467973
vt 0.153545678 0.708521843
vt 0.155017316 0.707434595
vt 0.153496802 0.712444425
vt 0.150473937 0.698730111
vt 0.137355417 0.706919372
vt 0.140005901 0.707595885
vt 0.893525362 0.205894247
vt 0.908958435 0.207409337
vt 0.882821918 0.238809422
vt 0.893525362 0.205894247
vt 0.900046229 0.262148857
vt 0.159398317 0.693557978
vt 0.159267679 0.699355066
vt 0.156572878 0.700658381
vt 0.140881136 0.709623039
vt 0.138173148 0.713357627
vt 0.156572878 0.700658381
vt 0.149094105 0.704237044
vt 0.150635988 0.703486204
vt 0.150917023 0.702787995
vt 0.170704275 0.695407808
vt 0.159638047 0.698199987
vt 0.163958162 0.697984934
vt 0.908958435 0.207409337
vt 0.889212012 0.196993247
vt 0.882821918 0.238809422
vt 0.913638234 0.238988712
vt 0.889212012 0.196993247
vt 0.152552307 0.702154398
vt 0.149757043 0.704126418
vt 0.152437016 0.703147113
vt 0.149265081 0.704246104
vt 0.149090648 0.704418421
vt 0.149147689 0.704367995
vt 0.147483528 0.704819083
vt 0.149002373 0.704321206
vt 0.149094105 0.704237044
vt 0.149090648 0.704418421
vt 0.149265081 0.704246104
vt 0.149094105 0.704237044
vt 0.150635988 0.703486204
vt 0.151733741 0.703372777
vt 0.150473937 0.698730111
vt 0.159638047 0.698199987
vt 0.16239202 0.697615027
vt 0.140005901 0.707595885
vt 0.150635988 0.703486204
vt 0.146141112 0.706882954
vt 0.140881136 0.709623039
vt 0.14748323 0.704779387
vt 0.14797841 0.705224931
vt 0.14748323 0.704779387
vt 0.607097745 0.679340839
vt 0.61194104 0.691033661
vt 0.610612631 0.686081767
vt 0.59161365 0.692022085
vt 0.59199214 0.664259672
vt 0.609197021 0.70188123
vt 0.61194104 0.691033661
vt 0.60116148 0.712188363
vt 0.61194104 0.691033661
vt 0.611949921 0.695946932
vt 0.908958435 0.207409337
vt 0.893525362 0.205894247
vt 0.901651859 0.231820896
vt 0.152437016 0.703147113
vt 0.149757043 0.704126418
vt 0.150074124 0.70396477
vt 0.865579367 0.26014787
vt 0.868271708 0.237745658
vt 0.867124081 0.234691218
vt 0.853095055 0.234506264
vt 0.882803082 0.239323035
vt 0.878594756 0.196993247
vt 0.879662871 0.238988712
vt 0.874983072 0.207409218
vt 0.869291544 0.232295349
vt 0.899554729 0.26014781
vt 0.902247071 0.237745598
vt 0.901099443 0.234691158
vt 0.887070417 0.234506264
vt 0.916778445 0.239323094
vt 0.912570119 0.196993247
vt 0.913638234 0.238988712
vt 0.908958435 0.207409337
vt 0.903266907 0.232295409
vt 0.874983072 0.207409218
vt 0.859549999 0.205894247
vt 0.867676497 0.231820896
vt 0.149094105 0.704237044
vt 0.150917023 0.702787995
vt 0.149122953 0.704444706
vt 0.149090648 0.704418421
vt 0.149002373 0.704321206
vt 0.149680495 0.704043567
vt 0.879662871 0.238988712
vt 0.865579367 0.26014787
vt 0.878594756 0.196993247
vt 0.159267679 0.699355066
vt 0.162753329 0.697423995
vt 0.157626823 0.701205611
vt 0.152552307 0.702154398
vt 0.149834305 0.70417279
vt 0.149757043 0.704126418
vt 0.150473937 0.698730111
vt 0.150393292 0.705504
vt 0.137355417 0.706919372
vt 0.147483528 0.704819083
vt 0.146998286 0.704979599
vt 0.149002373 0.704321206
vt 0.913638234 0.238988712
vt 0.903266907 0.232295409
vt 0.904178143 0.235808983
vt 0.163958162 0.697984934
vt 0.154447034 0.703362048
vt 0.154186308 0.701305389
vt 0.151733741 0.703372777
vt 0.152302817 0.701884925
vt 0.159638047 0.698199987
vt 0.170704275 0.695407808
vt 0.16239202 0.697615027
vt 0.159638047 0.698199987
vt 0.162239119 0.701662362
vt 0.16291602 0.699842215
vt 0.177429378 0.695546508
vt 0.16291602 0.699842215
vt 0.170704275 0.695407808
vt 0.172392935 0.694706798
vt 0.149680495 0.704043567
vt 0.149002373 0.704321206
vt 0.146998286 0.704979599
vt 0.147465348 0.705573857
vt 0.146998286 0.704979599
vt 0.146141112 0.706882954
vt 0.138173148 0.713357627
vt 0.137355417 0.706919372
vt 0.146998286 0.704979599
vt 0.140005901 0.707595885
vt 0.137355417 0.706919372
vt 0.865579367 0.26014787
vt 0.867124081 0.234691218
vt 0.853095055 0.234506264
vt 0.874983072 0.207409218
vt 0.867676497 0.231820896
vt 0.869291544 0.232295349
vt 0.899554729 0.26014781
vt 0.901099443 0.234691158
vt 0.887070417 0.234506264
vt 0.621135831 0.693391383
vt 0.620369315 0.682986557
vt 0.62049377 0.688389838
vt 0.64337647 0.660022616
vt 0.622792006 0.699267566
vt 0.64337647 0.660022616
vt 0.623262167 0.676151276
vt 0.620369315 0.682986557
vt 0.631422997 0.708477378
vt 0.64337647 0.660022616
vt 0.643376589 0.693767905
vt 0.149147689 0.704367995
vt 0.149312973 0.704243422
vt 0.149265081 0.704246104
vt 0.150074124 0.70396477
vt 0.149312973 0.704243422
vt 0.159398317 0.693557978
vt 0.154062167 0.703932464
vt 0.177429378 0.695546508
vt 0.375384659 0.728345454
vt 0.374540865 0.728662431
vt 0.3740457 0.728216887
vt 0.913638234 0.238988712
vt 0.912570119 0.196993247
vt 0.889212012 0.196993247
vt 0.337958604 0.240570962
vt 0.34362942 0.237085998
vt 0.32616806 0.238241434
vt 0.155017316 0.707434595
vt 0.155017585 0.703539848
vt 0.153545678 0.708521843
vt 0.154062167 0.703932464
vt 0.153545678 0.708521843
vt 0.150393292 0.705504
vt 0.153545678 0.708521843
vt 0.150917023 0.702787995
vt 0.149312973 0.704243422
vt 0.149122953 0.704444706
vt 0.177429378 0.695546508
vt 0.154062167 0.703932464
vt 0.16291602 0.699842215
vt 0.607097745 0.679340839
vt 0.623262167 0.676151276
vt 0.64337647 0.660022616
vt 0.607097745 0.679340839
vt 0.59199214 0.664259672
vt 0.610612631 0.686081767
vt 0.623262167 0.676151276
vt 0.620369315 0.682986557
vt 0.61194104 0.691033661
vt 0.62049377 0.688389838
vt 0.611949921 0.695946932
vt 0.61194104 0.691033661
vt 0.621135831 0.693391383
vt 0.609197021 0.70188123
vt 0.611949921 0.695946932
vt 0.622792006 0.699267566
vt 0.60116148 0.712188363
vt 0.631422997 0.708477378
vt 0.161665946 0.699875891
vt 0.159267679 0.699355066
vt 0.159398317 0.693557978
vt 0.151733741 0.703372777
vt 0.149312973 0.704243422
vt 0.152302817 0.701884925
vt 0.159398317 0.693557978
vt 0.177429378 0.695546508
vt 0.161665946 0.699875891
vt 0.14797841 0.705224931
vt 0.147465348 0.705573857
vt 0.146141112 0.706882954
vt 0.140881136 0.709623039
vt 0.156572878 0.700658381
vt 0.156467825 0.70324868
vt 0.146141112 0.706882954
vt 0.138173148 0.713357627
vt 0.140881136 0.709623039
vt 0.908958435 0.207409337
vt 0.901651859 0.231820896
vt 0.903266907 0.232295409
vt 0.150063083 0.703876555
vt 0.152552307 0.702154398
vt 0.154186308 0.701305389
vt 0.163958162 0.697984934
vt 0.156467825 0.70324868
vt 0.170704275 0.695407808
vt 0.140005901 0.707595885
vt 0.146807805 0.705715656
vt 0.150635988 0.703486204
vt 0.14797841 0.705224931
vt 0.149757043 0.704126418
vt 0.149834305 0.70417279
vt 0.125011504 0.205883786
vt 0.14596957 0.242897049
vt 0.146783769 0.237792328
vt 0.150255561 0.23944144
vt 0.171213686 0.276454687
vt 0.169521868 0.205883756
vt 0.0787864625 0.205883786
vt 0.0997445583 0.242897019
vt 0.100558728 0.237792328
vt 0.10403055 0.23944144
vt 0.124988645 0.276454687
vt 0.123296857 0.205883756
vt 0.146783769 0.237792328
vt 0.14596957 0.242897049
vt 0.149441421 0.24454613
vt 0.150255561 0.23944144
vt 0.100558728 0.237792328
vt 0.0997445583 0.242897019
vt 0.10321635 0.24454613
vt 0.10403055 0.23944144
vt 0.62594533 0.212324232
vt 0.623485565 0.207315058
vt 0.621215105 0.219298273
vt 0.62334764 0.221387237
vt 0.636508942 0.259631366
vt 0.638913393 0.269585639
vt 0.694676518 0.26977697
vt 0.696417332 0.258395195
vt 0.647683859 0.219495714
vt 0.647683859 0.212706923
vt 0.640895009 0.212706923
vt 0.640895009 0.219495714
vt 0.902247071 0.237745598
vt 0.913638234 0.238988712
vt 0.904178143 0.235808983
vt 0.899554729 0.26014781
vt 0.374242038 0.248245537
vt 0.29491806 0.292928934
vt 0.31237942 0.291773498
vt 0.368905902 0.258620024
vt 0.337958604 0.240570962
vt 0.384266853 0.213357687
vt 0.383449137 0.206919432
vt 0.344626397 0.228806019
vt 0.628152847 0.280848473
vt 0.623145223 0.27947095
vt 0.625621796 0.28448692
vt 0.624771714 0.269611508
vt 0.621904373 0.272421092
vt 0.567671418 0.277897865
vt 0.56872344 0.271750301
vt 0.566505432 0.269326478
vt 0.56314826 0.277361721
vt 0.564707398 0.281304866
vt 0.149869874 0.703816772
vt 0.149147689 0.704367995
vt 0.149090648 0.704418421
vt 0.149782658 0.703873515
vt 0.163958162 0.697984934
vt 0.154186308 0.701305389
vt 0.156467825 0.70324868
vt 0.152552307 0.702154398
vt 0.14748323 0.704779387
vt 0.140881136 0.709623039
vt 0.148153514 0.704450071
vt 0.150917023 0.702787995
vt 0.150635988 0.703486204
vt 0.146807805 0.705715656
vt 0.569730163 0.291651696
vt 0.620882273 0.291516155
vt 0.623145223 0.27947095
vt 0.567671418 0.277897865
vt 0.685903549 0.795669794
vt 0.685903549 0.695093095
vt 0.585326791 0.695093095
vt 0.585326791 0.795669794
vt 0.623485565 0.207315058
vt 0.567992926 0.205597997
vt 0.570302844 0.21924144
vt 0.621215105 0.219298273
vt 0.696985483 0.24186331
vt 0.640983939 0.239969164
vt 0.642532825 0.254751623
vt 0.695088267 0.254941195
vt 0.56872344 0.307857007
vt 0.621904373 0.308527797
vt 0.621949077 0.294346184
vt 0.568768144 0.293675333
vt 0.868271708 0.237745658
vt 0.865579367 0.26014787
vt 0.879662871 0.238988712
vt 0.87020278 0.235808983
vt 0.903266907 0.232295409
vt 0.902247071 0.237745598
vt 0.904178143 0.235808983
vt 0.901651859 0.231820896
vt 0.901099443 0.234691158
vt 0.685903549 0.795669794
vt 0.685903549 0.695093095
vt 0.585326791 0.695093095
vt 0.585326791 0.795669794
vt 0.149122953 0.704444706
vt 0.147483528 0.704819083
vt 0.149094105 0.704237044
vt 0.14797841 0.705224931
vt 0.149757043 0.704126418
vt 0.14797841 0.705224931
vt 0.149312973 0.704243422
vt 0.150074124 0.70396477
vt 0.150063083 0.703876555
vt 0.149869874 0.703816772
vt 0.149147689 0.704367995
vt 0.57548511 0.711978734
vt 0.576860607 0.711241722
vt 0.576108694 0.711238742
vt 0.574995995 0.711945176
vt 0.625621796 0.320593625
vt 0.623145103 0.315577656
vt 0.620882273 0.327622861
vt 0.623026252 0.329707354
vt 0.692422867 0.277326375
vt 0.640650153 0.277167469
vt 0.640639424 0.290973574
vt 0.692412257 0.29113254
vt 0.698289037 0.233109862
vt 0.640216351 0.231965303
vt 0.640983939 0.239969164
vt 0.696985483 0.24186331
vt 0.702440381 0.241315871
vt 0.700003982 0.24646619
vt 0.637449384 0.242653906
vt 0.635995984 0.237203211
vt 0.640216351 0.231965303
vt 0.853095055 0.234506264
vt 0.859549999 0.205894247
vt 0.866070867 0.262148798
vt 0.882803082 0.239323035
vt 0.559388518 0.197367162
vt 0.563287258 0.204945117
vt 0.567110896 0.196645349
vt 0.563093305 0.189441741
vt 0.625621796 0.248380244
vt 0.620882273 0.255409479
vt 0.623026252 0.257493943
vt 0.623145223 0.243364245
vt 0.634031534 0.212706894
vt 0.640820384 0.219495714
vt 0.640820384 0.212706894
vt 0.634031534 0.219495714
vt 0.376889944 0.711238742
vt 0.377479494 0.710600495
vt 0.374715984 0.712262571
vt 0.375777304 0.711945176
vt 0.402666599 0.200658441
vt 0.384266853 0.213357687
vt 0.405492038 0.193558037
vt 0.32616806 0.238241434
vt 0.337958604 0.240570962
vt 0.627272367 0.74589479
vt 0.613989592 0.737349987
vt 0.611874104 0.74395287
vt 0.59161365 0.759998143
vt 0.641607642 0.761852264
vt 0.611874104 0.74395287
vt 0.627272367 0.74589479
vt 0.623983264 0.73852694
vt 0.614249289 0.732335508
vt 0.623983264 0.73852694
vt 0.62288332 0.733436584
vt 0.613809586 0.727256358
vt 0.623061895 0.728630662
vt 0.612173915 0.720587909
vt 0.623061895 0.728630662
vt 0.626039743 0.723002732
vt 0.603709519 0.712208867
vt 0.634480476 0.712208867
vt 0.400155902 0.203932524
vt 0.34362942 0.237085998
vt 0.383449137 0.206919432
vt 0.344626397 0.228806019
vt 0.634031534 0.19890523
vt 0.640820384 0.1989052
vt 0.640820384 0.19211641
vt 0.634031534 0.19211641
vt 0.634480476 0.712208867
vt 0.641607642 0.761852264
vt 0.643184781 0.734078407
vt 0.623061895 0.728630662
vt 0.567992926 0.205597997
vt 0.563287258 0.204945117
vt 0.565158367 0.209392637
vt 0.567110896 0.196645349
vt 0.569244862 0.199389607
vt 0.622257233 0.200285167
vt 0.623485565 0.207315058
vt 0.625117898 0.197500259
vt 0.628471732 0.208713084
vt 0.62594533 0.212324232
vt 0.566656232 0.293600649
vt 0.569730163 0.291651696
vt 0.567671418 0.277897865
vt 0.564707398 0.281304866
vt 0.569730163 0.25554499
vt 0.623145223 0.243364245
vt 0.567671418 0.241791129
vt 0.620882273 0.255409479
vt 0.685903549 0.795669794
vt 0.685903549 0.695093095
vt 0.585326791 0.695093095
vt 0.585326791 0.795669794
vt 0.624771714 0.305718213
vt 0.628152728 0.316955179
vt 0.633649468 0.310258359
vt 0.630343199 0.299190253
vt 0.154447034 0.703362048
vt 0.150063083 0.703876555
vt 0.154186308 0.701305389
vt 0.150074124 0.70396477
vt 0.633649468 0.274151653
vt 0.630343199 0.263083518
vt 0.624771714 0.269611508
vt 0.628152847 0.280848473
vt 0.633724093 0.262911767
vt 0.637004495 0.27405104
vt 0.638913393 0.269585639
vt 0.636508942 0.259631366
vt 0.685903549 0.795669794
vt 0.685903549 0.695093095
vt 0.585326791 0.695093095
vt 0.585326791 0.795669794
vt 0.853095055 0.234506264
vt 0.867676497 0.231820896
vt 0.859549999 0.205894247
vt 0.867124081 0.234691218
vt 0.620882273 0.291516155
vt 0.623026252 0.293600649
vt 0.625621796 0.28448692
vt 0.623145223 0.27947095
vt 0.56872344 0.271750301
vt 0.621949077 0.258239448
vt 0.568768144 0.257568628
vt 0.621904373 0.272421092
vt 0.634031534 0.212632209
vt 0.640820384 0.205843359
vt 0.634031534 0.205843359
vt 0.640820384 0.212632209
vt 0.685903549 0.795669794
vt 0.685903549 0.695093095
vt 0.585326791 0.695093095
vt 0.585326791 0.795669794
vt 0.562603593 0.299196273
vt 0.56314826 0.313468367
vt 0.566505432 0.305433184
vt 0.559388518 0.306870967
vt 0.569730163 0.327758402
vt 0.623145103 0.315577656
vt 0.567671418 0.31400457
vt 0.620882273 0.327622861
vt 0.640895009 0.19211641
vt 0.647683859 0.1989052
vt 0.647683859 0.19211641
vt 0.640895009 0.1989052
vt 0.685903549 0.795669794
vt 0.585326791 0.695093095
vt 0.585326791 0.795669794
vt 0.685903549 0.695093095
vt 0.622316957 0.186148494
vt 0.569244862 0.199389607
vt 0.622257233 0.200285167
vt 0.569304585 0.185252875
vt 0.640895009 0.198979884
vt 0.647683859 0.205768675
vt 0.647683859 0.198979884
vt 0.640895009 0.205768675
vt 0.628152847 0.244741797
vt 0.623145223 0.243364245
vt 0.625621796 0.248380244
vt 0.624771714 0.233504832
vt 0.621904373 0.236314386
vt 0.56872344 0.235643566
vt 0.567671418 0.241791129
vt 0.566505432 0.233219743
vt 0.56314826 0.241254956
vt 0.564707398 0.24519816
vt 0.566656232 0.329707295
vt 0.567671418 0.31400457
vt 0.564707398 0.317411572
vt 0.569730163 0.327758402
vt 0.887070417 0.234506264
vt 0.900046229 0.262148857
vt 0.916778445 0.239323094
vt 0.893525362 0.205894247
vt 0.628471732 0.208713084
vt 0.630677342 0.191025466
vt 0.625117898 0.197500259
vt 0.633956909 0.202070028
vt 0.685903549 0.795669794
vt 0.685903549 0.695093095
vt 0.585326791 0.695093095
vt 0.585326791 0.795669794
vt 0.639180064 0.222266167
vt 0.698289037 0.233109862
vt 0.699532509 0.222445786
vt 0.640216351 0.231965303
vt 0.640983939 0.239969164
vt 0.639096618 0.256398916
vt 0.642532825 0.254751623
vt 0.637449384 0.242653906
vt 0.634031534 0.205768734
vt 0.640820384 0.198979884
vt 0.634031534 0.198979884
vt 0.640820384 0.205768734
vt 0.562603593 0.263089567
vt 0.559388518 0.270764321
vt 0.56314826 0.277361721
vt 0.566505432 0.269326478
vt 0.685903549 0.795669794
vt 0.685903549 0.695093095
vt 0.585326791 0.695093095
vt 0.585326791 0.795669794
vt 0.887070417 0.234506264
vt 0.901651859 0.231820896
vt 0.893525362 0.205894247
vt 0.901099443 0.234691158
vt 0.699532509 0.222445786
vt 0.698289037 0.233109862
vt 0.702440381 0.241315871
vt 0.706236362 0.229373842
vt 0.685903549 0.695093095
vt 0.585326791 0.695093095
vt 0.585326791 0.795669794
vt 0.685903549 0.795669794
vt 0.375384659 0.728345454
vt 0.374045998 0.728256583
vt 0.374540865 0.728662431
vt 0.374715984 0.712262571
vt 0.37626642 0.711978734
vt 0.375777304 0.711945176
vt 0.640820384 0.185252875
vt 0.634031534 0.192041725
vt 0.640820384 0.192041725
vt 0.634031534 0.185252875
vt 0.628152728 0.316955179
vt 0.623145103 0.315577656
vt 0.625621796 0.320593625
vt 0.624771714 0.305718213
vt 0.621904373 0.308527797
vt 0.567671418 0.31400457
vt 0.56872344 0.307857007
vt 0.566505432 0.305433184
vt 0.56314826 0.313468367
vt 0.564707398 0.317411572
vt 0.647683859 0.192041695
vt 0.647683859 0.185252875
vt 0.640895009 0.185252875
vt 0.640895009 0.192041695
vt 0.566656232 0.257493913
vt 0.569730163 0.25554499
vt 0.567671418 0.241791129
vt 0.564707398 0.24519816
vt 0.152437016 0.703147113
vt 0.14748323 0.704779387
vt 0.152552307 0.702154398
vt 0.148822188 0.704907954
vt 0.146807805 0.705715656
vt 0.146998286 0.704979599
vt 0.147483528 0.704819083
vt 0.140005901 0.707595885
vt 0.562603593 0.226982832
vt 0.56314826 0.241254956
vt 0.566505432 0.233219743
vt 0.559388518 0.234657556
vt 0.696226239 0.275453895
vt 0.700377107 0.262117863
vt 0.696417332 0.258395195
vt 0.694676518 0.26977697
vt 0.695088267 0.254941195
vt 0.697566986 0.256929755
vt 0.700003982 0.24646619
vt 0.696985483 0.24186331
vt 0.647683859 0.205843359
vt 0.640895009 0.205843359
vt 0.640895009 0.212632239
vt 0.647683859 0.212632209
vt 0.640216351 0.231965303
vt 0.639180064 0.222266167
vt 0.633724093 0.226376683
vt 0.635995984 0.237203211
vt 0.567992926 0.205597997
vt 0.565158367 0.209392637
vt 0.567304134 0.221387208
vt 0.570302844 0.21924144
vt 0.56872344 0.235643566
vt 0.621904373 0.236314386
vt 0.621949077 0.222132742
vt 0.568768144 0.221461892
vt 0.152552307 0.702154398
vt 0.150063083 0.703876555
vt 0.149834305 0.70417279
vt 0.149680495 0.704043567
vt 0.14797841 0.705224931
vt 0.147465348 0.705573857
vt 0.149782658 0.703873515
vt 0.149869874 0.703816772
vt 0.614249289 0.732335508
vt 0.611874104 0.74395287
vt 0.613989592 0.737349987
vt 0.613809586 0.727256358
vt 0.612173915 0.720587909
vt 0.591991365 0.726738691
vt 0.59161365 0.759998143
vt 0.603709519 0.712208867
vt 0.37626642 0.711978734
vt 0.378999472 0.710959613
vt 0.377641886 0.711241722
vt 0.375384659 0.712720454
vt 0.624771714 0.233504832
vt 0.628152847 0.244741797
vt 0.633649468 0.238044947
vt 0.630343199 0.226976842
vt 0.869291544 0.232295349
vt 0.868271708 0.237745658
vt 0.87020278 0.235808983
vt 0.867676497 0.231820896
vt 0.867124081 0.234691218
vt 0.640650153 0.277167469
vt 0.638913393 0.269585639
vt 0.637004495 0.27405104
vt 0.692422867 0.277326375
vt 0.694676518 0.26977697
vt 0.696226239 0.275453895
vn -1.000000 -0.000000 -0.000000
vn -1.000000 -0.000000 -0.000000
vn -1.000000 -0.000000 -0.000000
vn 1.000000 -0.000000 -0.000000
vn 1.000000 -0.000000 -0.000000
vn 1.000000 -0.000000 -0.000000
vn -1.000000 -0.000000 -0.000000
vn -1.000000 -0.000000 -0.000000
vn -1.000000 -0.000000 -0.000000
vn 0.000000 1.000000 0.000001
vn 0.000000 1.000000 0.000001
vn 0.000000 1.000000 0.000001
vn 0.000000 1.000000 0.000001
vn 0.000000 1.000000 0.000001
vn 0.000000 -1.000000 -0.000001
vn 0.000000 -1.000000 -0.000001
vn 0.000000 -1.000000 -0.000001
vn 0.000000 -1.000000 -0.000001
vn 0.000000 -1.000000 -0.000001
vn 1.000000 -0.000000 -0.000000
vn 1.000000 -0.000000 -0.000000
vn 1.000000 -0.000000 -0.000000
vn 0.000000 1.000000 0.000001
vn 0.000000 1.000000 0.000001
vn 0.000000 1.000000 0.000001
vn 0.000000 1.000000 0.000001
vn 0.000000 1.000000 0.000001
vn 0.000000 -1.000000 -0.000001
vn 0.000000 -1.000000 -0.000001
vn 0.000000 -1.000000 -0.000001
vn 0.000000 -1.000000 -0.000001
vn 0.000000 -1.000000 -0.000001
vn 0.000000 0.254122 0.967172
vn 0.000000 0.254122 0.967172
vn 0.000000 -0.000001 1.000000
vn 0.000000 -0.164398 -0.986394
vn 0.000000 -0.164398 -0.986394
vn 0.000000 -0.164398 -0.986394
vn -1.000000 -0.000000 -0.000000
vn -1.000000 -0.000000 -0.000000
vn -1.000000 -0.000000 -0.000000
vn 0.000000 -0.857493 0.514495
vn 0.000000 -0.963715 0.266933
vn 0.000000 -0.857493 0.514495
vn 0.000000 0.000001 -1.000000
vn 0.000000 0.000001 -1.000000
vn 0.000000 0.000001 -1.000000
vn 0.000000 0.000001 -1.000000
vn 0.000000 0.000001 -1.000000
vn 0.000000 0.000001 -1.000000
vn 0.000000 0.000001 -1.000000
vn 0.000000 0.000001 -1.000000
vn 0.000000 0.000001 -1.000000
vn 0.000000 0.000001 -1.000000
vn 1.000000 -0.000000 -0.000000
vn 1.000000 -0.000000 -0.000000
vn 1.000000 -0.000000 -0.000000
vn 0.000000 0.254122 0.967172
vn 0.000000 -0.000001 1.000000
vn 0.000000 -0.000001 1.000000
vn -1.000000 -0.000000 -0.000000
vn -1.000000 -0.000000 -0.000000
vn -1.000000 -0.000000 -0.000000
vn -1.000000 -0.000000 -0.000000
vn -1.000000 -0.000000 -0.000000
vn -1.000000 -0.000000 -0.000000
vn 0.000000 -0.000001 1.000000
vn 0.000000 -0.000001 1.000000
vn 0.000000 -0.000001 1.000000
vn 0.000000 -0.970142 -0.242536
vn 0.000000 -0.992507 -0.122184
vn 0.000000 -0.970142 -0.242536
vn 0.000000 0.000001 -1.000000
vn 0.000000 0.000001 -1.000000
vn 0.000000 0.000001 -1.000000
vn -0.583517 -0.120290 -0.803143
vn -0.576415 -0.242635 -0.780304
vn -0.587785 0.000000 -0.809017
vn -0.583517 -0.120290 -0.803143
vn -0.587785 0.000000 -0.809017
vn 0.000000 -0.999411 -0.034327
vn 0.000000 -0.999411 -0.034327
vn 0.000000 -0.999411 -0.034327
vn 0.000000 -0.999411 -0.034327
vn 0.000000 -0.999411 -0.034327
vn 0.000000 1.000000 0.000001
vn 0.000000 1.000000 0.000001
vn 0.000000 1.000000 0.000001
vn 0.000000 -0.935092 -0.354405
vn 0.000000 -0.857493 -0.514496
vn 0.000000 -0.857493 -0.514496
vn 0.000000 -0.935092 -0.354405
vn 0.000000 -0.984174 -0.177203
vn 0.000000 -0.963715 0.266933
vn 0.000000 -0.935092 -0.354405
vn 0.000000 -0.935093 0.354404
vn 0.000000 -0.857493 0.514495
vn 0.000000 -0.000001 1.000000
vn 0.000000 -0.000001 1.000000
vn 0.000000 -0.000001 1.000000
vn -0.949876 0.049821 0.308633
vn -0.951057 -0.000000 0.309017
vn -0.951057 -0.000000 0.309017
vn -0.948925 0.102340 0.298441
vn -0.951057 -0.000000 0.309017
vn 1.000000 -0.000000 -0.000000
vn 1.000000 -0.000000 -0.000000
vn 1.000000 -0.000000 -0.000000
vn 0.000000 -1.000000 -0.000001
vn 0.000000 -0.990098 -0.140381
vn 0.000000 -0.991980 -0.126393
vn 0.000000 -0.992507 -0.122184
vn 0.000000 -1.000000 -0.000001
vn 0.000000 -1.000000 -0.000001
vn -0.948925 0.102340 0.298441
vn -0.944093 0.153110 0.291968
vn -0.947557 0.157096 0.278311
vn 0.000000 -0.000001 1.000000
vn 0.000000 0.082480 0.996593
vn 0.000000 -0.000001 1.000000
vn 0.000000 -0.000001 1.000000
vn 0.000000 0.082480 0.996593
vn 0.000000 -0.991980 -0.126393
vn 0.000000 -0.977802 -0.209530
vn 0.000000 -0.977802 -0.209530
vn 0.000000 -1.000000 -0.000001
vn 0.000000 -1.000000 -0.000001
vn 0.000000 -0.977802 -0.209530
vn 0.000000 -0.990098 -0.140381
vn 1.000000 -0.000000 -0.000000
vn 1.000000 -0.000000 -0.000000
vn 1.000000 -0.000000 -0.000000
vn 1.000000 -0.000000 -0.000000
vn 1.000000 -0.000000 -0.000000
vn 1.000000 -0.000000 -0.000000
vn 1.000000 -0.000000 -0.000000
vn -1.000000 -0.000000 -0.000000
vn -1.000000 -0.000000 -0.000000
vn -1.000000 -0.000000 -0.000000
vn 0.000000 -0.857493 -0.514496
vn 0.000000 -0.935092 -0.354405
vn 0.000000 -0.857493 -0.514496
vn 0.000000 -0.857493 -0.514496
vn 0.000000 -0.984174 -0.177203
vn 0.000000 -0.963715 0.266933
vn 0.000000 -0.935093 0.354404
vn 0.000000 -0.857493 0.514495
vn 0.000000 -0.857493 0.514495
vn 0.000000 -0.857493 0.514495
vn 0.000000 1.000000 0.000001
vn 0.000000 1.000000 0.000001
vn 0.000000 1.000000 0.000001
vn -0.583517 -0.120290 -0.803143
vn -0.576415 -0.242635 -0.780304
vn -0.587785 0.000000 -0.809017
vn -0.583517 -0.120290 -0.803143
vn -0.587785 0.000000 -0.809017
vn 0.000000 -0.000001 1.000000
vn 0.000000 -0.000001 1.000000
vn 0.000000 -0.000001 1.000000
vn 0.000000 1.000000 0.000001
vn 0.000000 1.000000 0.000001
vn 0.000000 1.000000 0.000001
vn 0.000000 0.164398 0.986394
vn 0.000000 0.164398 0.986394
vn 0.000000 0.082480 0.996593
vn 0.000000 0.000001 -1.000000
vn 0.000000 0.000001 -1.000000
vn 0.000000 0.000001 -1.000000
vn -0.949876 0.049821 0.308633
vn -0.951057 -0.000000 0.309017
vn -0.951057 -0.000000 0.309017
vn -0.948925 0.102340 0.298441
vn -0.951057 -0.000000 0.309017
vn 0.000000 0.164398 0.986394
vn 0.000000 0.164398 0.986394
vn 0.000000 0.082480 0.996593
vn 1.000000 -0.000000 -0.000000
vn 1.000000 -0.000000 -0.000000
vn 1.000000 -0.000000 -0.000000
vn 1.000000 -0.000000 -0.000000
vn 1.000000 -0.000000 -0.000000
vn 1.000000 -0.000000 -0.000000
vn 1.000000 -0.000000 -0.000000
vn 1.000000 -0.000000 -0.000000
vn 1.000000 -0.000000 -0.000000
vn 1.000000 -0.000000 -0.000000
vn 0.998883 0.000000 -0.047246
vn 0.997484 0.000000 -0.070889
vn 0.989949 0.000000 -0.141421
vn 0.989949 0.000000 -0.141421
vn 1.000000 -0.000000 -0.000000
vn 1.000000 -0.000000 -0.000000
vn -1.000000 -0.000000 -0.000000
vn -1.000000 -0.000000 -0.000000
vn -1.000000 -0.000000 -0.000000
vn -1.000000 -0.000000 -0.000000
vn -1.000000 -0.000000 -0.000000
vn 0.000000 -0.000001 1.000000
vn 0.000000 -0.000001 1.000000
vn 0.000000 -0.000001 1.000000
vn 0.000000 -0.000001 1.000000
vn 0.000000 -0.000001 1.000000
vn 0.000000 -0.000001 1.000000
vn 0.000000 -0.000001 1.000000
vn 0.000000 -0.000001 1.000000
vn 0.000000 -0.000001 1.000000
vn 0.000000 -0.000001 1.000000
vn -0.576415 -0.242635 -0.780304
vn -0.583517 -0.120290 -0.803143
vn -0.557846 -0.358537 -0.748505
vn 1.000000 -0.000000 -0.000000
vn 1.000000 -0.000000 -0.000000
vn 1.000000 -0.000000 -0.000000
vn 0.950404 0.076779 0.301391
vn 0.947557 0.157097 0.278311
vn 0.944093 0.153110 0.291969
vn 0.948395 0.074754 0.308153
vn 0.951056 -0.000000 0.309017
vn 0.951056 -0.000000 0.309017
vn -0.948925 0.102340 0.298441
vn -0.949876 0.049821 0.308633
vn -0.944093 0.153110 0.291968
vn 0.950404 0.076779 0.301391
vn 0.947557 0.157097 0.278311
vn 0.944093 0.153110 0.291969
vn 0.948395 0.074754 0.308153
vn 0.951056 -0.000000 0.309017
vn 0.951056 -0.000000 0.309017
vn -0.948925 0.102340 0.298441
vn -0.949876 0.049821 0.308633
vn -0.944093 0.153110 0.291968
vn -0.576415 -0.242635 -0.780304
vn -0.583517 -0.120290 -0.803143
vn -0.557846 -0.358537 -0.748505
vn 0.000000 0.164398 0.986394
vn 0.000000 0.082480 0.996593
vn 0.000000 0.164398 0.986394
vn 0.000000 -0.970142 -0.242536
vn 0.000000 -0.992507 -0.122184
vn 0.000000 -0.992507 -0.122184
vn 0.000000 0.254122 0.967172
vn 0.000000 0.254122 0.967172
vn 0.000000 -0.000001 1.000000
vn 0.000000 -0.857493 0.514495
vn 0.000000 -0.935093 0.354404
vn 0.000000 -0.857493 0.514495
vn 0.000000 0.164398 0.986394
vn 0.000000 0.164398 0.986394
vn 0.000000 0.164398 0.986394
vn 0.000000 1.000000 0.000001
vn 0.000000 1.000000 0.000001
vn 0.000000 1.000000 0.000001
vn 1.000000 -0.000000 -0.000000
vn 1.000000 -0.000000 -0.000000
vn 1.000000 -0.000000 -0.000000
vn -0.948925 0.102340 0.298441
vn -0.944093 0.153110 0.291968
vn -0.947557 0.157096 0.278311
vn 0.000000 -0.977802 -0.209530
vn 0.000000 -0.990098 -0.140381
vn 0.000000 -0.977802 -0.209530
vn 0.000000 -0.977802 -0.209530
vn 0.000000 -0.991980 -0.126393
vn 0.000000 -0.977802 -0.209530
vn 0.000000 0.000001 -1.000000
vn 0.000000 0.000001 -1.000000
vn 0.000000 0.000001 -1.000000
vn 0.000000 0.000001 -1.000000
vn 0.000000 0.000001 -1.000000
vn 0.000000 0.000001 -1.000000
vn 0.000000 0.000001 -1.000000
vn 0.000000 0.000001 -1.000000
vn 0.000000 0.000001 -1.000000
vn 0.000000 -0.992507 -0.122184
vn 0.000000 -0.992507 -0.122184
vn 0.000000 -1.000000 -0.000001
vn 0.000000 -0.000001 1.000000
vn 0.000000 -0.000001 1.000000
vn 0.000000 -0.000001 1.000000
vn 0.000000 -0.000001 1.000000
vn 0.000000 -0.000001 1.000000
vn 0.000000 -0.000001 1.000000
vn 0.000000 -0.000001 1.000000
vn 0.000000 -0.000001 1.000000
vn 0.950404 0.076779 0.301391
vn 0.944093 0.153110 0.291969
vn 0.948395 0.074754 0.308153
vn -0.576415 -0.242635 -0.780304
vn -0.557846 -0.358537 -0.748505
vn -0.566246 -0.361433 -0.740764
vn 0.950404 0.076779 0.301391
vn 0.944093 0.153110 0.291969
vn 0.948395 0.074754 0.308153
vn 0.000000 0.000001 -1.000000
vn 0.000000 0.000001 -1.000000
vn 0.000000 0.000001 -1.000000
vn 0.000000 0.000001 -1.000000
vn 0.000000 0.000001 -1.000000
vn 0.000000 0.000001 -1.000000
vn 0.000000 0.000001 -1.000000
vn 0.000000 0.000001 -1.000000
vn 0.000000 0.000001 -1.000000
vn 0.000000 0.000001 -1.000000
vn 0.000000 0.000001 -1.000000
vn 0.000000 0.970143 -0.242535
vn 0.000000 0.992508 -0.122183
vn 0.000000 0.970143 -0.242535
vn 0.000000 0.983126 -0.182928
vn 0.000000 0.992508 -0.122183
vn 0.000000 1.000000 0.000001
vn 0.000000 1.000000 0.000001
vn 0.000000 1.000000 0.000001
vn 0.000000 0.000001 -1.000000
vn 0.000000 0.000001 -1.000000
vn 0.000000 0.000001 -1.000000
vn 0.000000 0.254122 0.967172
vn 0.000000 -0.000001 1.000000
vn 0.000000 -0.000001 1.000000
vn 0.000000 -0.000001 1.000000
vn 0.000000 -0.000001 1.000000
vn 0.000000 -0.000001 1.000000
vn 0.000000 -0.000001 1.000000
vn 0.000000 -0.000001 1.000000
vn 0.000000 -0.000001 1.000000
vn 0.000000 -0.000001 1.000000
vn 0.000000 -0.000001 1.000000
vn 0.000000 -0.000001 1.000000
vn 0.000000 -0.000001 1.000000
vn -1.000000 -0.000000 -0.000000
vn -1.000000 -0.000000 -0.000000
vn -1.000000 -0.000000 -0.000000
vn 0.000000 1.000000 0.000001
vn 0.000000 1.000000 0.000001
vn 0.000000 1.000000 0.000001
vn -0.252725 -0.967538 -0.000001
vn -0.505449 -0.862856 -0.000001
vn 0.000000 -1.000000 -0.000001
vn -0.252725 -0.967538 -0.000001
vn 0.000000 -1.000000 -0.000001
vn -0.862856 -0.505450 -0.000000
vn -0.505449 -0.862856 -0.000001
vn -0.967538 -0.252725 -0.000000
vn -0.967538 0.252725 0.000000
vn -0.862856 0.505450 0.000000
vn -0.505449 0.862856 0.000001
vn -0.967538 0.252725 0.000000
vn -0.252725 0.967538 0.000001
vn 0.252725 0.967538 0.000001
vn -0.505449 0.862856 0.000001
vn 0.505449 0.862856 0.000001
vn 0.707107 0.707107 0.000000
vn 0.707107 0.707107 0.000000
vn 0.000000 -0.000001 1.000000
vn 0.000000 -0.000001 1.000000
vn 0.000000 -0.000001 1.000000
vn 0.000000 -0.164398 -0.986394
vn 0.000000 -0.164398 -0.986394
vn 0.000000 -0.164398 -0.986394
vn 0.000000 1.000000 0.000001
vn 0.000000 1.000000 0.000001
vn 0.000000 1.000000 0.000001
vn -1.000000 -0.000000 -0.000000
vn -1.000000 -0.000000 -0.000000
vn -1.000000 -0.000000 -0.000000
vn 0.000000 1.000000 0.000001
vn 0.000000 1.000000 0.000001
vn 0.000000 1.000000 0.000001
vn 0.000000 -0.000001 1.000000
vn 0.000000 -0.000001 1.000000
vn 0.000000 -0.000001 1.000000
vn -0.576415 -0.242635 -0.780304
vn -0.557846 -0.358537 -0.748505
vn -0.566246 -0.361433 -0.740764
vn -1.000000 -0.000000 -0.000000
vn -1.000000 -0.000000 -0.000000
vn -0.998883 0.000000 -0.047246
vn -0.989949 0.000000 -0.141421
vn -0.998391 0.000000 -0.056705
vn -0.989949 0.000000 -0.141421
vn 1.000000 -0.000000 -0.000000
vn 1.000000 -0.000000 -0.000000
vn 1.000000 -0.000000 -0.000000
vn 0.000000 1.000000 0.000001
vn 0.000000 1.000000 0.000001
vn 0.000000 1.000000 0.000001
vn -1.000000 -0.000000 -0.000000
vn -1.000000 -0.000000 -0.000000
vn -1.000000 -0.000000 -0.000000
vn 1.000000 -0.000000 -0.000000
vn 1.000000 -0.000000 -0.000000
vn 1.000000 -0.000000 -0.000000
vn -1.000000 -0.000000 -0.000000
vn -1.000000 -0.000000 -0.000000
vn -1.000000 -0.000000 -0.000000
vn 1.000000 -0.000000 -0.000000
vn 1.000000 -0.000000 -0.000000
vn 1.000000 -0.000000 -0.000000
vn 0.000000 0.000001 -1.000000
vn 0.000000 0.000001 -1.000000
vn 0.000000 0.000001 -1.000000
vn 0.000000 0.000001 -1.000000
vn 0.000000 0.000001 -1.000000
vn 0.000000 0.000001 -1.000000
vn 0.000000 0.000001 -1.000000
vn 0.000000 0.000001 -1.000000
vn -1.000000 -0.000000 -0.000000
vn -1.000000 -0.000000 -0.000000
vn -1.000000 -0.000000 -0.000000
vn -1.000000 -0.000000 -0.000000
vn 0.000000 1.000000 0.000001
vn 0.000000 1.000000 0.000001
vn 0.000000 1.000000 0.000001
vn 0.000000 1.000000 0.000001
vn 0.000000 1.000000 0.000001
vn 0.000000 1.000000 0.000001
vn 0.000000 1.000000 0.000001
vn 0.000000 1.000000 0.000001
vn 0.000000 0.491560 0.870844
vn 0.000000 0.254122 0.967172
vn 0.000000 0.491560 0.870844
vn 0.000000 0.254122 0.967172
vn 0.000000 1.000000 0.000001
vn 0.000000 1.000000 0.000001
vn 0.000000 1.000000 0.000001
vn 0.000000 1.000000 0.000001
vn 0.000000 -1.000000 -0.000001
vn 0.000000 -1.000000 -0.000001
vn 0.000000 -1.000000 -0.000001
vn 0.000000 -1.000000 -0.000001
vn 0.000000 0.000001 -1.000000
vn 0.000000 0.000001 -1.000000
vn 0.000000 0.000001 -1.000000
vn 0.000000 0.000001 -1.000000
vn 0.000000 0.000001 -1.000000
vn 0.000000 0.000001 -1.000000
vn 0.000000 0.000001 -1.000000
vn 0.000000 0.000001 -1.000000
vn 0.000000 0.000001 -1.000000
vn 0.000000 0.000001 -1.000000
vn 0.000000 0.000001 -1.000000
vn 0.000000 0.000001 -1.000000
vn 0.000000 0.000001 -1.000000
vn 0.000000 0.000001 -1.000000
vn -0.989949 0.000000 -0.141421
vn -0.998883 0.000000 -0.047246
vn -0.998391 0.000000 -0.056705
vn -1.000000 -0.000000 -0.000000
vn -1.000000 -0.000000 -0.000000
vn -1.000000 -0.000000 -0.000000
vn 0.000000 -1.000000 -0.000001
vn 0.000000 -1.000000 -0.000001
vn 0.000000 -1.000000 -0.000001
vn 0.000000 -1.000000 -0.000001
vn 0.000000 1.000000 0.000001
vn 0.000000 1.000000 0.000001
vn 0.000000 1.000000 0.000001
vn 0.000000 1.000000 0.000001
vn -0.999411 0.000000 -0.034327
vn -0.999411 0.000000 -0.034327
vn -0.999411 0.000000 -0.034327
vn -0.999411 0.000000 -0.034327
vn 0.000000 1.000000 0.000001
vn 0.000000 1.000000 0.000001
vn 0.000000 1.000000 0.000001
vn 0.000000 1.000000 0.000001
vn 0.000000 1.000000 0.000001
vn 0.000000 1.000000 0.000001
vn 0.000000 1.000000 0.000001
vn 0.000000 1.000000 0.000001
vn 0.000000 -1.000000 -0.000001
vn 0.000000 -1.000000 -0.000001
vn 0.000000 -1.000000 -0.000001
vn 0.000000 -1.000000 -0.000001
vn 0.000000 0.491560 0.870844
vn 0.000000 0.254122 0.967172
vn 0.000000 0.254122 0.967172
vn 0.000000 0.491560 0.870844
vn 0.000000 -0.707107 0.707106
vn 0.000000 -0.707107 0.707106
vn 0.000000 -0.707107 0.707106
vn 0.000000 -0.707107 0.707106
vn 0.000000 -0.707107 0.707106
vn 0.000000 -0.000001 1.000000
vn 0.000000 -0.000001 1.000000
vn 0.000000 -0.000001 1.000000
vn 0.000000 -0.000001 1.000000
vn 0.000000 1.000000 0.000001
vn 0.000000 1.000000 0.000001
vn 0.000000 1.000000 0.000001
vn 0.000000 1.000000 0.000001
vn 0.000000 1.000000 0.000001
vn 0.000000 1.000000 0.000001
vn 0.000000 0.992508 -0.122183
vn 0.000000 0.983126 -0.182928
vn 0.000000 0.970143 -0.242535
vn 0.000000 0.970143 -0.242535
vn 0.000000 0.970143 -0.242535
vn 0.000000 -1.000000 -0.000001
vn 0.000000 -1.000000 -0.000001
vn 0.000000 -1.000000 -0.000001
vn 0.000000 -1.000000 -0.000001
vn -1.000000 -0.000000 -0.000000
vn -1.000000 -0.000000 -0.000000
vn -1.000000 -0.000000 -0.000000
vn -1.000000 -0.000000 -0.000000
vn 0.000000 -1.000000 -0.000001
vn 0.000000 -1.000000 -0.000001
vn 0.000000 -1.000000 -0.000001
vn 0.000000 -1.000000 -0.000001
vn 0.000000 0.000001 -1.000000
vn 0.000000 0.000001 -1.000000
vn 0.000000 0.000001 -1.000000
vn 0.000000 0.000001 -1.000000
vn 0.000000 0.000001 -1.000000
vn 0.000000 0.000001 -1.000000
vn 0.000000 0.000001 -1.000000
vn 0.000000 0.000001 -1.000000
vn 0.000000 0.000001 -1.000000
vn 0.582592 -0.182321 -0.792052
vn 0.578101 -0.180773 -0.795688
vn 0.587785 0.000000 -0.809017
vn 0.587785 0.000000 -0.809017
vn -1.000000 -0.000000 -0.000000
vn -1.000000 -0.000000 -0.000000
vn -1.000000 -0.000000 -0.000000
vn -1.000000 -0.000000 -0.000000
vn -1.000000 -0.000000 -0.000000
vn -1.000000 -0.000000 -0.000000
vn -1.000000 -0.000000 -0.000000
vn -1.000000 -0.000000 -0.000000
vn 0.000000 1.000000 0.000001
vn 0.000000 1.000000 0.000001
vn 0.000000 1.000000 0.000001
vn 0.000000 1.000000 0.000001
vn -1.000000 -0.000000 -0.000000
vn -1.000000 -0.000000 -0.000000
vn -1.000000 -0.000000 -0.000000
vn -1.000000 -0.000000 -0.000000
vn -1.000000 -0.000000 -0.000000
vn -1.000000 -0.000000 -0.000000
vn -1.000000 -0.000000 -0.000000
vn -1.000000 -0.000000 -0.000000
vn -1.000000 -0.000000 -0.000000
vn 0.505449 -0.862856 -0.000001
vn 0.862856 -0.505450 -0.000000
vn 0.252725 -0.967538 -0.000001
vn 0.000000 -1.000000 -0.000001
vn 0.000000 -1.000000 -0.000001
vn 0.252725 -0.967538 -0.000001
vn 0.505449 -0.862856 -0.000001
vn 0.967538 -0.252725 -0.000000
vn 0.967538 0.252725 0.000000
vn 0.967538 -0.252725 -0.000000
vn 0.862856 0.505450 0.000000
vn 0.505449 0.862856 0.000001
vn 0.252725 0.967538 0.000001
vn -0.252725 0.967538 0.000001
vn 0.252725 0.967538 0.000001
vn -0.505449 0.862856 0.000001
vn -0.707107 0.707107 0.000000
vn -0.707107 0.707107 0.000000
vn 1.000000 -0.000000 -0.000000
vn 1.000000 -0.000000 -0.000000
vn 1.000000 -0.000000 -0.000000
vn 1.000000 -0.000000 -0.000000
vn 0.000000 1.000000 0.000001
vn 0.000000 1.000000 0.000001
vn 0.000000 1.000000 0.000001
vn 0.000000 1.000000 0.000001
vn 0.000000 0.000001 -1.000000
vn 0.000000 0.000001 -1.000000
vn 0.000000 0.000001 -1.000000
vn 0.000000 0.000001 -1.000000
vn 0.000000 0.000001 -1.000000
vn 0.000000 0.000001 -1.000000
vn 0.000000 0.000001 -1.000000
vn 0.000000 0.000001 -1.000000
vn 0.000000 0.000001 -1.000000
vn 0.000000 0.000001 -1.000000
vn 0.000000 0.000001 -1.000000
vn 0.000000 0.000001 -1.000000
vn 0.000000 0.000001 -1.000000
vn 0.000000 0.000001 -1.000000
vn 1.000000 -0.000000 -0.000000
vn 1.000000 -0.000000 -0.000000
vn 1.000000 -0.000000 -0.000000
vn 1.000000 -0.000000 -0.000000
vn 0.000000 1.000000 0.000001
vn 0.000000 1.000000 0.000001
vn 0.000000 1.000000 0.000001
vn 0.000000 1.000000 0.000001
vn 0.999411 -0.000000 0.034326
vn 0.999411 -0.000000 0.034326
vn 0.999411 -0.000000 0.034326
vn 0.999411 -0.000000 0.034326
vn 1.000000 -0.000000 -0.000000
vn 1.000000 -0.000000 -0.000000
vn 1.000000 -0.000000 -0.000000
vn 1.000000 -0.000000 -0.000000
vn 0.000000 -0.164398 -0.986394
vn 0.000000 -0.164398 -0.986394
vn 0.000000 -0.164398 -0.986394
vn 0.000000 -0.164398 -0.986394
vn 1.000000 -0.000000 -0.000000
vn 1.000000 -0.000000 -0.000000
vn 1.000000 -0.000000 -0.000000
vn 1.000000 -0.000000 -0.000000
vn 1.000000 -0.000000 -0.000000
vn 1.000000 -0.000000 -0.000000
vn 1.000000 -0.000000 -0.000000
vn 1.000000 -0.000000 -0.000000
vn 0.000000 0.000001 -1.000000
vn 0.000000 0.000001 -1.000000
vn 0.000000 0.000001 -1.000000
vn 0.000000 0.000001 -1.000000
vn 0.582592 -0.182321 -0.792052
vn 0.557846 -0.358537 -0.748505
vn 0.578101 -0.180773 -0.795688
vn 0.566246 -0.361433 -0.740764
vn -1.000000 -0.000000 -0.000000
vn -1.000000 -0.000000 -0.000000
vn -1.000000 -0.000000 -0.000000
vn -1.000000 -0.000000 -0.000000
vn 0.000000 -1.000000 -0.000001
vn 0.000000 -1.000000 -0.000001
vn 0.000000 -1.000000 -0.000001
vn 0.000000 -1.000000 -0.000001
vn 0.000000 1.000000 0.000001
vn 0.000000 1.000000 0.000001
vn 0.000000 1.000000 0.000001
vn 0.000000 1.000000 0.000001
vn -0.999411 -0.000000 0.034328
vn -0.999411 -0.000000 0.034328
vn -0.999411 -0.000000 0.034328
vn -0.999411 -0.000000 0.034328
vn -1.000000 -0.000000 -0.000000
vn -1.000000 -0.000000 -0.000000
vn -1.000000 -0.000000 -0.000000
vn -1.000000 -0.000000 -0.000000
vn 0.000000 1.000000 0.000001
vn 0.000000 1.000000 0.000001
vn 0.000000 1.000000 0.000001
vn 0.000000 1.000000 0.000001
vn 0.000000 1.000000 0.000001
vn 0.000000 1.000000 0.000001
vn 0.000000 1.000000 0.000001
vn 0.000000 1.000000 0.000001
vn 0.000000 0.000001 -1.000000
vn 0.000000 0.000001 -1.000000
vn 0.000000 0.000001 -1.000000
vn 0.000000 0.000001 -1.000000
vn 0.000000 -1.000000 -0.000001
vn 0.000000 -1.000000 -0.000001
vn 0.000000 -1.000000 -0.000001
vn 0.000000 -1.000000 -0.000001
vn 0.000000 1.000000 0.000001
vn 0.000000 1.000000 0.000001
vn 0.000000 1.000000 0.000001
vn 0.000000 1.000000 0.000001
vn 0.000000 0.000001 -1.000000
vn 0.000000 0.000001 -1.000000
vn 0.000000 0.000001 -1.000000
vn 0.000000 0.000001 -1.000000
vn 0.000000 0.000001 -1.000000
vn 0.000000 0.000001 -1.000000
vn 0.000000 0.000001 -1.000000
vn 0.000000 0.000001 -1.000000
vn 0.000000 0.000001 -1.000000
vn 0.000000 0.000001 -1.000000
vn 1.000000 -0.000000 -0.000000
vn 1.000000 -0.000000 -0.000000
vn 1.000000 -0.000000 -0.000000
vn 1.000000 -0.000000 -0.000000
vn 0.582592 -0.182321 -0.792052
vn 0.587785 0.000000 -0.809017
vn 0.587785 0.000000 -0.809017
vn 0.578101 -0.180773 -0.795688
vn 1.000000 -0.000000 -0.000000
vn 1.000000 -0.000000 -0.000000
vn 1.000000 -0.000000 -0.000000
vn 1.000000 -0.000000 -0.000000
vn 0.000000 -0.000001 1.000000
vn 0.000000 -0.000001 1.000000
vn 0.000000 -0.000001 1.000000
vn 0.000000 -0.000001 1.000000
vn 0.000000 -1.000000 -0.000001
vn 0.000000 -1.000000 -0.000001
vn 0.000000 -1.000000 -0.000001
vn 0.000000 -1.000000 -0.000001
vn 1.000000 -0.000000 -0.000000
vn 1.000000 -0.000000 -0.000000
vn 1.000000 -0.000000 -0.000000
vn 1.000000 -0.000000 -0.000000
vn 0.000000 1.000000 0.000001
vn 0.000000 1.000000 0.000001
vn 0.000000 1.000000 0.000001
vn 0.000000 1.000000 0.000001
vn -1.000000 -0.000000 -0.000000
vn -1.000000 -0.000000 -0.000000
vn -1.000000 -0.000000 -0.000000
vn -1.000000 -0.000000 -0.000000
vn 0.999411 0.000000 -0.034327
vn 0.999411 0.000000 -0.034327
vn 0.999411 0.000000 -0.034327
vn 0.999411 0.000000 -0.034327
vn 0.582592 -0.182321 -0.792052
vn 0.557846 -0.358537 -0.748505
vn 0.578101 -0.180773 -0.795688
vn 0.566246 -0.361433 -0.740764
vn 1.000000 -0.000000 -0.000000
vn 1.000000 -0.000000 -0.000000
vn 1.000000 -0.000000 -0.000000
vn 1.000000 -0.000000 -0.000000
vn 0.000000 -0.999411 0.034326
vn 0.000000 -0.999411 0.034326
vn 0.000000 -0.999411 0.034326
vn 0.000000 -0.999411 0.034326
vn 0.000000 0.000001 -1.000000
vn 0.000000 0.000001 -1.000000
vn 0.000000 0.000001 -1.000000
vn 0.000000 0.000001 -1.000000
vn 0.000000 0.000001 -1.000000
vn 0.000000 0.000001 -1.000000
vn 0.000000 1.000000 0.000001
vn 0.000000 1.000000 0.000001
vn 0.000000 1.000000 0.000001
vn 0.000000 1.000000 0.000001
vn 0.000000 0.000001 -1.000000
vn 0.000000 0.000001 -1.000000
vn 0.000000 0.000001 -1.000000
vn 0.000000 0.000001 -1.000000
vn 0.000000 0.000001 -1.000000
vn 0.000000 0.000001 -1.000000
vn 0.000000 0.000001 -1.000000
vn 0.000000 0.000001 -1.000000
vn 0.000000 0.000001 -1.000000
vn 0.000000 0.000001 -1.000000
vn 0.000000 1.000000 0.000001
vn 0.000000 1.000000 0.000001
vn 0.000000 1.000000 0.000001
vn 0.000000 1.000000 0.000001
vn 1.000000 -0.000000 -0.000000
vn 1.000000 -0.000000 -0.000000
vn 1.000000 -0.000000 -0.000000
vn 1.000000 -0.000000 -0.000000
vn 0.000000 -1.000000 -0.000001
vn 0.000000 -1.000000 -0.000001
vn 0.000000 -1.000000 -0.000001
vn 0.000000 -1.000000 -0.000001
vn 1.000000 -0.000000 -0.000000
vn 1.000000 -0.000000 -0.000000
vn 1.000000 -0.000000 -0.000000
vn 1.000000 -0.000000 -0.000000
vn -1.000000 -0.000000 -0.000000
vn -1.000000 -0.000000 -0.000000
vn -1.000000 -0.000000 -0.000000
vn -1.000000 -0.000000 -0.000000
vn -1.000000 -0.000000 -0.000000
vn -1.000000 -0.000000 -0.000000
vn -1.000000 -0.000000 -0.000000
vn -1.000000 -0.000000 -0.000000
vn -1.000000 -0.000000 -0.000000
vn -1.000000 -0.000000 -0.000000
vn -1.000000 -0.000000 -0.000000
vn -1.000000 -0.000000 -0.000000
vn 0.000000 1.000000 0.000001
vn 0.000000 1.000000 0.000001
vn 0.000000 1.000000 0.000001
vn 0.000000 1.000000 0.000001
vn -1.000000 -0.000000 -0.000000
vn -1.000000 -0.000000 -0.000000
vn -1.000000 -0.000000 -0.000000
vn -1.000000 -0.000000 -0.000000
vn 1.000000 -0.000000 -0.000000
vn 1.000000 -0.000000 -0.000000
vn 1.000000 -0.000000 -0.000000
vn 1.000000 -0.000000 -0.000000
vn 0.000000 -1.000000 -0.000001
vn 0.000000 -1.000000 -0.000001
vn 0.000000 -1.000000 -0.000001
vn 0.000000 -1.000000 -0.000001
vn -1.000000 -0.000000 -0.000000
vn -1.000000 -0.000000 -0.000000
vn -1.000000 -0.000000 -0.000000
vn -1.000000 -0.000000 -0.000000
vn -1.000000 -0.000000 -0.000000
vn -1.000000 -0.000000 -0.000000
vn -1.000000 -0.000000 -0.000000
vn -1.000000 -0.000000 -0.000000
vn 0.000000 -0.000001 1.000000
vn 0.000000 -0.000001 1.000000
vn 0.000000 -0.000001 1.000000
vn 0.000000 -0.000001 1.000000
vn 0.000000 -0.000001 1.000000
vn 0.000000 -0.000001 1.000000
vn 0.000000 -0.000001 1.000000
vn 0.000000 -0.000001 1.000000
vn 1.000000 -0.000000 -0.000000
vn 1.000000 -0.000000 -0.000000
vn 1.000000 -0.000000 -0.000000
vn 1.000000 -0.000000 -0.000000
vn 1.000000 -0.000000 -0.000000
vn 1.000000 -0.000000 -0.000000
vn 1.000000 -0.000000 -0.000000
vn 1.000000 -0.000000 -0.000000
vn 0.000000 -0.707107 0.707106
vn 0.000000 -0.707107 0.707106
vn 0.000000 -0.707107 0.707106
vn 0.000000 -0.707107 0.707106
vn 0.000000 -0.707107 0.707106
vn 0.000000 0.000001 -1.000000
vn 0.000000 0.000001 -1.000000
vn 0.000000 0.000001 -1.000000
vn 0.000000 0.000001 -1.000000
vn 0.000000 0.000001 -1.000000
vn 0.000000 0.000001 -1.000000
f 1/1/1 2/2/2 3/3/3
f 4/4/4 5/5/5 6/6/6
f 7/7/7 8/8/8 9/9/9
f 10/10/10 11/11/11 12/12/12
f 10/10/10 13/13/13 14/14/14
f 15/15/15 16/16/16 17/17/17
f 15/15/15 18/18/18 19/19/19
f 20/20/20 21/21/21 22/22/22
f 23/23/23 24/24/24 25/25/25
f 23/23/23 26/26/26 27/27/27
f 28/28/28 29/29/29 30/30/30
f 28/28/28 31/31/31 32/32/32
f 33/33/33 34/34/34 35/35/35
f 36/36/36 37/37/37 38/38/38
f 39/39/39 40/40/40 41/41/41
f 42/42/42 43/43/43 44/44/44
f 45/45/45 46/46/46 47/47/47
f 47/47/47 48/48/48 49/49/49
f 50/50/50 48/48/48 51/51/51
f 52/52/52 53/53/53 54/54/54
f 55/55/55 56/56/56 57/57/57
f 58/58/58 59/59/59 60/60/60
f 61/61/61 62/62/62 63/63/63
f 64/64/64 65/65/65 61/61/61
f 66/66/66 65/65/65 64/64/64
f 67/67/67 68/68/68 69/69/69
f 70/70/70 71/71/71 72/72/72
f 73/73/73 74/74/74 75/75/75
f 76/76/76 77/77/77 78/78/78
f 79/79/79 78/78/78 80/80/80
f 81/81/81 82/82/82 83/83/83
f 81/81/81 84/84/84 85/85/85
f 86/86/86 87/87/87 88/88/88
f 89/89/89 90/90/90 91/91/91
f 92/92/92 91/91/91 93/93/93
f 94/94/94 95/95/95 93/93/93
f 94/94/94 93/93/93 96/96/96
f 96/96/96 97/97/97 94/94/94
f 98/98/98 99/99/99 100/100/100
f 101/101/101 102/102/102 103/103/103
f 101/101/101 104/104/104 105/105/105
f 106/106/106 107/107/107 108/108/108
f 109/109/109 110/110/110 111/111/111
f 112/112/112 113/113/113 114/114/114
f 115/115/115 116/116/116 117/117/117
f 118/118/118 119/119/119 120/120/120
f 121/121/121 122/122/122 119/119/119
f 123/123/123 124/124/124 125/125/125
f 126/126/126 123/123/123 127/127/127
f 128/128/128 123/123/123 129/129/129
f 130/130/130 131/131/131 132/132/132
f 130/130/130 133/133/133 134/134/134
f 134/134/134 133/133/133 135/135/135
f 136/136/136 135/135/135 133/133/133
f 137/137/137 138/138/138 139/139/139
f 140/140/140 141/141/141 142/142/142
f 143/143/143 144/144/144 141/141/141
f 144/144/144 145/145/145 141/141/141
f 144/144/144 146/146/146 145/145/145
f 146/146/146 147/147/147 145/145/145
f 147/147/147 146/146/146 148/148/148
f 149/149/149 145/145/145 147/147/147
f 150/150/150 151/151/151 152/152/152
f 153/153/153 154/154/154 155/155/155
f 156/156/156 155/155/155 157/157/157
f 158/158/158 159/159/159 160/160/160
f 161/161/161 162/162/162 163/163/163
f 164/164/164 165/165/165 166/166/166
f 167/167/167 168/168/168 169/169/169
f 170/170/170 171/171/171 172/172/172
f 170/170/170 173/173/173 174/174/174
f 175/175/175 176/176/176 177/177/177
f 178/178/178 179/179/179 180/180/180
f 181/181/181 182/182/182 183/183/183
f 184/184/184 185/185/185 182/182/182
f 185/185/185 186/186/186 182/182/182
f 185/185/185 187/187/187 186/186/186
f 185/185/185 188/188/188 187/187/187
f 188/188/188 189/189/189 187/187/187
f 190/190/190 189/189/189 188/188/188
f 190/190/190 191/191/191 189/189/189
f 192/192/192 193/193/193 189/189/189
f 194/194/194 195/195/195 196/196/196
f 197/197/197 194/194/194 198/198/198
f 199/199/199 200/200/200 201/201/201
f 202/202/202 199/199/199 203/203/203
f 204/204/204 199/199/199 202/202/202
f 199/199/199 204/204/204 205/205/205
f 204/204/204 202/202/202 206/206/206
f 207/207/207 204/204/204 208/208/208
f 209/209/209 210/210/210 211/211/211
f 212/212/212 213/213/213 214/214/214
f 215/215/215 216/216/216 217/217/217
f 215/215/215 218/218/218 219/219/219
f 215/215/215 219/219/219 220/220/220
f 221/221/221 222/222/222 223/223/223
f 224/224/224 225/225/225 226/226/226
f 224/224/224 227/227/227 228/228/228
f 224/224/224 228/228/228 229/229/229
f 230/230/230 231/231/231 232/232/232
f 233/233/233 234/234/234 235/235/235
f 236/236/236 237/237/237 238/238/238
f 239/239/239 240/240/240 241/241/241
f 242/242/242 243/243/243 244/244/244
f 245/245/245 246/246/246 247/247/247
f 248/248/248 249/249/249 250/250/250
f 251/251/251 252/252/252 253/253/253
f 254/254/254 255/255/255 256/256/256
f 257/257/257 258/258/258 259/259/259
f 260/260/260 261/261/261 262/262/262
f 263/263/263 264/264/264 265/265/265
f 266/266/266 267/267/267 268/268/268
f 269/269/269 267/267/267 270/270/270
f 267/267/267 271/271/271 272/272/272
f 271/271/271 267/267/267 273/273/273
f 271/271/271 273/273/273 274/274/274
f 275/275/275 276/276/276 277/277/277
f 278/278/278 279/279/279 280/280/280
f 281/281/281 280/280/280 282/282/282
f 282/282/282 280/280/280 283/283/283
f 284/284/284 285/285/285 283/283/283
f 286/286/286 287/287/287 288/288/288
f 289/289/289 290/290/290 291/291/291
f 292/292/292 293/293/293 294/294/294
f 295/295/295 296/296/296 297/297/297
f 298/298/298 295/295/295 299/299/299
f 295/295/295 300/300/300 301/301/301
f 302/302/302 295/295/295 301/301/301
f 303/303/303 304/304/304 299/299/299
f 304/304/304 303/303/303 305/305/305
f 306/306/306 307/307/307 308/308/308
f 306/306/306 309/309/309 310/310/310
f 311/311/311 312/312/312 313/313/313
f 314/314/314 315/315/315 316/316/316
f 317/317/317 318/318/318 319/319/319
f 320/320/320 321/321/321 322/322/322
f 323/323/323 324/324/324 325/325/325
f 326/326/326 327/327/327 324/324/324
f 328/328/328 329/329/329 326/326/326
f 330/330/330 331/331/331 332/332/332
f 333/333/333 334/334/334 335/335/335
f 336/336/336 337/337/337 338/338/338
f 339/339/339 338/338/338 340/340/340
f 341/341/341 342/342/342 339/339/339
f 341/341/341 343/343/343 342/342/342
f 344/344/344 343/343/343 341/341/341
f 344/344/344 345/345/345 343/343/343
f 346/346/346 345/345/345 347/347/347
f 346/346/346 348/348/348 345/345/345
f 349/349/349 348/348/348 350/350/350
f 349/349/349 351/351/351 348/348/348
f 352/352/352 351/351/351 349/349/349
f 352/352/352 353/353/353 351/351/351
f 354/354/354 355/355/355 356/356/356
f 357/357/357 358/358/358 359/359/359
f 360/360/360 361/361/361 362/362/362
f 363/363/363 364/364/364 365/365/365
f 366/366/366 367/367/367 368/368/368
f 369/369/369 370/370/370 371/371/371
f 372/372/372 373/373/373 374/374/374
f 375/375/375 376/376/376 377/377/377
f 378/378/378 379/379/379 380/380/380
f 381/381/381 382/382/382 383/383/383
f 384/384/384 385/385/385 386/386/386
f 387/387/387 388/388/388 389/389/389
f 390/390/390 391/391/391 392/392/392
f 393/393/393 394/394/394 395/395/395
f 396/396/396 397/397/397 398/398/398
f 399/399/399 400/400/400 401/401/401
f 399/399/399 401/401/401 402/402/402
f 403/403/403 404/404/404 405/405/405
f 403/403/403 405/405/405 406/406/406
f 407/407/407 408/408/408 409/409/409
f 407/407/407 409/409/409 410/410/410
f 411/411/411 412/412/412 413/413/413
f 411/411/411 413/413/413 414/414/414
f 415/415/415 416/416/416 417/417/417
f 415/415/415 417/417/417 418/418/418
f 419/419/419 420/420/420 421/421/421
f 419/419/419 422/422/422 420/420/420
f 423/423/423 424/424/424 425/425/425
f 423/423/423 425/425/425 426/426/426
f 427/427/427 428/428/428 429/429/429
f 427/427/427 429/429/429 430/430/430
f 431/431/431 432/432/432 433/433/433
f 434/434/434 432/432/432 431/431/431
f 435/435/435 432/432/432 434/434/434
f 435/435/435 436/436/436 432/432/432
f 436/436/436 435/435/435 437/437/437
f 438/438/438 436/436/436 437/437/437
f 436/436/436 438/438/438 439/439/439
f 436/436/436 439/439/439 440/440/440
f 441/441/441 442/442/442 443/443/443
f 441/441/441 443/443/443 444/444/444
f 445/445/445 446/446/446 447/447/447
f 448/448/448 447/447/447 446/446/446
f 448/448/448 449/449/449 447/447/447
f 447/447/447 449/449/449 450/450/450
f 451/451/451 452/452/452 453/453/453
f 451/451/451 453/453/453 454/454/454
f 455/455/455 456/456/456 457/457/457
f 455/455/455 457/457/457 458/458/458
f 459/459/459 460/460/460 461/461/461
f 459/459/459 461/461/461 462/462/462
f 463/463/463 464/464/464 465/465/465
f 463/463/463 465/465/465 466/466/466
f 467/467/467 468/468/468 469/469/469
f 467/467/467 469/469/469 470/470/470
f 471/471/471 472/472/472 473/473/473
f 471/471/471 473/473/473 474/474/474
f 475/475/475 476/476/476 477/477/477
f 475/475/475 477/477/477 478/478/478
f 479/479/479 480/480/480 481/481/481
f 479/479/479 482/482/482 480/480/480
f 483/483/483 480/480/480 482/482/482
f 484/484/484 485/485/485 486/486/486
f 484/484/484 486/486/486 487/487/487
f 488/488/488 489/489/489 490/490/490
f 488/488/488 491/491/491 489/489/489
f 492/492/492 493/493/493 488/488/488
f 492/492/492 488/488/488 494/494/494
f 492/492/492 494/494/494 495/495/495
f 496/496/496 495/495/495 497/497/497
f 495/495/495 498/498/498 497/497/497
f 499/499/499 500/500/500 501/501/501
f 499/499/499 501/501/501 502/502/502
f 503/503/503 504/504/504 505/505/505
f 503/503/503 505/505/505 506/506/506
f 507/507/507 508/508/508 509/509/509
f 507/507/507 509/509/509 510/510/510
f 511/511/511 512/512/512 513/513/513
f 511/511/511 513/513/513 514/514/514
f 511/511/511 514/514/514 515/515/515
f 515/515/515 514/514/514 516/516/516
f 517/517/517 513/513/513 518/518/518
f 513/513/513 519/519/519 518/518/518
f 520/520/520 521/521/521 522/522/522
f 520/520/520 522/522/522 523/523/523
f 524/524/524 525/525/525 526/526/526
f 524/524/524 526/526/526 527/527/527
f 528/528/528 529/529/529 530/530/530
f 528/528/528 531/531/531 529/529/529
f 532/532/532 533/533/533 534/534/534
f 532/532/532 535/535/535 533/533/533
f 536/536/536 537/537/537 538/538/538
f 536/536/536 538/538/538 539/539/539
f 540/540/540 541/541/541 542/542/542
f 542/542/542 541/541/541 543/543/543
f 544/544/544 543/543/543 541/541/541
f 545/545/545 546/546/546 547/547/547
f 547/547/547 548/548/548 549/549/549
f 550/550/550 549/549/549 551/551/551
f 551/551/551 552/552/552 546/546/546
f 553/553/553 546/546/546 554/554/554
f 553/553/553 554/554/554 555/555/555
f 556/556/556 553/553/553 555/555/555
f 556/556/556 555/555/555 557/557/557
f 558/558/558 556/556/556 559/559/559
f 558/558/558 559/559/559 560/560/560
f 561/561/561 558/558/558 560/560/560
f 561/561/561 560/560/560 562/562/562
f 563/563/563 564/564/564 565/565/565
f 566/566/566 565/565/565 564/564/564
f 567/567/567 568/568/568 569/569/569
f 567/567/567 569/569/569 570/570/570
f 571/571/571 572/572/572 573/573/573
f 574/574/574 572/572/572 571/571/571
f 575/575/575 576/576/576 577/577/577
f 575/575/575 578/578/578 576/576/576
f 578/578/578 575/575/575 579/579/579
f 580/580/580 579/579/579 575/575/575
f 580/580/580 575/575/575 581/581/581
f 580/580/580 581/581/581 582/582/582
f 582/582/582 581/581/581 583/583/583
f 583/583/583 581/581/581 584/584/584
f 585/585/585 586/586/586 587/587/587
f 585/585/585 587/587/587 588/588/588
f 589/589/589 590/590/590 591/591/591
f 589/589/589 592/592/592 590/590/590
f 593/593/593 594/594/594 595/595/595
f 593/593/593 595/595/595 596/596/596
f 597/597/597 598/598/598 599/599/599
f 597/597/597 599/599/599 600/600/600
f 601/601/601 602/602/602 603/603/603
f 601/601/601 604/604/604 602/602/602
f 605/605/605 606/606/606 607/607/607
f 605/605/605 607/607/607 608/608/608
f 609/609/609 610/610/610 611/611/611
f 609/609/609 611/611/611 612/612/612
f 613/613/613 614/614/614 615/615/615
f 613/613/613 615/615/615 616/616/616
f 617/617/617 618/618/618 619/619/619
f 617/617/617 620/620/620 618/618/618
f 621/621/621 622/622/622 623/623/623
f 621/621/621 623/623/623 624/624/624
f 625/625/625 626/626/626 627/627/627
f 625/625/625 628/628/628 626/626/626
f 629/629/629 630/630/630 631/631/631
f 629/629/629 632/632/632 630/630/630
f 633/633/633 634/634/634 635/635/635
f 633/633/633 635/635/635 636/636/636
f 637/637/637 638/638/638 639/639/639
f 637/637/637 640/640/640 638/638/638
f 641/641/641 642/642/642 643/643/643
f 641/641/641 644/644/644 642/642/642
f 645/645/645 646/646/646 647/647/647
f 645/645/645 648/648/648 646/646/646
f 649/649/649 650/650/650 651/651/651
f 649/649/649 652/652/652 650/650/650
f 653/653/653 654/654/654 655/655/655
f 653/653/653 656/656/656 654/654/654
f 657/657/657 658/658/658 659/659/659
f 657/657/657 660/660/660 658/658/658
f 661/661/661 662/662/662 663/663/663
f 664/664/664 662/662/662 661/661/661
f 665/665/665 662/662/662 664/664/664
f 666/666/666 662/662/662 665/665/665
f 666/666/666 667/667/667 662/662/662
f 667/667/667 666/666/666 668/668/668
f 669/669/669 667/667/667 668/668/668
f 667/667/667 669/669/669 670/670/670
f 671/671/671 672/672/672 673/673/673
f 671/671/671 674/674/674 672/672/672
f 675/675/675 676/676/676 677/677/677
f 675/675/675 678/678/678 676/676/676
f 679/679/679 680/680/680 681/681/681
f 679/679/679 682/682/682 680/680/680
f 683/683/683 684/684/684 685/685/685
f 683/683/683 685/685/685 686/686/686
f 687/687/687 688/688/688 689/689/689
f 687/687/687 690/690/690 688/688/688
f 691/691/691 692/692/692 693/693/693
f 691/691/691 694/694/694 692/692/692
f 695/695/695 696/696/696 697/697/697
f 695/695/695 698/698/698 696/696/696
f 699/699/699 700/700/700 701/701/701
f 699/699/699 701/701/701 702/702/702
f 703/703/703 704/704/704 705/705/705
f 703/703/703 705/705/705 706/706/706
f 707/707/707 708/708/708 709/709/709
f 707/707/707 710/710/710 708/708/708
f 711/711/711 712/712/712 713/713/713
f 711/711/711 713/713/713 714/714/714
f 715/715/715 716/716/716 717/717/717
f 715/715/715 717/717/717 718/718/718
f 719/719/719 720/720/720 721/721/721
f 722/722/722 720/720/720 719/719/719
f 722/722/722 719/719/719 723/723/723
f 722/722/722 723/723/723 724/724/724
f 725/725/725 726/726/726 727/727/727
f 725/725/725 728/728/728 726/726/726
f 729/729/729 730/730/730 731/731/731
f 732/732/732 730/730/730 729/729/729
f 732/732/732 733/733/733 730/730/730
f 734/734/734 730/730/730 733/733/733
f 735/735/735 734/734/734 733/733/733
f 734/734/734 735/735/735 736/736/736
f 737/737/737 734/734/734 736/736/736
f 734/734/734 737/737/737 738/738/738
f 739/739/739 740/740/740 741/741/741
f 739/739/739 741/741/741 742/742/742
f 743/743/743 744/744/744 745/745/745
f 743/743/743 745/745/745 746/746/746
f 747/747/747 748/748/748 749/749/749
f 747/747/747 750/750/750 748/748/748
f 751/751/751 752/752/752 753/753/753
f 752/752/752 751/751/751 754/754/754
f 755/755/755 756/756/756 757/757/757
f 755/755/755 758/758/758 756/756/756
f 759/759/759 760/760/760 761/761/761
f 759/759/759 761/761/761 762/762/762
f 763/763/763 764/764/764 765/765/765
f 763/763/763 765/765/765 766/766/766
f 767/767/767 768/768/768 769/769/769
f 767/767/767 769/769/769 770/770/770
f 771/771/771 772/772/772 773/773/773
f 771/771/771 773/773/773 774/774/774
f 775/775/775 776/776/776 777/777/777
f 775/775/775 777/777/777 778/778/778
f 779/779/779 780/780/780 781/781/781
f 779/779/779 781/781/781 782/782/782
f 783/783/783 784/784/784 785/785/785
f 784/784/784 786/786/786 785/785/785
f 787/787/787 785/785/785 786/786/786
f 788/788/788 787/787/787 786/786/786
f 786/786/786 784/784/784 789/789/789
f 789/789/789 784/784/784 790/790/790
f 791/791/791 792/792/792 793/793/793
f 794/794/794 792/792/792 791/791/791
f 795/795/795 792/792/792 794/794/794
f 792/792/792 795/795/795 796/796/796
f 792/792/792 796/796/796 797/797/797
f 796/796/796 795/795/795 798/798/798
f 799/799/799 800/800/800 801/801/801
f 799/799/799 802/802/802 800/800/800
f 803/803/803 804/804/804 805/805/805
f 803/803/803 805/805/805 806/806/806
f 807/807/807 808/808/808 809/809/809
f 807/807/807 810/810/810 808/808/808
f 811/811/811 808/808/808 810/810/810
f 812/812/812 813/813/813 814/814/814
f 815/815/815 813/813/813 812/812/812
f 813/813/813 815/815/815 816/816/816
f 816/816/816 815/815/815 817/817/817
