g Model_0
v 0.650011 1.045284 -2.549997
v 0.650011 0.423868 -2.475319
v 0.650011 0.423868 -2.549997
v -0.649989 1.045284 -2.475324
v -0.649989 0.423868 -2.550003
v -0.649989 0.423868 -2.475324
v 0.167973 2.250000 -1.042969
v 0.167972 1.521704 -0.832031
v 0.167973 1.521704 -1.042968
v -0.042965 2.250000 -1.042969
v 0.167973 1.521704 -1.042968
v -0.042964 1.521704 -1.042969
v -0.042965 2.250000 -0.832032
v -0.042964 1.521704 -1.042969
v -0.042965 1.521704 -0.832032
v 0.167972 2.250000 -0.832031
v -0.042965 1.521704 -0.832032
v 0.167972 1.521704 -0.832031
v -0.171871 2.375000 -1.078126
v -0.171872 1.521704 -0.796876
v -0.171871 1.521704 -1.078126
v -0.453121 2.375000 -1.078128
v -0.171871 1.521704 -1.078126
v -0.453121 1.521704 -1.078127
v -0.453122 2.375000 -0.796877
v -0.453121 1.521704 -1.078127
v -0.453122 1.521704 -0.796877
v -0.171872 2.375000 -0.796876
v -0.453122 1.521704 -0.796877
v -0.171872 1.521704 -0.796876
v -1.151969 1.150899 0.107129
v -0.951188 1.244292 -0.610612
v -0.991433 1.150898 -0.491986
v -1.063375 -0.271789 0.265195
v -0.861365 -0.178396 -0.457133
v -1.021901 -0.178396 0.141981
v -1.250010 2.625001 2.249994
v -1.000002 2.625000 0.249995
v -1.250003 2.625000 0.499994
v -1.250010 2.625001 2.249994
v 0.999999 2.625000 0.250004
v -1.250010 2.625001 2.249994
v 1.249990 2.625001 2.250005
v -1.000010 2.375001 2.249995
v -1.250010 2.375001 2.249994
v -1.000010 1.625001 2.249995
v 1.249991 2.375001 2.000005
v 1.249990 2.625001 2.250005
v 1.249990 2.375001 2.250005
v -1.250009 1.625001 1.999994
v -1.250010 2.375001 2.249994
v -1.250009 2.375001 1.999994
v -1.250010 2.625001 2.249994
v -1.250003 2.625000 0.499994
v -1.000002 2.625000 0.249995
v 0.999999 2.375000 0.250004
v -1.000002 2.375000 0.249995
v -1.000001 1.625000 0.249995
v -1.250003 2.375000 0.499994
v -1.250003 2.625000 0.499994
v -1.250004 2.375000 0.749994
v -1.250003 2.375000 0.499994
v -1.000001 1.625000 0.249995
v -1.250003 1.625000 0.499994
v -1.250003 2.375000 0.499994
v -1.000002 2.625000 0.249995
v -1.000002 2.375000 0.249995
v 0.650011 1.045284 -2.475319
v 0.650011 0.423868 -2.475319
v 0.650011 1.045284 -2.549997
v -0.649989 1.045284 -2.550003
v -0.649989 0.423868 -2.550003
v -0.649989 1.045284 -2.475324
v 0.167972 2.250000 -0.832031
v 0.167972 1.521704 -0.832031
v 0.167973 2.250000 -1.042969
v 0.167973 2.250000 -1.042969
v 0.167973 1.521704 -1.042968
v -0.042965 2.250000 -1.042969
v -0.042965 2.250000 -1.042969
v -0.042964 1.521704 -1.042969
v -0.042965 2.250000 -0.832032
v -0.042965 2.250000 -0.832032
v -0.042965 1.521704 -0.832032
v 0.167972 2.250000 -0.832031
v -0.171872 2.375000 -0.796876
v -0.171872 1.521704 -0.796876
v -0.171871 2.375000 -1.078126
v -0.171871 2.375000 -1.078126
v -0.171871 1.521704 -1.078126
v -0.453121 2.375000 -1.078128
v -0.453121 2.375000 -1.078128
v -0.453121 1.521704 -1.078127
v -0.453122 2.375000 -0.796877
v -0.453122 2.375000 -0.796877
v -0.453122 1.521704 -0.796877
v -0.171872 2.375000 -0.796876
v -0.979189 0.724406 0.287753
v -0.953499 0.631012 0.160310
v -0.937715 0.817799 0.164539
v -1.021282 0.226308 0.276474
v -0.953499 0.631012 0.160310
v -0.979808 0.319701 0.153260
v -0.937096 1.222503 0.299032
v -0.911406 1.129110 0.171588
v -0.710626 1.222503 -0.546152
v -0.750871 1.129110 -0.427526
v -0.777179 0.817799 -0.434576
v -0.792964 0.631012 -0.438805
v -0.937715 0.817799 0.164539
v -0.953499 0.631012 0.160310
v -0.819272 0.319701 -0.445855
v -0.836905 -0.271789 -0.579989
v -0.835057 0.132915 -0.450084
v -0.861365 -0.178396 -0.457133
v -0.979808 0.319701 0.153260
v -0.995592 0.132915 0.149031
v -1.021282 0.226308 0.276474
v -1.063375 -0.271789 0.265195
v -1.021901 -0.178396 0.141981
v -1.021282 0.226308 0.276474
v -1.021282 0.226308 0.276474
v -0.995592 0.132915 0.149031
v -0.710626 1.222503 -0.546152
v -0.911406 1.129110 0.171588
v -0.750871 1.129110 -0.427526
v -0.710626 1.222503 -0.546152
v -0.819272 0.319701 -0.445855
v -0.836905 -0.271789 -0.579989
v -1.021282 0.226308 0.276474
v -1.303938 -0.250000 0.200736
v -1.063375 -0.271789 0.265195
v -0.993281 0.746194 -0.621891
v -0.991433 1.150898 -0.491986
v -0.951188 1.244292 -0.610612
v -1.033526 0.652801 -0.503265
v -1.017742 0.839588 -0.499035
v -1.219752 0.746195 0.223293
v -0.937096 1.222503 0.299032
v -1.177659 1.244292 0.234572
v -1.219752 0.746195 0.223293
v -1.178277 0.839588 0.100080
v -1.194062 0.652801 0.095850
v -1.220370 0.341490 0.088801
v -1.261845 0.248097 0.212015
v -1.220370 0.341490 0.088801
v -1.236155 0.154704 0.084571
v -0.993281 0.746194 -0.621891
v -1.017742 0.839588 -0.499035
v -0.991433 1.150898 -0.491986
v -1.033526 0.652801 -0.503265
v -1.194062 0.652801 0.095850
v -1.178277 0.839588 0.100080
v -1.219752 0.746195 0.223293
v -1.220370 0.341490 0.088801
v -1.178277 0.839588 0.100080
v -1.219752 0.746195 0.223293
v -1.151969 1.150899 0.107129
v -1.177659 1.244292 0.234572
v -0.951188 1.244292 -0.610612
v -1.151969 1.150899 0.107129
v -1.219752 0.746195 0.223293
v -1.177659 1.244292 0.234572
v -0.836905 -0.271789 -0.579989
v -0.861365 -0.178396 -0.457133
v -1.063375 -0.271789 0.265195
v -1.077467 -0.250000 -0.644449
v -1.075619 0.154704 -0.514544
v -1.035374 0.248097 -0.633170
v -1.262463 -0.156607 0.077522
v -1.261845 0.248097 0.212015
v -1.236155 0.154704 0.084571
v -1.033526 0.652801 -0.503265
v -0.993281 0.746194 -0.621891
v -1.059835 0.341490 -0.510314
v -1.075619 0.154704 -0.514544
v -1.236155 0.154704 0.084571
v -1.220370 0.341490 0.088801
v 1.249991 2.375001 2.000005
v 1.249990 2.375001 2.250005
v 1.249991 1.625001 2.000005
v 1.249997 1.625000 0.750005
v 1.249998 2.375000 0.500005
v 1.249997 2.375001 0.750005
v 0.999999 2.625000 0.250004
v 1.249990 2.625001 2.250005
v 1.249998 2.625000 0.500005
v -1.250010 2.375001 2.249994
v -1.000010 2.375001 2.249995
v -1.250010 2.625001 2.249994
v 1.249990 2.375001 2.250005
v 0.999990 2.375001 2.250004
v 0.999990 1.625001 2.250004
v 1.249990 -0.124999 2.250006
v 0.999990 1.625001 2.250004
v 0.749990 -0.124999 2.250003
v -1.000010 1.625001 2.249995
v -1.250010 -0.124999 2.249995
v -1.250010 2.375001 2.249994
v 1.249998 2.375000 0.500005
v 0.999999 2.625000 0.250004
v 1.249998 2.625000 0.500005
v 1.249997 2.375001 0.750005
v 1.249998 2.375000 0.500005
v 1.249990 2.625001 2.250005
v 0.999999 1.625000 0.250004
v 0.999999 2.375000 0.250004
v 1.249998 2.375000 0.500005
v 1.249998 2.375000 0.500005
v 0.999999 2.375000 0.250004
v 0.999999 2.625000 0.250004
v 0.999999 2.375000 0.250004
v -1.000002 2.625000 0.249995
v -1.250009 2.375001 1.999994
v -1.250004 2.375000 0.749994
v -1.000009 2.375001 1.999995
v 0.999991 2.375001 2.000004
v 1.249997 2.375001 0.750005
v 1.249991 2.375001 2.000005
v -0.750001 0.625000 0.249997
v 0.999998 0.625000 0.500004
v 0.749999 0.625000 0.250003
v 1.249997 2.375001 0.750005
v 1.249990 2.625001 2.250005
v 1.249991 2.375001 2.000005
v -1.250010 2.375001 2.249994
v -1.250010 2.625001 2.249994
v -1.250009 2.375001 1.999994
v -1.250009 2.375001 1.999994
v -1.250003 2.625000 0.499994
v -1.250004 2.375000 0.749994
v 0.650011 1.045284 -2.549997
v -0.649989 0.423868 -2.550003
v -0.649989 1.045284 -2.550003
v 0.650011 0.423868 -2.549997
v 0.650011 0.423868 -2.549997
v -0.649989 0.423868 -2.475324
v -0.649989 0.423868 -2.550003
v 0.650011 0.423868 -2.475319
v -0.649989 1.045284 -2.550003
v 0.650011 1.045284 -2.475319
v 0.650011 1.045284 -2.549997
v -0.649989 1.045284 -2.475324
v -0.042965 2.250000 -1.042969
v 0.167972 2.250000 -0.832031
v 0.167973 2.250000 -1.042969
v -0.042965 2.250000 -0.832032
v -0.453121 2.375000 -1.078128
v -0.171872 2.375000 -0.796876
v -0.171871 2.375000 -1.078126
v -0.453122 2.375000 -0.796877
v 0.562512 0.323868 -2.749998
v 0.562510 -0.284478 -2.388656
v 0.562512 -0.284478 -2.749998
v 0.562510 0.323868 -2.388656
v -0.562488 0.323868 -2.750003
v 0.562512 -0.284478 -2.749998
v -0.562488 -0.284478 -2.750003
v 0.562512 0.323868 -2.749998
v -0.562489 0.323868 -2.388661
v -0.562488 -0.284478 -2.750003
v -0.562489 -0.284478 -2.388661
v -0.562488 0.323868 -2.750003
v 0.562510 0.323868 -2.388656
v -0.562489 -0.284478 -2.388661
v 0.562510 -0.284478 -2.388656
v -0.562489 0.323868 -2.388661
v 0.562512 -0.284478 -2.749998
v -0.562489 -0.284478 -2.388661
v -0.562488 -0.284478 -2.750003
v 0.562510 -0.284478 -2.388656
v -0.562488 0.323868 -2.750003
v 0.562510 0.323868 -2.388656
v 0.562512 0.323868 -2.749998
v -0.562489 0.323868 -2.388661
v -1.035374 0.248097 -0.633170
v -0.836905 -0.271789 -0.579989
v -1.077467 -0.250000 -0.644449
v -0.710626 1.222503 -0.546152
v 0.951193 1.244292 -0.610604
v 0.993286 0.746195 -0.621882
v 0.710630 1.222503 -0.546146
v 0.836910 -0.271789 -0.579982
v 1.035379 0.248097 -0.633161
v 1.077473 -0.250000 -0.644439
v 1.077473 -0.250000 -0.644439
v 1.063373 -0.271789 0.265205
v 0.836910 -0.271789 -0.579982
v 1.303936 -0.250000 0.200747
v 0.710630 1.222503 -0.546146
v 1.177656 1.244292 0.234583
v 0.951193 1.244292 -0.610604
v 0.937094 1.222503 0.299040
v 0.937713 0.817799 0.164547
v 1.151967 1.150899 0.107139
v 1.178276 0.839588 0.100090
v 0.911405 1.129110 0.171596
v 0.750875 1.129110 -0.427520
v 1.151967 1.150899 0.107139
v 0.911405 1.129110 0.171596
v 0.991437 1.150899 -0.491977
v 0.750875 1.129110 -0.427520
v 1.017746 0.839588 -0.499026
v 0.991437 1.150899 -0.491977
v 0.777183 0.817799 -0.434569
v 0.777183 0.817799 -0.434569
v 1.178276 0.839588 0.100090
v 1.017746 0.839588 -0.499026
v 0.937713 0.817799 0.164547
v 0.819276 0.319702 -0.445847
v 1.220369 0.341491 0.088811
v 1.059839 0.341491 -0.510305
v 0.979806 0.319702 0.153269
v 0.792968 0.631012 -0.438798
v 1.194061 0.652802 0.095860
v 0.953498 0.631013 0.160318
v 1.033531 0.652801 -0.503256
v 0.979806 0.319702 0.153269
v 1.194061 0.652802 0.095860
v 1.220369 0.341491 0.088811
v 0.953498 0.631013 0.160318
v 0.792968 0.631012 -0.438798
v 1.059839 0.341491 -0.510305
v 1.033531 0.652801 -0.503256
v 0.819276 0.319702 -0.445847
v 0.995591 0.132915 0.149039
v 1.075624 0.154704 -0.514534
v 1.236154 0.154704 0.084582
v 0.835061 0.132915 -0.450077
v 0.861369 -0.178396 -0.457126
v 1.262462 -0.156607 0.077533
v 1.101932 -0.156607 -0.521584
v 1.021899 -0.178396 0.141990
v 0.995591 0.132915 0.149039
v 1.262462 -0.156607 0.077533
v 1.021899 -0.178396 0.141990
v 1.236154 0.154704 0.084582
v 0.835061 0.132915 -0.450077
v 1.101932 -0.156607 -0.521584
v 1.075624 0.154704 -0.514534
v 0.861369 -0.178396 -0.457126
v 0.937094 1.222503 0.299040
v 1.219750 0.746195 0.223304
v 1.177656 1.244292 0.234583
v 0.979187 0.724406 0.287762
v 1.021280 0.226309 0.276483
v 1.261843 0.248098 0.212026
v 1.303936 -0.250000 0.200747
v 1.063373 -0.271789 0.265205
v -1.063375 -0.271789 0.265195
v -1.077467 -0.250000 -0.644449
v -0.836905 -0.271789 -0.579989
v -1.303938 -0.250000 0.200736
v -1.177659 1.244292 0.234572
v -0.710626 1.222503 -0.546152
v -0.951188 1.244292 -0.610612
v -0.937096 1.222503 0.299032
v -0.911406 1.129110 0.171588
v -1.178277 0.839588 0.100080
v -1.151969 1.150899 0.107129
v -0.937715 0.817799 0.164539
v -0.911406 1.129110 0.171588
v -0.979189 0.724406 0.287753
v -0.937715 0.817799 0.164539
v -0.937096 1.222503 0.299032
v -0.750871 1.129110 -0.427526
v -1.151969 1.150899 0.107129
v -0.991433 1.150898 -0.491986
v -0.911406 1.129110 0.171588
v -1.059835 0.341490 -0.510314
v -1.035374 0.248097 -0.633170
v -1.075619 0.154704 -0.514544
v -0.993281 0.746194 -0.621891
v -1.017742 0.839588 -0.499035
v -0.750871 1.129110 -0.427526
v -0.991433 1.150898 -0.491986
v -0.777179 0.817799 -0.434576
v -1.178277 0.839588 0.100080
v -0.777179 0.817799 -0.434576
v -1.017742 0.839588 -0.499035
v -0.937715 0.817799 0.164539
v -1.220370 0.341490 0.088801
v -0.819272 0.319701 -0.445855
v -1.059835 0.341490 -0.510314
v -0.979808 0.319701 0.153260
v -0.792964 0.631012 -0.438805
v -1.194062 0.652801 0.095850
v -1.033526 0.652801 -0.503265
v -0.953499 0.631012 0.160310
v -1.194062 0.652801 0.095850
v -0.979808 0.319701 0.153260
v -1.220370 0.341490 0.088801
v -0.953499 0.631012 0.160310
v -1.059835 0.341490 -0.510314
v -0.792964 0.631012 -0.438805
v -1.033526 0.652801 -0.503265
v -0.819272 0.319701 -0.445855
v -1.075619 0.154704 -0.514544
v -0.995592 0.132915 0.149031
v -1.236155 0.154704 0.084571
v -0.835057 0.132915 -0.450084
v -1.262463 -0.156607 0.077522
v -0.861365 -0.178396 -0.457133
v -1.101928 -0.156607 -0.521593
v -1.021901 -0.178396 0.141981
v -0.995592 0.132915 0.149031
v -1.262463 -0.156607 0.077522
v -1.236155 0.154704 0.084571
v -1.021901 -0.178396 0.141981
v -1.101928 -0.156607 -0.521593
v -0.835057 0.132915 -0.450084
v -1.075619 0.154704 -0.514544
v -0.861365 -0.178396 -0.457133
v 0.562491 -0.284477 2.138661
v 0.562489 0.323869 2.500003
v 0.562489 -0.284477 2.500003
v 0.562491 0.323869 2.138661
v 0.562489 -0.284477 2.500003
v -0.562511 0.323869 2.499998
v -0.562511 -0.284477 2.499998
v 0.562489 0.323869 2.500003
v -0.562511 -0.284477 2.499998
v -0.562509 0.323869 2.138656
v -0.562509 -0.284477 2.138656
v -0.562511 0.323869 2.499998
v -0.562509 -0.284477 2.138656
v 0.562491 0.323869 2.138661
v 0.562491 -0.284477 2.138661
v -0.562509 0.323869 2.138656
v -0.562509 -0.284477 2.138656
v 0.562489 -0.284477 2.500003
v -0.562511 -0.284477 2.499998
v 0.562491 -0.284477 2.138661
v 0.562491 0.323869 2.138661
v -0.562511 0.323869 2.499998
v 0.562489 0.323869 2.500003
v -0.562509 0.323869 2.138656
v -1.000009 0.625001 1.999996
v -1.000002 1.625000 0.499995
v -1.000009 1.625001 1.999995
v -1.000002 0.625000 0.499996
v -0.750001 1.625000 0.249996
v -0.750001 0.625000 0.249997
v 0.749999 1.625000 0.250003
v 0.749999 0.625000 0.250003
v 0.999998 1.625000 0.500004
v 0.999998 0.625000 0.500004
v 0.999991 1.625001 2.000004
v 0.999991 0.625001 2.000004
v 0.750011 1.499999 -2.499997
v -0.749989 -0.125001 -2.500003
v -0.749989 1.499999 -2.500004
v 0.750011 -0.125001 -2.499997
v 1.249990 2.625001 2.250005
v 0.999990 2.375001 2.250004
v 1.249990 2.375001 2.250005
v -1.250010 2.625001 2.249994
v -1.000010 2.375001 2.249995
v -0.749989 -0.125001 -2.500003
v -0.750000 1.625000 -0.000004
v -0.749989 1.499999 -2.500004
v -0.750000 -0.125000 -0.000003
v 0.999998 1.625000 0.500004
v 1.249991 1.625001 2.000005
v 1.249997 1.625000 0.750005
v 0.999991 1.625001 2.000004
v -1.000010 1.625001 2.249995
v 0.999990 1.625001 2.250004
v -1.000009 1.625001 1.999995
v 0.999999 1.625000 0.250004
v 0.749999 1.625000 0.250003
v 0.750000 1.625000 0.000003
v -0.750001 1.625000 0.249996
v -0.750000 1.625000 -0.000004
v -1.000001 1.625000 0.249995
v -1.000002 1.625000 0.499995
v -1.250009 1.625001 1.999994
v -1.250004 1.625000 0.749994
v -1.000010 1.625001 2.249995
v -1.000009 2.375001 1.999995
v -1.000010 2.375001 2.249995
v -1.000009 1.625001 1.999995
v 1.249991 1.625001 2.000005
v 0.999991 2.375001 2.000004
v 1.249991 2.375001 2.000005
v 0.999991 1.625001 2.000004
v 0.999991 0.625001 2.000004
v -1.000009 1.625001 1.999995
v 0.999991 1.625001 2.000004
v -1.000009 0.625001 1.999996
v 0.999999 1.625000 0.250004
v 0.750000 -0.125000 0.000003
v 0.750000 1.625000 0.000003
v 1.249998 -0.125000 0.500005
v 1.249998 2.375000 0.500005
v -1.250004 1.625000 0.749994
v -1.000003 2.375000 0.499995
v -1.250004 2.375000 0.749994
v -1.000002 1.625000 0.499995
v -1.000002 2.375000 0.249995
v -1.000001 1.625000 0.249995
v 0.999991 1.625001 2.000004
v 0.999990 2.375001 2.250004
v 0.999991 2.375001 2.000004
v 0.999990 1.625001 2.250004
v -1.250003 1.625000 0.499994
v -1.250004 2.375000 0.749994
v -1.250003 2.375000 0.499994
v -1.250004 1.625000 0.749994
v 0.999999 1.625000 0.250004
v 0.999998 2.375000 0.500004
v 0.999999 2.375000 0.250004
v 0.999998 1.625000 0.500004
v 1.249997 2.375001 0.750005
v 1.249997 1.625000 0.750005
v -1.000009 1.625001 1.999995
v -1.250009 2.375001 1.999994
v -1.000009 2.375001 1.999995
v -1.250009 1.625001 1.999994
v 0.750000 1.625000 0.000003
v 0.750011 -0.125001 -2.499997
v 0.750011 1.499999 -2.499997
v 0.750000 -0.125000 0.000003
v -1.000009 0.625001 1.999996
v -0.750001 0.625000 0.249997
v -1.000002 0.625000 0.499996
v 0.999998 0.625000 0.500004
v 0.999991 0.625001 2.000004
v -1.035374 0.248097 -0.633170
v -0.993281 0.746194 -0.621891
v -0.710626 1.222503 -0.546152
v -0.951188 1.244292 -0.610612
v -1.021282 0.226308 0.276474
v -1.261845 0.248097 0.212015
v -1.303938 -0.250000 0.200736
v -0.979189 0.724406 0.287753
v -1.219752 0.746195 0.223293
v -0.937096 1.222503 0.299032
v -0.750000 1.625000 -0.000004
v 0.750011 1.499999 -2.499997
v -0.749989 1.499999 -2.500004
v 0.750000 1.625000 0.000003
v -1.077467 -0.250000 -0.644449
v -1.101928 -0.156607 -0.521593
v -1.075619 0.154704 -0.514544
v -1.262463 -0.156607 0.077522
v -1.303938 -0.250000 0.200736
v -1.261845 0.248097 0.212015
v 0.749990 -0.124999 2.250003
v 1.249998 -0.125000 0.500005
v 1.249990 -0.124999 2.250006
v 0.750000 -0.125000 0.000003
v -0.750000 -0.125000 -0.000003
v -1.250002 -0.125000 0.499995
v -1.250010 -0.124999 2.249995
v 0.750000 -0.125000 0.000003
v -0.749989 -0.125001 -2.500003
v 0.750011 -0.125001 -2.499997
v -0.750000 -0.125000 -0.000003
v 1.249997 1.625000 0.750005
v 1.249998 -0.125000 0.500005
v 1.249998 2.375000 0.500005
v 1.249991 1.625001 2.000005
v 1.249990 -0.124999 2.250006
v 1.249990 2.375001 2.250005
v -1.000009 2.375001 1.999995
v 0.999990 2.375001 2.250004
v -1.000010 2.375001 2.249995
v 0.999991 2.375001 2.000004
v 0.999998 2.375000 0.500004
v -1.000002 2.375000 0.249995
v 0.999999 2.375000 0.250004
v -1.000003 2.375000 0.499995
v 0.999991 2.375001 2.000004
v 0.999998 2.375000 0.500004
v 1.249997 2.375001 0.750005
v -1.000003 2.375000 0.499995
v -1.000009 2.375001 1.999995
v -1.250004 2.375000 0.749994
v -1.250003 1.625000 0.499994
v -1.250002 -0.125000 0.499995
v -1.250004 1.625000 0.749994
v -1.250010 -0.124999 2.249995
v -1.250009 1.625001 1.999994
v -1.250010 2.375001 2.249994
v -0.750000 1.625000 -0.000004
v -0.750000 -0.125000 -0.000003
v -1.000001 1.625000 0.249995
v -1.250002 -0.125000 0.499995
v -1.250003 1.625000 0.499994
v 0.710630 1.222503 -0.546146
v 0.750875 1.129110 -0.427520
v 0.911405 1.129110 0.171596
v 0.777183 0.817799 -0.434569
v 0.937094 1.222503 0.299040
v 0.979187 0.724406 0.287762
v 0.937713 0.817799 0.164547
v 0.953498 0.631013 0.160318
v 1.021280 0.226309 0.276483
v 0.792968 0.631012 -0.438798
v 0.819276 0.319702 -0.445847
v 0.979806 0.319702 0.153269
v 0.836910 -0.271789 -0.579982
v 0.995591 0.132915 0.149039
v 1.021899 -0.178396 0.141990
v 0.835061 0.132915 -0.450077
v 1.063373 -0.271789 0.265205
v 0.861369 -0.178396 -0.457126
v 1.101932 -0.156607 -0.521584
v 1.077473 -0.250000 -0.644439
v 1.075624 0.154704 -0.514534
v 1.262462 -0.156607 0.077533
v 1.303936 -0.250000 0.200747
v 1.236154 0.154704 0.084582
v 1.035379 0.248097 -0.633161
v 1.261843 0.248098 0.212026
v 1.059839 0.341491 -0.510305
v 1.220369 0.341491 0.088811
v 1.033531 0.652801 -0.503256
v 1.219750 0.746195 0.223304
v 0.993286 0.746195 -0.621882
v 1.194061 0.652802 0.095860
v 1.017746 0.839588 -0.499026
v 1.178276 0.839588 0.100090
v 0.991437 1.150899 -0.491977
v 0.951193 1.244292 -0.610604
v 1.151967 1.150899 0.107139
v 1.177656 1.244292 0.234583
vt 0.380870372 0.242497042
vt 0.379622191 0.26282531
vt 0.382493705 0.260555446
vt 0.41746363 0.239806041
vt 0.41621545 0.260134399
vt 0.418837577 0.262825429
vt 0.713424325 0.187682062
vt 0.679765105 0.168873996
vt 0.679765105 0.210634738
vt 0.697913885 0.178062707
vt 0.679765105 0.210634738
vt 0.720198512 0.210988194
vt 0.686539233 0.192180127
vt 0.720198512 0.210988194
vt 0.720198512 0.169227451
vt 0.702049673 0.201799482
vt 0.720198512 0.169227451
vt 0.679765105 0.168873996
vt 0.710436225 0.157884866
vt 0.735028386 0.115705729
vt 0.680247486 0.115705758
vt 0.721187651 0.139494568
vt 0.680247486 0.115705758
vt 0.679765105 0.168854862
vt 0.704357147 0.126675814
vt 0.679765105 0.168854862
vt 0.734545946 0.168854922
vt 0.693605721 0.145066053
vt 0.734545946 0.168854922
vt 0.735028386 0.115705729
vt 0.890303552 0.205732241
vt 0.887945533 0.208090261
vt 0.890303552 0.208090261
vt 0.887945533 0.205732241
vt 0.890303552 0.208090261
vt 0.890303552 0.205732241
vt 0.113604814 0.740073025
vt 0.122593969 0.749408126
vt 0.133601755 0.7475577
vt 0.113604814 0.740073025
vt 0.0806801617 0.739004672
vt 0.113604814 0.740073025
vt 0.0901961923 0.73777014
vt 0.145448029 0.701704025
vt 0.133890182 0.701704025
vt 0.145448029 0.701704025
vt 0.0900259316 0.739230871
vt 0.0901961923 0.73777014
vt 0.0899343193 0.738693893
vt 0.168563724 0.701704025
vt 0.180121571 0.701704025
vt 0.11315164 0.741006434
vt 0.113604814 0.740073025
vt 0.133601755 0.7475577
vt 0.122593969 0.749408126
vt 0.0790423453 0.736299992
vt 0.123242587 0.750821054
vt 0.168563724 0.701704025
vt 0.180121571 0.701704025
vt 0.133601755 0.7475577
vt 0.129003018 0.737351775
vt 0.15374586 0.750821054
vt 0.168563724 0.701704025
vt 0.180121571 0.701704025
vt 0.180121571 0.701704025
vt 0.122593969 0.749408126
vt 0.123242587 0.750821054
vt 0.378248245 0.239806011
vt 0.379622191 0.26282531
vt 0.380870372 0.242497042
vt 0.414592117 0.242075935
vt 0.41621545 0.260134399
vt 0.41746363 0.239806041
vt 0.702049673 0.201799482
vt 0.679765105 0.168873996
vt 0.713424325 0.187682062
vt 0.713424325 0.187682062
vt 0.679765105 0.210634738
vt 0.697913885 0.178062707
vt 0.697913885 0.178062707
vt 0.720198512 0.210988194
vt 0.686539233 0.192180127
vt 0.686539233 0.192180127
vt 0.720198512 0.169227451
vt 0.702049673 0.201799482
vt 0.693605721 0.145066053
vt 0.735028386 0.115705729
vt 0.710436225 0.157884866
vt 0.710436225 0.157884866
vt 0.680247486 0.115705758
vt 0.721187651 0.139494568
vt 0.721187651 0.139494568
vt 0.679765105 0.168854862
vt 0.704357147 0.126675814
vt 0.704357147 0.126675814
vt 0.734545946 0.168854922
vt 0.693605721 0.145066053
vt 0.887945533 0.205732241
vt 0.890303552 0.208090261
vt 0.890303552 0.205732241
vt 0.887945533 0.208090261
vt 0.890303552 0.205732241
vt 0.890303552 0.208090261
vt 0.887945533 0.208090261
vt 0.890303552 0.208090261
vt 0.887945533 0.208090261
vt 0.890303552 0.205732241
vt 0.890303552 0.205732241
vt 0.890303552 0.205732241
vt 0.890303552 0.205732241
vt 0.890303552 0.208090261
vt 0.890303552 0.205732241
vt 0.887945533 0.205732241
vt 0.890303552 0.205732241
vt 0.890303552 0.205732241
vt 0.890303552 0.205732241
vt 0.890303552 0.205732241
vt 0.887945533 0.205732241
vt 0.887945533 0.208090261
vt 0.890303552 0.208090261
vt 0.887945533 0.205732241
vt 0.887945533 0.205732241
vt 0.890303552 0.205732241
vt 0.887945533 0.208090261
vt 0.890303552 0.208090261
vt 0.890303552 0.205732241
vt 0.887945533 0.208090261
vt 0.890303552 0.205732241
vt 0.887945533 0.205732241
vt 0.887945533 0.205732241
vt 0.890303552 0.208090261
vt 0.890303552 0.205732241
vt 0.887945533 0.208090261
vt 0.890303552 0.205732241
vt 0.887945533 0.205732241
vt 0.890303552 0.208090261
vt 0.890303552 0.205732241
vt 0.890303552 0.208090261
vt 0.887945533 0.205732241
vt 0.887945533 0.208090261
vt 0.887945533 0.208090261
vt 0.890303552 0.208090261
vt 0.890303552 0.205732241
vt 0.890303552 0.205732241
vt 0.887945533 0.205732241
vt 0.890303552 0.208090261
vt 0.890303552 0.205732241
vt 0.887945533 0.208090261
vt 0.890303552 0.205732241
vt 0.890303552 0.205732241
vt 0.890303552 0.208090261
vt 0.890303552 0.205732241
vt 0.890303552 0.208090261
vt 0.887945533 0.208090261
vt 0.890303552 0.205732241
vt 0.890303552 0.205732241
vt 0.887945533 0.205732241
vt 0.890303552 0.205732241
vt 0.887945533 0.208090261
vt 0.887945533 0.208090261
vt 0.890303552 0.205732241
vt 0.887945533 0.205732241
vt 0.887945533 0.208090261
vt 0.887945533 0.208090261
vt 0.890303552 0.208090261
vt 0.887945533 0.205732241
vt 0.887945533 0.208090261
vt 0.890303552 0.205732241
vt 0.887945533 0.205732241
vt 0.890303552 0.205732241
vt 0.887945533 0.208090261
vt 0.890303552 0.208090261
vt 0.890303552 0.205732241
vt 0.887945533 0.205732241
vt 0.890303552 0.205732241
vt 0.890303552 0.208090261
vt 0.890303552 0.205732241
vt 0.890303552 0.208090261
vt 0.145448029 0.701704025
vt 0.133890182 0.701704025
vt 0.145448029 0.701704025
vt 0.157005876 0.701704025
vt 0.180121571 0.701704025
vt 0.157005876 0.701704025
vt 0.0806801617 0.739004672
vt 0.0901961923 0.73777014
vt 0.0767442882 0.737114668
vt 0.113351434 0.740817845
vt 0.11329785 0.741374016
vt 0.113604814 0.740073025
vt 0.180121571 0.701704025
vt 0.0895808935 0.739080727
vt 0.174342647 0.701704025
vt 0.180121571 0.747935414
vt 0.174342647 0.701704025
vt 0.168563724 0.747935414
vt 0.145448029 0.701704025
vt 0.133890182 0.747935414
vt 0.133890182 0.701704025
vt 0.0668792427 0.73327601
vt 0.0806801617 0.739004672
vt 0.0767442882 0.737114668
vt 0.0773770809 0.735265136
vt 0.0668792427 0.73327601
vt 0.0901961923 0.73777014
vt 0.139669105 0.701704025
vt 0.139669105 0.701704025
vt 0.0668792427 0.73327601
vt 0.0668792427 0.73327601
vt 0.139669105 0.701704025
vt 0.0806801617 0.739004672
vt 0.0790423453 0.736299992
vt 0.122593969 0.749408126
vt 0.11315164 0.741006434
vt 0.129003018 0.737351775
vt 0.112414211 0.743000865
vt 0.0893949568 0.741364717
vt 0.0773770809 0.735265136
vt 0.0900259316 0.739230871
vt 0.655067921 0.72481972
vt 0.655067921 0.742156506
vt 0.655067921 0.736377597
vt 0.0773770809 0.735265136
vt 0.0901961923 0.73777014
vt 0.0900259316 0.739230871
vt 0.180121571 0.701704025
vt 0.113604814 0.740073025
vt 0.11315164 0.741006434
vt 0.11315164 0.741006434
vt 0.133601755 0.7475577
vt 0.129003018 0.737351775
vt 0.380870372 0.242497042
vt 0.41621545 0.260134399
vt 0.414592117 0.242075935
vt 0.382493705 0.260555446
vt 0.382493705 0.260555446
vt 0.418837577 0.262825429
vt 0.41621545 0.260134399
vt 0.379622191 0.26282531
vt 0.414592117 0.242075935
vt 0.378248245 0.239806011
vt 0.380870372 0.242497042
vt 0.41746363 0.239806041
vt 0.697913885 0.178062707
vt 0.702049673 0.201799482
vt 0.713424325 0.187682062
vt 0.686539233 0.192180127
vt 0.721187651 0.139494568
vt 0.693605721 0.145066053
vt 0.710436225 0.157884866
vt 0.704357147 0.126675814
vt 0.916541815 0.212585419
vt 0.867444873 0.261682361
vt 0.916541815 0.261682361
vt 0.867444873 0.212585419
vt 0.916541815 0.212585419
vt 0.867444873 0.261682361
vt 0.916541815 0.261682361
vt 0.867444873 0.212585419
vt 0.916541815 0.212585419
vt 0.867444873 0.261682361
vt 0.916541815 0.261682361
vt 0.867444873 0.212585419
vt 0.916541815 0.212585419
vt 0.867444873 0.261682361
vt 0.916541815 0.261682361
vt 0.867444873 0.212585419
vt 0.916541815 0.212585419
vt 0.867444873 0.261682361
vt 0.916541815 0.261682361
vt 0.867444873 0.212585419
vt 0.916541815 0.212585419
vt 0.867444873 0.261682361
vt 0.916541815 0.261682361
vt 0.867444873 0.212585419
vt 0.887945533 0.205732241
vt 0.890303552 0.208090261
vt 0.890303552 0.205732241
vt 0.887945533 0.208090261
vt 0.862879634 0.200786397
vt 0.862879634 0.200786397
vt 0.862879634 0.200786397
vt 0.862879634 0.200786397
vt 0.862879634 0.200786397
vt 0.862879634 0.200786397
vt 0.862879634 0.200786397
vt 0.862879634 0.200786397
vt 0.862879634 0.200786397
vt 0.862879634 0.200786397
vt 0.862879634 0.200786397
vt 0.862879634 0.200786397
vt 0.862879634 0.200786397
vt 0.862879634 0.200786397
vt 0.862879634 0.200786397
vt 0.862879634 0.200786397
vt 0.862879634 0.200786397
vt 0.862879634 0.200786397
vt 0.862879634 0.200786397
vt 0.862879634 0.200786397
vt 0.862879634 0.200786397
vt 0.862879634 0.200786397
vt 0.862879634 0.200786397
vt 0.862879634 0.200786397
vt 0.862879634 0.200786397
vt 0.862879634 0.200786397
vt 0.862879634 0.200786397
vt 0.862879634 0.200786397
vt 0.862879634 0.200786397
vt 0.862879634 0.200786397
vt 0.862879634 0.200786397
vt 0.862879634 0.200786397
vt 0.862879634 0.200786397
vt 0.862879634 0.200786397
vt 0.862879634 0.200786397
vt 0.862879634 0.200786397
vt 0.862879634 0.200786397
vt 0.862879634 0.200786397
vt 0.862879634 0.200786397
vt 0.862879634 0.200786397
vt 0.862879634 0.200786397
vt 0.862879634 0.200786397
vt 0.862879634 0.200786397
vt 0.862879634 0.200786397
vt 0.862879634 0.200786397
vt 0.862879634 0.200786397
vt 0.862879634 0.200786397
vt 0.862879634 0.200786397
vt 0.862879634 0.200786397
vt 0.862879634 0.200786397
vt 0.862879634 0.200786397
vt 0.862879634 0.200786397
vt 0.862879634 0.200786397
vt 0.862879634 0.200786397
vt 0.862879634 0.200786397
vt 0.862879634 0.200786397
vt 0.862879634 0.200786397
vt 0.862879634 0.200786397
vt 0.862879634 0.200786397
vt 0.862879634 0.200786397
vt 0.862879634 0.200786397
vt 0.862879634 0.200786397
vt 0.862879634 0.200786397
vt 0.862879634 0.200786397
vt 0.862879634 0.200786397
vt 0.862879634 0.200786397
vt 0.862879634 0.200786397
vt 0.862879634 0.200786397
vt 0.862879634 0.200786397
vt 0.862879634 0.200786397
vt 0.890303552 0.205732241
vt 0.887945533 0.208090261
vt 0.890303552 0.208090261
vt 0.887945533 0.205732241
vt 0.890303552 0.205732241
vt 0.887945533 0.208090261
vt 0.890303552 0.208090261
vt 0.887945533 0.205732241
vt 0.887945533 0.205732241
vt 0.890303552 0.208090261
vt 0.890303552 0.205732241
vt 0.887945533 0.208090261
vt 0.890303552 0.205732241
vt 0.887945533 0.208090261
vt 0.890303552 0.208090261
vt 0.887945533 0.205732241
vt 0.887945533 0.205732241
vt 0.890303552 0.208090261
vt 0.890303552 0.205732241
vt 0.887945533 0.208090261
vt 0.890303552 0.205732241
vt 0.887945533 0.208090261
vt 0.890303552 0.208090261
vt 0.887945533 0.205732241
vt 0.890303552 0.205732241
vt 0.887945533 0.208090261
vt 0.890303552 0.208090261
vt 0.887945533 0.205732241
vt 0.890303552 0.205732241
vt 0.887945533 0.208090261
vt 0.890303552 0.208090261
vt 0.887945533 0.205732241
vt 0.890303552 0.205732241
vt 0.887945533 0.208090261
vt 0.890303552 0.208090261
vt 0.887945533 0.205732241
vt 0.887945533 0.205732241
vt 0.890303552 0.208090261
vt 0.890303552 0.205732241
vt 0.887945533 0.208090261
vt 0.890303552 0.205732241
vt 0.887945533 0.208090261
vt 0.890303552 0.208090261
vt 0.887945533 0.205732241
vt 0.890303552 0.205732241
vt 0.887945533 0.208090261
vt 0.890303552 0.208090261
vt 0.887945533 0.205732241
vt 0.890303552 0.205732241
vt 0.887945533 0.208090261
vt 0.890303552 0.208090261
vt 0.887945533 0.205732241
vt 0.890303552 0.205732241
vt 0.887945533 0.208090261
vt 0.890303552 0.208090261
vt 0.887945533 0.205732241
vt 0.887945533 0.205732241
vt 0.890303552 0.208090261
vt 0.890303552 0.205732241
vt 0.887945533 0.208090261
vt 0.890303552 0.205732241
vt 0.887945533 0.208090261
vt 0.890303552 0.208090261
vt 0.887945533 0.205732241
vt 0.867444873 0.261682361
vt 0.916541815 0.212585419
vt 0.916541815 0.261682361
vt 0.867444873 0.212585419
vt 0.867444873 0.261682361
vt 0.916541815 0.212585419
vt 0.916541815 0.261682361
vt 0.867444873 0.212585419
vt 0.867444873 0.261682361
vt 0.916541815 0.212585419
vt 0.916541815 0.261682361
vt 0.867444873 0.212585419
vt 0.867444873 0.261682361
vt 0.916541815 0.212585419
vt 0.916541815 0.261682361
vt 0.867444873 0.212585419
vt 0.867444873 0.261682361
vt 0.916541815 0.212585419
vt 0.916541815 0.261682361
vt 0.867444873 0.212585419
vt 0.867444873 0.261682361
vt 0.916541815 0.212585419
vt 0.916541815 0.261682361
vt 0.867444873 0.212585419
vt 0.401396573 0.653309941
vt 0.41295442 0.653309941
vt 0.401396573 0.653309941
vt 0.41295442 0.653309941
vt 0.41295442 0.664867818
vt 0.41295442 0.664867818
vt 0.41295442 0.676425695
vt 0.41295442 0.676425695
vt 0.41295442 0.682204604
vt 0.41295442 0.682204604
vt 0.401396573 0.682204604
vt 0.401396573 0.682204604
vt 0.145448029 0.701704025
vt 0.157005876 0.747935414
vt 0.157005876 0.701704025
vt 0.145448029 0.747935414
vt 0.0901961923 0.73777014
vt 0.0895808935 0.739080727
vt 0.180121571 0.701704025
vt 0.113604814 0.740073025
vt 0.11329785 0.741374016
vt 0.157005876 0.747935414
vt 0.157005876 0.701704025
vt 0.157005876 0.701704025
vt 0.157005876 0.747935414
vt 0.157005876 0.742156506
vt 0.145448029 0.747935414
vt 0.157005876 0.747935414
vt 0.145448029 0.742156506
vt 0.133890182 0.713261843
vt 0.133890182 0.742156506
vt 0.145448029 0.713261843
vt 0.180121571 0.742156506
vt 0.157005876 0.736377597
vt 0.180121571 0.736377597
vt 0.157005876 0.72481972
vt 0.180121571 0.72481972
vt 0.180121571 0.713261843
vt 0.157005876 0.713261843
vt 0.145448029 0.701704025
vt 0.157005876 0.701704025
vt 0.133890182 0.713261843
vt 0.145448029 0.713261843
vt 0.133890182 0.713261843
vt 0.145448029 0.713261843
vt 0.145448029 0.747935414
vt 0.145448029 0.742156506
vt 0.145448029 0.747935414
vt 0.145448029 0.742156506
vt 0.401396573 0.682204604
vt 0.401396573 0.653309941
vt 0.401396573 0.682204604
vt 0.401396573 0.653309941
vt 0.139669105 0.701704025
vt 0.145448029 0.747935414
vt 0.145448029 0.701704025
vt 0.133890182 0.747935414
vt 0.0668792427 0.73327601
vt 0.157005876 0.701704025
vt 0.157005876 0.713261843
vt 0.157005876 0.701704025
vt 0.157005876 0.713261843
vt 0.180121571 0.713261843
vt 0.180121571 0.713261843
vt 0.145448029 0.742156506
vt 0.133890182 0.742156506
vt 0.145448029 0.742156506
vt 0.133890182 0.742156506
vt 0.133890182 0.701704025
vt 0.157005876 0.701704025
vt 0.133890182 0.701704025
vt 0.157005876 0.701704025
vt 0.180121571 0.742156506
vt 0.157005876 0.742156506
vt 0.180121571 0.742156506
vt 0.157005876 0.742156506
vt 0.157005876 0.747935414
vt 0.157005876 0.747935414
vt 0.145448029 0.713261843
vt 0.145448029 0.701704025
vt 0.145448029 0.713261843
vt 0.145448029 0.701704025
vt 0.145448029 0.701704025
vt 0.145448029 0.747935414
vt 0.145448029 0.701704025
vt 0.145448029 0.747935414
vt 0.643510103 0.713261843
vt 0.655067921 0.72481972
vt 0.655067921 0.713261843
vt 0.655067921 0.742156506
vt 0.643510103 0.742156506
vt 0.887945533 0.205732241
vt 0.887945533 0.205732241
vt 0.887945533 0.208090261
vt 0.887945533 0.205732241
vt 0.887945533 0.205732241
vt 0.890303552 0.208090261
vt 0.890303552 0.208090261
vt 0.887945533 0.205732241
vt 0.890303552 0.208090261
vt 0.887945533 0.205732241
vt 0.180121571 0.72481972
vt 0.180121571 0.736377597
vt 0.180121571 0.72481972
vt 0.180121571 0.736377597
vt 0.887945533 0.208090261
vt 0.890303552 0.205732241
vt 0.890303552 0.205732241
vt 0.890303552 0.205732241
vt 0.887945533 0.208090261
vt 0.887945533 0.208090261
vt 0.133890182 0.713261843
vt 0.180121571 0.701704025
vt 0.133890182 0.701704025
vt 0.180121571 0.713261843
vt 0.180121571 0.72481972
vt 0.180121571 0.747935414
vt 0.133890182 0.747935414
vt 0.180121571 0.713261843
vt 0.180121571 0.72481972
vt 0.180121571 0.713261843
vt 0.180121571 0.72481972
vt 0.157005876 0.701704025
vt 0.180121571 0.747935414
vt 0.180121571 0.701704025
vt 0.145448029 0.701704025
vt 0.133890182 0.747935414
vt 0.133890182 0.701704025
vt 0.112414211 0.743000865
vt 0.0895808935 0.739080727
vt 0.11329785 0.741374016
vt 0.0893949568 0.741364717
vt 0.0802405775 0.733823895
vt 0.123242587 0.750821054
vt 0.0790423453 0.736299992
vt 0.117476135 0.738090098
vt 0.0893949568 0.741364717
vt 0.0802405775 0.733823895
vt 0.0773770809 0.735265136
vt 0.117476135 0.738090098
vt 0.112414211 0.743000865
vt 0.129003018 0.737351775
vt 0.133890182 0.701704025
vt 0.133890182 0.747935414
vt 0.157005876 0.701704025
vt 0.180121571 0.747935414
vt 0.168563724 0.701704025
vt 0.180121571 0.701704025
vt 0.157005876 0.701704025
vt 0.157005876 0.747935414
vt 0.168563724 0.701704025
vt 0.180121571 0.747935414
vt 0.180121571 0.701704025
vt 0.862879634 0.200786397
vt 0.862879634 0.200786397
vt 0.862879634 0.200786397
vt 0.862879634 0.200786397
vt 0.862879634 0.200786397
vt 0.862879634 0.200786397
vt 0.862879634 0.200786397
vt 0.862879634 0.200786397
vt 0.862879634 0.200786397
vt 0.862879634 0.200786397
vt 0.862879634 0.200786397
vt 0.862879634 0.200786397
vt 0.862879634 0.200786397
vt 0.862879634 0.200786397
vt 0.862879634 0.200786397
vt 0.862879634 0.200786397
vt 0.862879634 0.200786397
vt 0.862879634 0.200786397
vt 0.862879634 0.200786397
vt 0.862879634 0.200786397
vt 0.862879634 0.200786397
vt 0.862879634 0.200786397
vt 0.862879634 0.200786397
vt 0.862879634 0.200786397
vt 0.862879634 0.200786397
vt 0.862879634 0.200786397
vt 0.862879634 0.200786397
vt 0.862879634 0.200786397
vt 0.862879634 0.200786397
vt 0.862879634 0.200786397
vt 0.862879634 0.200786397
vt 0.862879634 0.200786397
vt 0.862879634 0.200786397
vt 0.862879634 0.200786397
vt 0.862879634 0.200786397
vt 0.862879634 0.200786397
vt 0.862879634 0.200786397
vt 0.862879634 0.200786397
vn 1.000000 0.000000 0.000004
vn 1.000000 0.000000 0.000004
vn 1.000000 0.000000 0.000004
vn -1.000000 -0.000000 -0.000004
vn -1.000000 -0.000000 -0.000004
vn -1.000000 -0.000000 -0.000004
vn 1.000000 0.000000 0.000004
vn 1.000000 0.000000 0.000004
vn 1.000000 0.000000 0.000004
vn 0.000004 -0.000000 -1.000000
vn 0.000004 -0.000000 -1.000000
vn 0.000004 -0.000000 -1.000000
vn -1.000000 -0.000000 -0.000004
vn -1.000000 -0.000000 -0.000004
vn -1.000000 -0.000000 -0.000004
vn -0.000004 0.000000 1.000000
vn -0.000004 0.000000 1.000000
vn -0.000004 0.000000 1.000000
vn 1.000000 0.000000 0.000004
vn 1.000000 0.000000 0.000004
vn 1.000000 0.000000 0.000004
vn 0.000004 -0.000000 -1.000000
vn 0.000004 -0.000000 -1.000000
vn 0.000004 -0.000000 -1.000000
vn -1.000000 -0.000000 -0.000004
vn -1.000000 -0.000000 -0.000004
vn -1.000000 -0.000000 -0.000004
vn -0.000004 0.000000 1.000000
vn -0.000004 0.000000 1.000000
vn -0.000004 0.000000 1.000000
vn -0.962249 0.087155 -0.257839
vn -0.962249 0.087155 -0.257838
vn -0.962249 0.087155 -0.257838
vn 0.962249 -0.087155 0.257838
vn 0.962249 -0.087155 0.257839
vn 0.962249 -0.087155 0.257838
vn -0.000000 1.000000 -0.000000
vn -0.000000 1.000000 -0.000000
vn -0.000000 1.000000 -0.000000
vn -0.000000 1.000000 -0.000000
vn -0.000000 1.000000 -0.000000
vn -0.000000 1.000000 -0.000000
vn -0.000000 1.000000 -0.000000
vn -0.000004 0.000000 1.000000
vn -0.000004 0.000000 1.000000
vn -0.000004 0.000000 1.000000
vn 1.000000 0.000000 0.000004
vn 1.000000 0.000000 0.000004
vn 1.000000 0.000000 0.000004
vn -1.000000 -0.000000 -0.000004
vn -1.000000 -0.000000 -0.000004
vn -1.000000 -0.000000 -0.000004
vn -1.000000 -0.000000 -0.000004
vn -0.982289 -0.000000 -0.187370
vn -0.305097 -0.000000 -0.952321
vn 0.382687 -0.000000 -0.923878
vn 0.000004 -0.000000 -1.000000
vn -0.614792 -0.000000 -0.788689
vn -0.889129 -0.000000 -0.457656
vn -0.982289 -0.000000 -0.187370
vn -1.000000 -0.000000 -0.000004
vn -0.889129 -0.000000 -0.457656
vn -0.614792 -0.000000 -0.788689
vn -0.952318 -0.000000 -0.305106
vn -0.889129 -0.000000 -0.457656
vn -0.305097 -0.000000 -0.952321
vn 0.000004 -0.000000 -1.000000
vn 1.000000 0.000000 0.000004
vn 1.000000 0.000000 0.000004
vn 1.000000 0.000000 0.000004
vn -1.000000 -0.000000 -0.000004
vn -1.000000 -0.000000 -0.000004
vn -1.000000 -0.000000 -0.000004
vn 1.000000 0.000000 0.000004
vn 1.000000 0.000000 0.000004
vn 1.000000 0.000000 0.000004
vn 0.000004 -0.000000 -1.000000
vn 0.000004 -0.000000 -1.000000
vn 0.000004 -0.000000 -1.000000
vn -1.000000 -0.000000 -0.000004
vn -1.000000 -0.000000 -0.000004
vn -1.000000 -0.000000 -0.000004
vn -0.000004 0.000000 1.000000
vn -0.000004 0.000000 1.000000
vn -0.000004 0.000000 1.000000
vn 1.000000 0.000000 0.000004
vn 1.000000 0.000000 0.000004
vn 1.000000 0.000000 0.000004
vn 0.000004 -0.000000 -1.000000
vn 0.000004 -0.000000 -1.000000
vn 0.000004 -0.000000 -1.000000
vn -1.000000 -0.000000 -0.000004
vn -1.000000 -0.000000 -0.000004
vn -1.000000 -0.000000 -0.000004
vn -0.000004 0.000000 1.000000
vn -0.000004 0.000000 1.000000
vn -0.000004 0.000000 1.000000
vn 0.962249 -0.087156 0.257839
vn 0.962249 -0.087156 0.257838
vn 0.962249 -0.087155 0.257839
vn 0.962249 -0.087156 0.257838
vn 0.962249 -0.087156 0.257838
vn 0.962249 -0.087156 0.257838
vn 0.962249 -0.087155 0.257839
vn 0.962249 -0.087155 0.257839
vn 0.962249 -0.087155 0.257838
vn 0.962249 -0.087155 0.257838
vn 0.962249 -0.087155 0.257839
vn 0.962249 -0.087155 0.257838
vn 0.962249 -0.087155 0.257839
vn 0.962249 -0.087156 0.257838
vn 0.962249 -0.087157 0.257839
vn 0.962249 -0.087156 0.257840
vn 0.962248 -0.087156 0.257841
vn 0.962249 -0.087155 0.257839
vn 0.962249 -0.087156 0.257838
vn 0.962249 -0.087155 0.257838
vn 0.962249 -0.087156 0.257838
vn 0.962249 -0.087155 0.257838
vn 0.962249 -0.087155 0.257838
vn 0.962249 -0.087156 0.257838
vn 0.962249 -0.087156 0.257838
vn 0.962249 -0.087155 0.257838
vn 0.962249 -0.087155 0.257838
vn 0.962249 -0.087155 0.257839
vn 0.962249 -0.087155 0.257838
vn 0.962249 -0.087155 0.257838
vn 0.962249 -0.087157 0.257839
vn 0.962249 -0.087156 0.257840
vn -0.258823 0.000000 0.965925
vn -0.258823 0.000000 0.965925
vn -0.258823 0.000000 0.965925
vn -0.962249 0.087156 -0.257838
vn -0.962249 0.087155 -0.257838
vn -0.962249 0.087155 -0.257838
vn -0.962249 0.087155 -0.257838
vn -0.962249 0.087156 -0.257839
vn -0.258823 0.000000 0.965925
vn -0.258823 0.000000 0.965925
vn -0.258823 0.000000 0.965925
vn -0.962249 0.087156 -0.257839
vn -0.962249 0.087156 -0.257839
vn -0.962249 0.087156 -0.257839
vn -0.962249 0.087156 -0.257839
vn -0.962249 0.087156 -0.257839
vn -0.962249 0.087156 -0.257839
vn -0.962249 0.087156 -0.257839
vn -0.962249 0.087156 -0.257838
vn -0.962249 0.087156 -0.257839
vn -0.962249 0.087155 -0.257838
vn -0.962249 0.087155 -0.257838
vn -0.962249 0.087156 -0.257839
vn -0.962249 0.087156 -0.257839
vn -0.962249 0.087156 -0.257839
vn -0.962249 0.087156 -0.257839
vn -0.962249 0.087156 -0.257839
vn -0.962249 0.087156 -0.257839
vn -0.962249 0.087155 -0.257839
vn -0.962249 0.087156 -0.257839
vn -0.962249 0.087155 -0.257838
vn -0.962249 0.087155 -0.257839
vn -0.962249 0.087156 -0.257839
vn -0.962249 0.087156 -0.257839
vn 0.962249 -0.087156 0.257840
vn 0.962249 -0.087155 0.257839
vn 0.962249 -0.087155 0.257838
vn -0.962249 0.087156 -0.257839
vn -0.962249 0.087156 -0.257839
vn -0.962249 0.087155 -0.257838
vn -0.962249 0.087156 -0.257839
vn -0.962249 0.087156 -0.257839
vn -0.962249 0.087156 -0.257839
vn -0.962249 0.087155 -0.257838
vn -0.962249 0.087156 -0.257838
vn -0.962249 0.087156 -0.257838
vn -0.962249 0.087156 -0.257839
vn -0.962249 0.087156 -0.257839
vn -0.962249 0.087156 -0.257839
vn 1.000000 0.000000 0.000004
vn 1.000000 0.000000 0.000004
vn 1.000000 0.000000 0.000004
vn 1.000000 0.000000 0.000004
vn 0.899663 0.000000 -0.436585
vn 1.000000 0.000000 0.000004
vn -0.000000 1.000000 -0.000000
vn -0.000000 1.000000 -0.000000
vn -0.000000 1.000000 -0.000000
vn -0.000004 0.000000 1.000000
vn -0.000004 0.000000 1.000000
vn -0.000004 0.000000 1.000000
vn -0.000004 0.000000 1.000000
vn -0.000004 0.000000 1.000000
vn -0.000004 0.000000 1.000000
vn -0.000004 0.000000 1.000000
vn -0.000004 0.000000 1.000000
vn -0.000004 0.000000 1.000000
vn -0.000004 0.000000 1.000000
vn -0.000004 0.000000 1.000000
vn -0.000004 0.000000 1.000000
vn 0.899663 0.000000 -0.436585
vn 0.505453 -0.000000 -0.862854
vn 0.967539 0.000000 -0.252721
vn 1.000000 0.000000 0.000004
vn 0.899663 0.000000 -0.436585
vn 1.000000 0.000000 0.000004
vn 0.707110 -0.000000 -0.707104
vn 0.382687 -0.000000 -0.923878
vn 0.899663 0.000000 -0.436585
vn 0.899663 0.000000 -0.436585
vn 0.382687 -0.000000 -0.923878
vn 0.505453 -0.000000 -0.862854
vn 0.382687 -0.000000 -0.923878
vn -0.305097 -0.000000 -0.952321
vn 0.000000 -1.000000 0.000000
vn 0.000000 -1.000000 0.000000
vn 0.000000 -1.000000 0.000000
vn 0.000000 -1.000000 0.000000
vn 0.000000 -1.000000 0.000000
vn 0.000000 -1.000000 0.000000
vn -0.000000 1.000000 -0.000000
vn -0.000000 1.000000 -0.000000
vn -0.000000 1.000000 -0.000000
vn 1.000000 0.000000 0.000004
vn 1.000000 0.000000 0.000004
vn 1.000000 0.000000 0.000004
vn -1.000000 -0.000000 -0.000004
vn -1.000000 -0.000000 -0.000004
vn -1.000000 -0.000000 -0.000004
vn -1.000000 -0.000000 -0.000004
vn -0.982289 -0.000000 -0.187370
vn -1.000000 -0.000000 -0.000004
vn 0.000004 -0.000000 -1.000000
vn 0.000004 -0.000000 -1.000000
vn 0.000004 -0.000000 -1.000000
vn 0.000004 -0.000000 -1.000000
vn 0.000000 -1.000000 0.000000
vn 0.000000 -1.000000 0.000000
vn 0.000000 -1.000000 0.000000
vn 0.000000 -1.000000 0.000000
vn -0.000000 1.000000 -0.000000
vn -0.000000 1.000000 -0.000000
vn -0.000000 1.000000 -0.000000
vn -0.000000 1.000000 -0.000000
vn -0.000000 1.000000 -0.000000
vn -0.000000 1.000000 -0.000000
vn -0.000000 1.000000 -0.000000
vn -0.000000 1.000000 -0.000000
vn -0.000000 1.000000 -0.000000
vn -0.000000 1.000000 -0.000000
vn -0.000000 1.000000 -0.000000
vn -0.000000 1.000000 -0.000000
vn 1.000000 0.000000 0.000004
vn 1.000000 0.000000 0.000004
vn 1.000000 0.000000 0.000004
vn 1.000000 0.000000 0.000004
vn 0.000004 -0.000000 -1.000000
vn 0.000004 -0.000000 -1.000000
vn 0.000004 -0.000000 -1.000000
vn 0.000004 -0.000000 -1.000000
vn -1.000000 -0.000000 -0.000004
vn -1.000000 -0.000000 -0.000004
vn -1.000000 -0.000000 -0.000004
vn -1.000000 -0.000000 -0.000004
vn -0.000004 0.000000 1.000000
vn -0.000004 0.000000 1.000000
vn -0.000004 0.000000 1.000000
vn -0.000004 0.000000 1.000000
vn 0.000000 -1.000000 0.000000
vn 0.000000 -1.000000 0.000000
vn 0.000000 -1.000000 0.000000
vn 0.000000 -1.000000 0.000000
vn -0.000000 1.000000 -0.000000
vn -0.000000 1.000000 -0.000000
vn -0.000000 1.000000 -0.000000
vn -0.000000 1.000000 -0.000000
vn 0.258824 -0.000000 -0.965925
vn 0.258824 -0.000000 -0.965925
vn 0.258824 -0.000000 -0.965925
vn 0.258824 -0.000000 -0.965925
vn -0.258815 -0.000000 -0.965927
vn -0.258815 -0.000000 -0.965927
vn -0.258815 -0.000000 -0.965927
vn -0.258815 -0.000000 -0.965927
vn -0.258816 -0.000000 -0.965927
vn -0.258815 -0.000000 -0.965927
vn 0.084187 -0.996195 -0.022557
vn 0.084187 -0.996195 -0.022557
vn 0.084186 -0.996195 -0.022557
vn 0.084187 -0.996195 -0.022557
vn -0.084187 0.996195 0.022557
vn -0.084187 0.996195 0.022557
vn -0.084186 0.996195 0.022557
vn -0.084187 0.996195 0.022557
vn -0.258815 -0.000000 -0.965927
vn -0.258815 -0.000000 -0.965927
vn -0.258815 -0.000000 -0.965927
vn -0.258815 -0.000000 -0.965927
vn 0.084186 -0.996195 -0.022557
vn 0.084186 -0.996195 -0.022557
vn 0.084186 -0.996195 -0.022557
vn 0.084186 -0.996195 -0.022557
vn 0.258815 0.000000 0.965927
vn 0.258815 0.000000 0.965927
vn 0.258815 0.000000 0.965927
vn 0.258815 0.000000 0.965927
vn -0.084186 0.996195 0.022557
vn -0.084186 0.996195 0.022557
vn -0.084186 0.996195 0.022557
vn -0.084187 0.996195 0.022557
vn -0.084187 0.996195 0.022557
vn -0.084187 0.996195 0.022557
vn -0.084186 0.996195 0.022557
vn -0.084187 0.996195 0.022557
vn 0.084186 -0.996195 -0.022557
vn 0.084186 -0.996195 -0.022557
vn 0.084186 -0.996195 -0.022557
vn 0.084186 -0.996195 -0.022557
vn -0.258815 -0.000000 -0.965927
vn -0.258815 -0.000000 -0.965927
vn -0.258815 -0.000000 -0.965927
vn -0.258815 -0.000000 -0.965927
vn 0.258815 0.000000 0.965927
vn 0.258815 0.000000 0.965927
vn 0.258815 0.000000 0.965927
vn 0.258815 0.000000 0.965927
vn 0.084186 -0.996195 -0.022557
vn 0.084186 -0.996195 -0.022557
vn 0.084186 -0.996195 -0.022557
vn 0.084187 -0.996195 -0.022557
vn -0.084186 0.996195 0.022557
vn -0.084186 0.996195 0.022557
vn -0.084186 0.996195 0.022557
vn -0.084186 0.996195 0.022557
vn -0.258815 -0.000000 -0.965927
vn -0.258815 -0.000000 -0.965927
vn -0.258815 -0.000000 -0.965927
vn -0.258815 -0.000000 -0.965927
vn 0.258815 0.000000 0.965927
vn 0.258815 0.000000 0.965927
vn 0.258816 0.000000 0.965927
vn 0.258815 0.000000 0.965927
vn 0.258815 0.000000 0.965927
vn 0.258815 0.000000 0.965927
vn 0.258815 0.000000 0.965927
vn 0.258815 0.000000 0.965927
vn 0.258815 0.000000 0.965927
vn 0.258815 0.000000 0.965927
vn 0.258815 0.000000 0.965927
vn 0.258815 0.000000 0.965927
vn -0.084186 -0.996195 -0.022558
vn -0.084186 -0.996195 -0.022558
vn -0.084186 -0.996195 -0.022558
vn -0.084186 -0.996195 -0.022558
vn 0.084186 0.996195 0.022558
vn 0.084186 0.996195 0.022558
vn 0.084186 0.996195 0.022558
vn 0.084186 0.996195 0.022558
vn 0.258823 -0.000000 -0.965925
vn 0.258823 -0.000000 -0.965925
vn 0.258823 -0.000000 -0.965925
vn 0.258823 -0.000000 -0.965925
vn 0.962249 -0.087155 0.257839
vn 0.962249 -0.087156 0.257839
vn 0.962249 -0.087155 0.257839
vn 0.962249 -0.087155 0.257839
vn -0.084186 -0.996195 -0.022558
vn -0.084186 -0.996195 -0.022558
vn -0.084186 -0.996195 -0.022558
vn -0.084186 -0.996195 -0.022558
vn -0.962249 0.087156 -0.257838
vn -0.962249 0.087155 -0.257838
vn -0.962249 0.087156 -0.257839
vn -0.962249 0.087156 -0.257838
vn -0.258824 0.000000 0.965925
vn -0.258824 0.000000 0.965925
vn -0.258824 0.000000 0.965925
vn -0.258823 0.000000 0.965925
vn 0.084186 0.996195 0.022558
vn 0.084186 0.996195 0.022558
vn 0.084186 0.996195 0.022558
vn 0.084186 0.996195 0.022558
vn 0.084186 0.996195 0.022558
vn 0.084186 0.996195 0.022558
vn 0.084186 0.996195 0.022558
vn 0.084186 0.996195 0.022558
vn -0.084186 -0.996195 -0.022558
vn -0.084186 -0.996195 -0.022558
vn -0.084186 -0.996195 -0.022558
vn -0.084186 -0.996195 -0.022558
vn 0.258824 -0.000000 -0.965925
vn 0.258824 -0.000000 -0.965925
vn 0.258824 -0.000000 -0.965925
vn 0.258823 -0.000000 -0.965925
vn -0.258823 0.000000 0.965925
vn -0.258823 0.000000 0.965925
vn -0.258823 0.000000 0.965925
vn -0.258823 0.000000 0.965925
vn -0.084186 -0.996195 -0.022558
vn -0.084186 -0.996195 -0.022558
vn -0.084186 -0.996195 -0.022558
vn -0.084186 -0.996195 -0.022558
vn 0.084186 0.996195 0.022558
vn 0.084186 0.996195 0.022558
vn 0.084186 0.996195 0.022558
vn 0.084186 0.996195 0.022558
vn 0.258823 -0.000000 -0.965925
vn 0.258823 -0.000000 -0.965925
vn 0.258823 -0.000000 -0.965925
vn 0.258823 -0.000000 -0.965925
vn -0.258824 0.000000 0.965925
vn -0.258824 0.000000 0.965925
vn -0.258824 0.000000 0.965924
vn -0.258823 0.000000 0.965925
vn 1.000000 0.000000 0.000004
vn 1.000000 0.000000 0.000004
vn 1.000000 0.000000 0.000004
vn 1.000000 0.000000 0.000004
vn -0.000004 0.000000 1.000000
vn -0.000004 0.000000 1.000000
vn -0.000004 0.000000 1.000000
vn -0.000004 0.000000 1.000000
vn -1.000000 -0.000000 -0.000004
vn -1.000000 -0.000000 -0.000004
vn -1.000000 -0.000000 -0.000004
vn -1.000000 -0.000000 -0.000004
vn 0.000004 -0.000000 -1.000000
vn 0.000004 -0.000000 -1.000000
vn 0.000004 -0.000000 -1.000000
vn 0.000004 -0.000000 -1.000000
vn 0.000000 -1.000000 0.000000
vn 0.000000 -1.000000 0.000000
vn 0.000000 -1.000000 0.000000
vn 0.000000 -1.000000 0.000000
vn -0.000000 1.000000 -0.000000
vn -0.000000 1.000000 -0.000000
vn -0.000000 1.000000 -0.000000
vn -0.000000 1.000000 -0.000000
vn 1.000000 0.000000 0.000004
vn 0.967537 0.000000 0.252729
vn 1.000000 0.000000 0.000004
vn 0.862854 0.000000 0.505453
vn 0.505446 0.000000 0.862858
vn 0.252720 0.000000 0.967539
vn -0.252729 0.000000 0.967537
vn -0.505453 0.000000 0.862854
vn -0.862858 -0.000000 0.505446
vn -0.967539 -0.000000 0.252721
vn -1.000000 -0.000000 -0.000004
vn -1.000000 -0.000000 -0.000004
vn 0.000004 -0.000000 -1.000000
vn 0.000004 -0.000000 -1.000000
vn 0.000004 -0.000000 -1.000000
vn 0.000004 -0.000000 -1.000000
vn -0.000004 0.000000 1.000000
vn -0.000004 0.000000 1.000000
vn -0.000004 0.000000 1.000000
vn -0.000004 0.000000 1.000000
vn -0.000004 0.000000 1.000000
vn -1.000000 -0.000000 -0.000004
vn -0.967537 -0.000000 -0.252729
vn -1.000000 -0.000000 -0.000004
vn -0.862854 -0.000000 -0.505453
vn -0.000000 1.000000 -0.000000
vn -0.000000 1.000000 -0.000000
vn -0.000000 1.000000 -0.000000
vn -0.000000 1.000000 -0.000000
vn -0.000000 1.000000 -0.000000
vn -0.000000 1.000000 -0.000000
vn -0.000000 1.000000 -0.000000
vn -0.000000 1.000000 -0.000000
vn -0.000000 1.000000 -0.000000
vn -0.000000 0.999922 -0.012488
vn -0.000000 1.000000 -0.000000
vn -0.000000 0.999688 -0.024977
vn -0.000000 1.000000 -0.000000
vn -0.000000 1.000000 -0.000000
vn -0.000000 1.000000 -0.000000
vn -0.000000 1.000000 -0.000000
vn 1.000000 0.000000 0.000004
vn 1.000000 0.000000 0.000004
vn 1.000000 0.000000 0.000004
vn 1.000000 0.000000 0.000004
vn 0.000004 -0.000000 -1.000000
vn 0.000004 -0.000000 -1.000000
vn 0.000004 -0.000000 -1.000000
vn 0.000004 -0.000000 -1.000000
vn 0.000004 -0.000000 -1.000000
vn 0.000004 -0.000000 -1.000000
vn 0.000004 -0.000000 -1.000000
vn 0.000004 -0.000000 -1.000000
vn 0.707110 -0.000000 -0.707104
vn 0.862858 0.000000 -0.505446
vn 0.967539 0.000000 -0.252721
vn 0.952321 0.000000 -0.305097
vn 0.899663 0.000000 -0.436585
vn 0.707104 0.000000 0.707110
vn 0.862854 0.000000 0.505453
vn 0.707104 0.000000 0.707110
vn 0.967537 0.000000 0.252729
vn 1.000000 0.000000 0.000004
vn 1.000000 0.000000 0.000004
vn -1.000000 -0.000000 -0.000004
vn -1.000000 -0.000000 -0.000004
vn -1.000000 -0.000000 -0.000004
vn -1.000000 -0.000000 -0.000004
vn -0.952318 -0.000000 -0.305106
vn -1.000000 -0.000000 -0.000004
vn -0.889129 -0.000000 -0.457656
vn -1.000000 -0.000000 -0.000004
vn -1.000000 -0.000000 -0.000004
vn -0.967539 -0.000000 0.252721
vn -1.000000 -0.000000 -0.000004
vn -0.862858 -0.000000 0.505446
vn -0.707110 0.000000 0.707104
vn -0.707110 0.000000 0.707104
vn 0.000004 -0.000000 -1.000000
vn 0.000004 -0.000000 -1.000000
vn 0.000004 -0.000000 -1.000000
vn 0.000004 -0.000000 -1.000000
vn 0.967539 0.000000 -0.252721
vn 1.000000 0.000000 0.000004
vn 1.000000 0.000000 0.000004
vn 0.862858 0.000000 -0.505446
vn -0.000000 1.000000 -0.000000
vn -0.000000 1.000000 -0.000000
vn -0.000000 1.000000 -0.000000
vn -0.000000 1.000000 -0.000000
vn -0.000000 1.000000 -0.000000
vn 0.258824 -0.000000 -0.965925
vn 0.258823 -0.000000 -0.965925
vn 0.258824 -0.000000 -0.965925
vn 0.258824 -0.000000 -0.965925
vn -0.258823 0.000000 0.965925
vn -0.258823 0.000000 0.965925
vn -0.258823 0.000000 0.965925
vn -0.258823 0.000000 0.965925
vn -0.258823 0.000000 0.965925
vn -0.258823 0.000000 0.965925
vn -0.000000 0.999688 -0.024977
vn 0.000000 0.998752 -0.049938
vn 0.000000 0.998752 -0.049938
vn -0.000000 0.999922 -0.012488
vn -0.962249 0.087156 -0.257839
vn -0.962249 0.087155 -0.257839
vn -0.962249 0.087156 -0.257839
vn -0.962249 0.087156 -0.257839
vn -0.962249 0.087156 -0.257839
vn -0.962249 0.087156 -0.257839
vn 0.000000 -1.000000 0.000000
vn 0.000000 -1.000000 0.000000
vn 0.000000 -1.000000 0.000000
vn 0.000000 -1.000000 0.000000
vn 0.000000 -1.000000 0.000000
vn 0.000000 -1.000000 0.000000
vn 0.000000 -1.000000 0.000000
vn 0.000000 -1.000000 0.000000
vn 0.000000 -1.000000 0.000000
vn 0.000000 -1.000000 0.000000
vn 0.000000 -1.000000 0.000000
vn 1.000000 0.000000 0.000004
vn 0.952321 0.000000 -0.305097
vn 0.899663 0.000000 -0.436585
vn 1.000000 0.000000 0.000004
vn 1.000000 0.000000 0.000004
vn 1.000000 0.000000 0.000004
vn 0.000000 -1.000000 0.000000
vn 0.000000 -1.000000 0.000000
vn 0.000000 -1.000000 0.000000
vn 0.000000 -1.000000 0.000000
vn 0.000000 -1.000000 0.000000
vn 0.000000 -1.000000 0.000000
vn 0.000000 -1.000000 0.000000
vn 0.000000 -1.000000 0.000000
vn 0.000000 -1.000000 0.000000
vn 0.000000 -1.000000 0.000000
vn 0.000000 -1.000000 0.000000
vn 0.000000 -1.000000 0.000000
vn 0.000000 -1.000000 0.000000
vn 0.000000 -1.000000 0.000000
vn -0.952318 -0.000000 -0.305106
vn -0.923878 -0.000000 -0.382687
vn -1.000000 -0.000000 -0.000004
vn -1.000000 -0.000000 -0.000004
vn -1.000000 -0.000000 -0.000004
vn -1.000000 -0.000000 -0.000004
vn -0.967537 -0.000000 -0.252729
vn -0.862854 -0.000000 -0.505453
vn -0.614792 -0.000000 -0.788689
vn -0.923878 -0.000000 -0.382687
vn -0.952318 -0.000000 -0.305106
vn -0.962251 -0.087156 0.257830
vn -0.962251 -0.087156 0.257830
vn -0.962251 -0.087155 0.257830
vn -0.962251 -0.087155 0.257831
vn -0.962251 -0.087155 0.257831
vn -0.962251 -0.087156 0.257830
vn -0.962251 -0.087156 0.257830
vn -0.962251 -0.087156 0.257830
vn -0.962251 -0.087156 0.257829
vn -0.962251 -0.087156 0.257829
vn -0.962251 -0.087156 0.257831
vn -0.962252 -0.087155 0.257829
vn -0.962251 -0.087156 0.257832
vn -0.962251 -0.087156 0.257830
vn -0.962251 -0.087156 0.257830
vn -0.962250 -0.087157 0.257833
vn -0.962251 -0.087155 0.257830
vn -0.962251 -0.087155 0.257831
vn 0.962251 0.087156 -0.257831
vn 0.962251 0.087156 -0.257830
vn 0.962251 0.087156 -0.257830
vn 0.962251 0.087156 -0.257831
vn 0.962251 0.087156 -0.257831
vn 0.962251 0.087156 -0.257831
vn 0.962251 0.087156 -0.257829
vn 0.962251 0.087156 -0.257831
vn 0.962251 0.087156 -0.257830
vn 0.962251 0.087156 -0.257830
vn 0.962251 0.087156 -0.257830
vn 0.962251 0.087156 -0.257831
vn 0.962251 0.087156 -0.257829
vn 0.962251 0.087156 -0.257830
vn 0.962251 0.087156 -0.257830
vn 0.962251 0.087157 -0.257831
vn 0.962251 0.087156 -0.257830
vn 0.962251 0.087155 -0.257830
vn 0.962251 0.087155 -0.257831
vn 0.962251 0.087156 -0.257830
f 1/1/1 2/2/2 3/3/3
f 4/4/4 5/5/5 6/6/6
f 7/7/7 8/8/8 9/9/9
f 10/10/10 11/11/11 12/12/12
f 13/13/13 14/14/14 15/15/15
f 16/16/16 17/17/17 18/18/18
f 19/19/19 20/20/20 21/21/21
f 22/22/22 23/23/23 24/24/24
f 25/25/25 26/26/26 27/27/27
f 28/28/28 29/29/29 30/30/30
f 31/31/31 32/32/32 33/33/33
f 34/34/34 35/35/35 36/36/36
f 37/37/37 38/38/38 39/39/39
f 40/40/40 41/41/41 38/38/38
f 42/42/42 43/43/43 41/41/41
f 44/44/44 45/45/45 46/46/46
f 47/47/47 48/48/48 49/49/49
f 50/50/50 51/51/51 52/52/52
f 52/52/52 53/53/53 54/54/54
f 55/55/55 56/56/56 57/57/57
f 58/58/58 59/59/59 55/55/55
f 55/55/55 59/59/59 60/60/60
f 61/61/61 60/60/60 62/62/62
f 63/63/63 64/64/64 65/65/65
f 63/63/63 66/66/66 67/67/67
f 68/68/68 69/69/69 70/70/70
f 71/71/71 72/72/72 73/73/73
f 74/74/74 75/75/75 76/76/76
f 77/77/77 78/78/78 79/79/79
f 80/80/80 81/81/81 82/82/82
f 83/83/83 84/84/84 85/85/85
f 86/86/86 87/87/87 88/88/88
f 89/89/89 90/90/90 91/91/91
f 92/92/92 93/93/93 94/94/94
f 95/95/95 96/96/96 97/97/97
f 98/98/98 99/99/99 100/100/100
f 98/98/98 101/101/101 102/102/102
f 102/102/102 101/101/101 103/103/103
f 104/104/104 105/105/105 106/106/106
f 107/107/107 108/108/108 106/106/106
f 106/106/106 108/108/108 109/109/109
f 108/108/108 110/110/110 109/109/109
f 110/110/110 111/111/111 109/109/109
f 112/112/112 106/106/106 109/109/109
f 113/113/113 112/112/112 114/114/114
f 115/115/115 113/113/113 114/114/114
f 114/114/114 112/112/112 116/116/116
f 114/114/114 116/116/116 117/117/117
f 116/116/116 118/118/118 117/117/117
f 119/119/119 120/120/120 121/121/121
f 122/122/122 120/120/120 123/123/123
f 124/124/124 125/125/125 126/126/126
f 127/127/127 128/128/128 129/129/129
f 130/130/130 131/131/131 132/132/132
f 133/133/133 134/134/134 135/135/135
f 133/133/133 136/136/136 137/137/137
f 138/138/138 139/139/139 140/140/140
f 141/141/141 142/142/142 143/143/143
f 141/141/141 144/144/144 145/145/145
f 145/145/145 146/146/146 147/147/147
f 148/148/148 149/149/149 150/150/150
f 149/149/149 151/151/151 152/152/152
f 152/152/152 153/153/153 149/149/149
f 154/154/154 152/152/152 155/155/155
f 156/156/156 157/157/157 158/158/158
f 158/158/158 159/159/159 160/160/160
f 161/161/161 162/162/162 163/163/163
f 164/164/164 165/165/165 166/166/166
f 167/167/167 168/168/168 169/169/169
f 170/170/170 171/171/171 172/172/172
f 173/173/173 174/174/174 175/175/175
f 176/176/176 177/177/177 175/175/175
f 177/177/177 178/178/178 175/175/175
f 179/179/179 180/180/180 181/181/181
f 182/182/182 183/183/183 184/184/184
f 185/185/185 186/186/186 187/187/187
f 188/188/188 189/189/189 190/190/190
f 191/191/191 192/192/192 193/193/193
f 194/194/194 191/191/191 195/195/195
f 195/195/195 196/196/196 194/194/194
f 197/197/197 196/196/196 195/195/195
f 197/197/197 198/198/198 196/196/196
f 197/197/197 199/199/199 198/198/198
f 200/200/200 201/201/201 202/202/202
f 202/202/202 203/203/203 204/204/204
f 202/202/202 205/205/205 203/203/203
f 206/206/206 207/207/207 208/208/208
f 209/209/209 210/210/210 211/211/211
f 211/211/211 212/212/212 213/213/213
f 214/214/214 215/215/215 216/216/216
f 217/217/217 218/218/218 219/219/219
f 220/220/220 221/221/221 222/222/222
f 223/223/223 224/224/224 225/225/225
f 226/226/226 227/227/227 228/228/228
f 229/229/229 230/230/230 231/231/231
f 232/232/232 233/233/233 234/234/234
f 235/235/235 233/233/233 232/232/232
f 236/236/236 237/237/237 238/238/238
f 239/239/239 237/237/237 236/236/236
f 240/240/240 241/241/241 242/242/242
f 243/243/243 241/241/241 240/240/240
f 244/244/244 245/245/245 246/246/246
f 247/247/247 245/245/245 244/244/244
f 248/248/248 249/249/249 250/250/250
f 251/251/251 249/249/249 248/248/248
f 252/252/252 253/253/253 254/254/254
f 255/255/255 253/253/253 252/252/252
f 256/256/256 257/257/257 258/258/258
f 259/259/259 257/257/257 256/256/256
f 260/260/260 261/261/261 262/262/262
f 263/263/263 261/261/261 260/260/260
f 264/264/264 265/265/265 266/266/266
f 267/267/267 265/265/265 264/264/264
f 268/268/268 269/269/269 270/270/270
f 271/271/271 269/269/269 268/268/268
f 272/272/272 273/273/273 274/274/274
f 275/275/275 273/273/273 272/272/272
f 276/276/276 277/277/277 278/278/278
f 276/276/276 279/279/279 277/277/277
f 280/280/280 281/281/281 282/282/282
f 281/281/281 283/283/283 282/282/282
f 284/284/284 283/283/283 281/281/281
f 283/283/283 284/284/284 285/285/285
f 286/286/286 287/287/287 288/288/288
f 289/289/289 287/287/287 286/286/286
f 290/290/290 291/291/291 292/292/292
f 293/293/293 291/291/291 290/290/290
f 294/294/294 295/295/295 296/296/296
f 297/297/297 295/295/295 294/294/294
f 298/298/298 299/299/299 300/300/300
f 301/301/301 299/299/299 298/298/298
f 302/302/302 303/303/303 304/304/304
f 305/305/305 303/303/303 302/302/302
f 306/306/306 307/307/307 308/308/308
f 309/309/309 307/307/307 306/306/306
f 310/310/310 311/311/311 312/312/312
f 313/313/313 311/311/311 310/310/310
f 314/314/314 315/315/315 316/316/316
f 317/317/317 315/315/315 314/314/314
f 318/318/318 319/319/319 320/320/320
f 321/321/321 319/319/319 318/318/318
f 322/322/322 323/323/323 324/324/324
f 325/325/325 323/323/323 322/322/322
f 326/326/326 327/327/327 328/328/328
f 329/329/329 327/327/327 326/326/326
f 330/330/330 331/331/331 332/332/332
f 333/333/333 331/331/331 330/330/330
f 334/334/334 335/335/335 336/336/336
f 337/337/337 335/335/335 334/334/334
f 338/338/338 339/339/339 340/340/340
f 341/341/341 339/339/339 338/338/338
f 342/342/342 343/343/343 344/344/344
f 342/342/342 345/345/345 343/343/343
f 343/343/343 345/345/345 346/346/346
f 346/346/346 347/347/347 343/343/343
f 348/348/348 347/347/347 346/346/346
f 348/348/348 346/346/346 349/349/349
f 350/350/350 351/351/351 352/352/352
f 353/353/353 351/351/351 350/350/350
f 354/354/354 355/355/355 356/356/356
f 357/357/357 355/355/355 354/354/354
f 358/358/358 359/359/359 360/360/360
f 361/361/361 359/359/359 358/358/358
f 362/362/362 363/363/363 364/364/364
f 365/365/365 363/363/363 362/362/362
f 366/366/366 367/367/367 368/368/368
f 369/369/369 367/367/367 366/366/366
f 370/370/370 371/371/371 372/372/372
f 370/370/370 373/373/373 371/371/371
f 374/374/374 375/375/375 376/376/376
f 377/377/377 375/375/375 374/374/374
f 378/378/378 379/379/379 380/380/380
f 381/381/381 379/379/379 378/378/378
f 382/382/382 383/383/383 384/384/384
f 385/385/385 383/383/383 382/382/382
f 386/386/386 387/387/387 388/388/388
f 389/389/389 387/387/387 386/386/386
f 390/390/390 391/391/391 392/392/392
f 393/393/393 391/391/391 390/390/390
f 394/394/394 395/395/395 396/396/396
f 397/397/397 395/395/395 394/394/394
f 398/398/398 399/399/399 400/400/400
f 401/401/401 399/399/399 398/398/398
f 402/402/402 403/403/403 404/404/404
f 405/405/405 403/403/403 402/402/402
f 406/406/406 407/407/407 408/408/408
f 409/409/409 407/407/407 406/406/406
f 410/410/410 411/411/411 412/412/412
f 413/413/413 411/411/411 410/410/410
f 414/414/414 415/415/415 416/416/416
f 417/417/417 415/415/415 414/414/414
f 418/418/418 419/419/419 420/420/420
f 421/421/421 419/419/419 418/418/418
f 422/422/422 423/423/423 424/424/424
f 425/425/425 423/423/423 422/422/422
f 426/426/426 427/427/427 428/428/428
f 429/429/429 427/427/427 426/426/426
f 430/430/430 431/431/431 432/432/432
f 433/433/433 431/431/431 430/430/430
f 434/434/434 435/435/435 436/436/436
f 437/437/437 435/435/435 434/434/434
f 438/438/438 439/439/439 440/440/440
f 441/441/441 439/439/439 438/438/438
f 441/441/441 442/442/442 439/439/439
f 443/443/443 442/442/442 441/441/441
f 443/443/443 444/444/444 442/442/442
f 445/445/445 444/444/444 443/443/443
f 445/445/445 446/446/446 444/444/444
f 447/447/447 446/446/446 445/445/445
f 447/447/447 448/448/448 446/446/446
f 449/449/449 448/448/448 447/447/447
f 450/450/450 451/451/451 452/452/452
f 453/453/453 451/451/451 450/450/450
f 454/454/454 455/455/455 456/456/456
f 454/454/454 457/457/457 455/455/455
f 457/457/457 458/458/458 455/455/455
f 459/459/459 460/460/460 461/461/461
f 462/462/462 460/460/460 459/459/459
f 463/463/463 464/464/464 465/465/465
f 466/466/466 464/464/464 463/463/463
f 466/466/466 467/467/467 468/468/468
f 469/469/469 467/467/467 466/466/466
f 463/463/463 470/470/470 471/471/471
f 471/471/471 470/470/470 472/472/472
f 472/472/472 473/473/473 471/471/471
f 472/472/472 474/474/474 473/473/473
f 473/473/473 474/474/474 475/475/475
f 473/473/473 475/475/475 476/476/476
f 469/469/469 476/476/476 477/477/477
f 477/477/477 476/476/476 478/478/478
f 479/479/479 480/480/480 481/481/481
f 482/482/482 480/480/480 479/479/479
f 483/483/483 484/484/484 485/485/485
f 486/486/486 484/484/484 483/483/483
f 487/487/487 488/488/488 489/489/489
f 490/490/490 488/488/488 487/487/487
f 491/491/491 492/492/492 493/493/493
f 491/491/491 494/494/494 492/492/492
f 495/495/495 494/494/494 491/491/491
f 496/496/496 497/497/497 498/498/498
f 499/499/499 497/497/497 496/496/496
f 499/499/499 500/500/500 497/497/497
f 501/501/501 500/500/500 499/499/499
f 502/502/502 503/503/503 504/504/504
f 505/505/505 503/503/503 502/502/502
f 506/506/506 507/507/507 508/508/508
f 509/509/509 507/507/507 506/506/506
f 510/510/510 511/511/511 512/512/512
f 513/513/513 511/511/511 510/510/510
f 513/513/513 514/514/514 511/511/511
f 515/515/515 514/514/514 513/513/513
f 516/516/516 517/517/517 518/518/518
f 519/519/519 517/517/517 516/516/516
f 520/520/520 521/521/521 522/522/522
f 523/523/523 521/521/521 520/520/520
f 524/524/524 525/525/525 526/526/526
f 527/527/527 525/525/525 524/524/524
f 527/527/527 524/524/524 528/528/528
f 529/529/529 530/530/530 531/531/531
f 531/531/531 530/530/530 532/532/532
f 533/533/533 534/534/534 535/535/535
f 536/536/536 534/534/534 533/533/533
f 536/536/536 537/537/537 534/534/534
f 536/536/536 538/538/538 537/537/537
f 539/539/539 540/540/540 541/541/541
f 539/539/539 542/542/542 540/540/540
f 543/543/543 544/544/544 545/545/545
f 544/544/544 543/543/543 546/546/546
f 546/546/546 543/543/543 547/547/547
f 546/546/546 547/547/547 548/548/548
f 549/549/549 550/550/550 551/551/551
f 549/549/549 552/552/552 550/550/550
f 553/553/553 552/552/552 549/549/549
f 549/549/549 554/554/554 553/553/553
f 555/555/555 554/554/554 549/549/549
f 556/556/556 557/557/557 558/558/558
f 556/556/556 559/559/559 557/557/557
f 560/560/560 561/561/561 562/562/562
f 563/563/563 561/561/561 560/560/560
f 561/561/561 563/563/563 564/564/564
f 563/563/563 565/565/565 564/564/564
f 566/566/566 567/567/567 568/568/568
f 566/566/566 569/569/569 567/567/567
f 570/570/570 571/571/571 572/572/572
f 570/570/570 573/573/573 571/571/571
f 574/574/574 575/575/575 576/576/576
f 577/577/577 575/575/575 574/574/574
f 577/577/577 574/574/574 578/578/578
f 578/578/578 579/579/579 577/577/577
f 580/580/580 581/581/581 582/582/582
f 582/582/582 581/581/581 583/583/583
f 583/583/583 584/584/584 582/582/582
f 585/585/585 584/584/584 583/583/583
f 586/586/586 587/587/587 588/588/588
f 588/588/588 587/587/587 589/589/589
f 589/589/589 590/590/590 588/588/588
f 591/591/591 592/592/592 593/593/593
f 591/591/591 594/594/594 592/592/592
f 591/591/591 593/593/593 595/595/595
f 595/595/595 593/593/593 596/596/596
f 596/596/596 593/593/593 597/597/597
f 596/596/596 597/597/597 598/598/598
f 598/598/598 597/597/597 594/594/594
f 596/596/596 598/598/598 599/599/599
f 600/600/600 598/598/598 594/594/594
f 591/591/591 600/600/600 594/594/594
f 591/591/591 601/601/601 600/600/600
f 599/599/599 598/598/598 602/602/602
f 603/603/603 601/601/601 591/591/591
f 599/599/599 602/602/602 604/604/604
f 604/604/604 602/602/602 601/601/601
f 599/599/599 604/604/604 605/605/605
f 601/601/601 606/606/606 604/604/604
f 606/606/606 601/601/601 603/603/603
f 599/599/599 605/605/605 607/607/607
f 606/606/606 603/603/603 608/608/608
f 605/605/605 608/608/608 607/607/607
f 607/607/607 608/608/608 603/603/603
f 609/609/609 610/610/610 611/611/611
f 612/612/612 610/610/610 609/609/609
f 610/610/610 612/612/612 613/613/613
f 613/613/613 612/612/612 614/614/614
f 611/611/611 610/610/610 615/615/615
f 613/613/613 614/614/614 616/616/616
f 614/614/614 611/611/611 617/617/617
f 617/617/617 611/611/611 615/615/615
f 614/614/614 618/618/618 616/616/616
f 618/618/618 614/614/614 617/617/617
f 617/617/617 615/615/615 619/619/619
f 616/616/616 618/618/618 620/620/620
f 619/619/619 615/615/615 621/621/621
f 620/620/620 618/618/618 622/622/622
f 622/622/622 619/619/619 623/623/623
f 623/623/623 619/619/619 621/621/621
f 622/622/622 623/623/623 624/624/624
f 624/624/624 620/620/620 622/622/622
f 623/623/623 621/621/621 625/625/625
f 625/625/625 621/621/621 626/626/626
f 627/627/627 620/620/620 624/624/624
f 625/625/625 626/626/626 627/627/627
f 628/628/628 620/620/620 627/627/627
f 627/627/627 626/626/626 628/628/628
