g Model_0
v -1.230967 -0.125000 2.120541
v -1.230968 -0.124999 2.370541
v -1.230968 0.125001 2.370542
v -1.230967 0.125000 2.120542
v -1.230960 -0.125000 0.372843
v -1.230967 1.125001 2.120542
v -1.230968 1.125001 2.370542
v -1.230960 1.125000 0.372844
v -1.230959 0.125000 0.372845
v -1.230959 -0.125000 0.122843
v -1.230958 1.125000 0.122844
v -1.230958 0.125000 0.122845
v -1.230953 -0.125001 -1.168011
v -1.230954 1.125000 -1.079750
v -1.230953 0.124999 -1.168010
v -1.230952 -0.125001 -1.418011
v -1.230952 0.124999 -1.418010
v -1.230948 -0.125001 -2.370551
v -1.230948 0.124999 -2.398208
v -1.230949 0.956308 -2.370550
v -1.230952 0.999999 -1.418011
v -1.230954 1.875000 -0.918011
v -1.230956 1.875000 -0.668011
v -1.230955 2.125000 -0.755778
v -1.230956 2.125000 -0.505778
v -1.230959 2.125000 0.122844
v -1.230959 1.875000 0.122844
v 0.980948 -0.124999 2.370550
v 1.230948 -0.124999 2.370551
v 1.230948 0.125001 2.370550
v 0.980948 0.125001 2.370549
v -0.980968 -0.124999 2.370542
v 0.980948 1.125001 2.370549
v 1.230948 1.125001 2.370550
v -0.980968 1.125001 2.370543
v -0.980968 0.125001 2.370543
v -1.230968 -0.124999 2.370541
v -1.230968 1.125001 2.370542
v -1.230968 0.125001 2.370542
v 1.230964 -0.125000 -1.418002
v 1.230968 -0.125001 -2.370542
v 1.230968 0.124999 -2.398199
v 1.230964 0.125000 -1.418001
v 1.230963 -0.125000 -1.168002
v 1.230964 1.000000 -1.418001
v 1.230968 0.956309 -2.370541
v 1.230963 0.125000 -1.168001
v 1.230958 -0.125000 0.122854
v 1.230963 1.125000 -1.079741
v 1.230961 1.875000 -0.668001
v 1.230958 1.125000 0.122853
v 1.230962 1.875000 -0.918001
v 1.230958 0.125000 0.122853
v 1.230956 -0.125000 0.372854
v 1.230956 1.125000 0.372853
v 1.230960 2.125000 -0.505768
v 1.230961 2.125000 -0.755768
v 1.230957 1.875000 0.122853
v 1.230957 2.125000 0.122853
v 1.230957 0.125000 0.372854
v 1.230949 -0.124999 2.120551
v 1.230949 1.125001 2.120550
v 1.230949 0.125001 2.120550
v 1.230948 -0.124999 2.370551
v 1.230948 1.125001 2.370550
v 1.230948 0.125001 2.370550
v 0.980968 -0.125001 -2.370543
v 1.230968 -0.125001 -2.370542
v 1.230964 -0.125000 -1.418002
v 0.980964 -0.125000 -1.418003
v -0.980948 -0.125001 -2.370550
v 1.230963 -0.125000 -1.168002
v -0.980952 -0.125001 -1.418010
v -1.230948 -0.125001 -2.370551
v -1.230952 -0.125001 -1.418011
v 0.980963 -0.125000 -1.168003
v 1.230958 -0.125000 0.122854
v -0.980953 -0.125000 -1.168010
v -1.230953 -0.125001 -1.168011
v 0.980958 -0.125000 0.122852
v 1.230956 -0.125000 0.372854
v -0.980959 -0.125000 0.122845
v -1.230959 -0.125000 0.122843
v 0.980956 -0.125000 0.372852
v 1.230949 -0.124999 2.120551
v -0.980960 -0.125000 0.372845
v -1.230960 -0.125000 0.372843
v 0.980949 -0.124999 2.120550
v 1.230948 -0.124999 2.370551
v 0.980948 -0.124999 2.370550
v -0.980967 -0.124999 2.120542
v -1.230967 -0.125000 2.120541
v -0.980968 -0.124999 2.370542
v -1.230968 -0.124999 2.370541
v -0.980954 0.125000 -1.068009
v -0.980958 1.125000 0.122846
v -0.980958 0.125000 0.122846
v -0.980954 1.125000 -1.079749
v -0.980952 0.124999 -1.318009
v -0.980952 1.124999 -1.418009
v -1.230948 0.124999 -2.398208
v -1.230949 0.956308 -2.370550
v -0.980949 1.081309 -2.370549
v -0.980948 0.124999 -2.398207
v 0.980968 1.081309 -2.370542
v -0.980948 -0.125001 -2.370550
v -1.230948 -0.125001 -2.370551
v 0.980968 -0.125001 -2.370543
v 0.980968 0.124999 -2.398200
v 1.230968 0.956309 -2.370541
v 1.230968 -0.125001 -2.370542
v 1.230968 0.124999 -2.398199
v 0.980950 0.125001 2.020549
v 0.980949 1.125001 2.120549
v 0.980956 1.125000 0.372852
v 0.980957 0.125000 0.372852
v -0.980966 0.125000 2.020543
v -0.980967 1.125001 2.120543
v 0.980949 1.125001 2.120549
v 0.980950 0.125001 2.020549
v -0.980959 0.125000 0.372846
v -0.980966 0.125000 2.020543
v 0.980950 0.125001 2.020549
v 0.980957 0.125000 0.372852
v -0.980954 0.125000 -1.068009
v -0.980958 0.125000 0.122846
v 0.980958 0.125000 0.122852
v 0.980963 0.125000 -1.068002
v -0.980952 0.124999 -1.318009
v 0.980964 0.125000 -1.318002
v 0.980958 0.125000 0.122852
v -0.980958 0.125000 0.122846
v -0.980958 1.125000 0.122846
v 0.980958 1.125000 0.122852
v 1.230958 1.125000 0.122853
v 1.230956 1.875000 0.372853
v 1.230956 1.125000 0.372853
v 1.230957 1.875000 0.122853
v 1.230956 2.125000 0.372853
v 1.230957 2.125000 0.122853
v 0.980968 1.081309 -2.370542
v 1.230964 1.000000 -1.418001
v 1.230968 0.956309 -2.370541
v 0.980964 1.125000 -1.418002
v -0.980949 1.081309 -2.370549
v -0.980952 1.124999 -1.418009
v -1.230949 0.956308 -2.370550
v -1.230952 0.999999 -1.418011
v -0.980967 1.125001 2.120543
v -0.980968 1.125001 2.370543
v 0.980948 1.125001 2.370549
v 0.980949 1.125001 2.120549
v 0.980956 1.125000 0.372852
v 0.980949 1.125001 2.120549
v 1.230949 1.125001 2.120550
v 1.230956 1.125000 0.372853
v -1.230960 1.125000 0.372844
v -1.230967 1.125001 2.120542
v -0.980967 1.125001 2.120543
v -0.980960 1.125000 0.372846
v 0.980963 1.125000 -1.079742
v 0.980958 1.125000 0.122852
v 1.230958 1.125000 0.122853
v 1.230963 1.125000 -1.079741
v -1.230954 1.125000 -1.079750
v -1.230958 1.125000 0.122844
v -0.980958 1.125000 0.122846
v -0.980954 1.125000 -1.079749
v 0.980963 0.125000 -1.068002
v 0.980964 1.125000 -1.418002
v 0.980964 0.125000 -1.318002
v 0.980963 1.125000 -1.079742
v 0.980958 0.125000 0.122852
v 0.980958 1.125000 0.122852
v -0.980959 0.125000 0.372846
v -0.980960 1.125000 0.372846
v -0.980967 1.125001 2.120543
v -0.980966 0.125000 2.020543
v 0.980964 0.125000 -1.318002
v 0.980964 1.125000 -1.418002
v -0.980952 1.124999 -1.418009
v -0.980952 0.124999 -1.318009
v -0.980960 1.125000 0.372846
v -0.980960 1.875000 0.372845
v -1.230960 1.875000 0.372844
v -1.230960 1.125000 0.372844
v -0.980954 1.125000 -1.079749
v -0.980956 1.875000 -0.668010
v -1.230956 1.875000 -0.668011
v -1.230954 1.125000 -1.079750
v -1.230954 1.875000 -0.918011
v -1.230955 2.125000 -0.755778
v -0.980955 2.125000 -0.755776
v -0.980954 1.875000 -0.918010
v -1.230952 0.999999 -1.418011
v -0.980952 1.124999 -1.418009
v 0.980961 2.125000 -0.755770
v 0.980962 1.875000 -0.918003
v 1.230961 2.125000 -0.755768
v 1.230962 1.875000 -0.918001
v 0.980964 1.125000 -1.418002
v 1.230964 1.000000 -1.418001
v -1.230960 1.875000 0.372844
v -1.230960 2.125000 0.372842
v -1.230959 2.125000 0.122844
v -1.230959 1.875000 0.122844
v -1.230960 1.125000 0.372844
v -1.230958 1.125000 0.122844
v -0.980952 1.124999 -1.418009
v -0.980954 1.875000 -0.918010
v -0.980956 1.875000 -0.668010
v -0.980954 1.125000 -1.079749
v -1.230958 1.125000 0.122844
v -1.230959 1.875000 0.122844
v -0.980959 1.875000 0.122845
v -0.980958 1.125000 0.122846
v 1.230963 1.125000 -1.079741
v 1.230961 1.875000 -0.668001
v 0.980961 1.875000 -0.668003
v 0.980963 1.125000 -1.079742
v 1.230956 1.125000 0.372853
v 1.230956 1.875000 0.372853
v 0.980956 1.875000 0.372852
v 0.980956 1.125000 0.372852
v -0.980960 1.125000 0.372846
v -0.980958 1.125000 0.122846
v -0.980959 1.875000 0.122845
v -0.980960 1.875000 0.372845
v 0.980963 1.125000 -1.079742
v 0.980961 1.875000 -0.668003
v 0.980962 1.875000 -0.918003
v 0.980964 1.125000 -1.418002
v 0.980958 1.125000 0.122852
v 0.980957 1.875000 0.122852
v 1.230957 1.875000 0.122853
v 1.230958 1.125000 0.122853
v 0.980957 2.125000 0.122852
v 1.230956 2.125000 0.372853
v 1.230957 2.125000 0.122853
v 0.980956 2.125000 0.372852
v -0.980960 2.125000 0.372843
v -0.980959 2.125000 0.122845
v -1.230959 2.125000 0.122844
v -1.230960 2.125000 0.372842
v -0.980960 2.125000 0.372843
v -0.980959 2.125000 0.122845
v 0.980961 2.125000 -0.755770
v 1.230960 2.125000 -0.505768
v 1.230961 2.125000 -0.755768
v 0.980960 2.125000 -0.505769
v 0.980957 2.125000 0.122852
v 1.230957 2.125000 0.122853
v -0.980956 2.125000 -0.505776
v -0.980955 2.125000 -0.755776
v -1.230955 2.125000 -0.755778
v -1.230956 2.125000 -0.505778
v -1.230959 2.125000 0.122844
v -0.980959 2.125000 0.122845
v -1.230959 1.875000 0.122844
v -1.230956 1.875000 -0.668011
v -0.980956 1.875000 -0.668010
v -0.980959 1.875000 0.122845
v 0.980962 1.875000 -0.918003
v 0.980961 1.875000 -0.668003
v -0.980956 1.875000 -0.668010
v -0.980954 1.875000 -0.918010
v 0.980957 1.875000 0.122852
v 0.980961 1.875000 -0.668003
v 1.230961 1.875000 -0.668001
v 1.230957 1.875000 0.122853
v -0.980960 1.125000 0.372846
v -0.980959 0.125000 0.372846
v 0.980957 0.125000 0.372852
v 0.980956 1.125000 0.372852
v 0.980956 1.875000 0.372852
v 0.980956 2.125000 0.372852
v -0.980960 2.125000 0.372843
v -0.980960 1.875000 0.372845
v -1.230968 1.125001 2.370542
v -0.980968 1.125001 2.370543
v -0.980967 1.125001 2.120543
v -1.230967 1.125001 2.120542
v 0.980948 1.125001 2.370549
v 1.230948 1.125001 2.370550
v 1.230949 1.125001 2.120550
v 0.980949 1.125001 2.120549
v 0.980956 1.875000 0.372852
v 1.230956 1.875000 0.372853
v 1.230956 2.125000 0.372853
v 0.980956 2.125000 0.372852
v -1.230960 1.875000 0.372844
v -0.980960 1.875000 0.372845
v -0.980960 2.125000 0.372843
v -1.230960 2.125000 0.372842
v -0.980959 1.875000 0.122845
v -0.980956 1.875000 -0.668010
v 0.980961 1.875000 -0.668003
v 0.980957 1.875000 0.122852
v 0.980956 1.875000 0.372852
v -0.980960 1.875000 0.372845
v 0.980960 2.125000 -0.505769
v -0.980956 2.125000 -0.505776
v -0.980959 2.125000 0.122845
v 0.980957 2.125000 0.122852
v -0.980960 1.125000 0.372846
v 0.980956 1.125000 0.372852
v 0.980958 1.125000 0.122852
v -0.980958 1.125000 0.122846
v 0.980956 1.875000 0.372852
v 0.980957 1.875000 0.122852
v 0.980958 1.125000 0.122852
v 0.980956 1.125000 0.372852
v -0.694982 -0.076025 2.593243
v -0.694982 -0.273431 2.593243
v -0.694974 -0.106347 0.593243
v -0.694974 0.091060 0.593243
v -0.892380 0.091060 0.593242
v -0.892380 -0.106347 0.593242
v -0.892389 -0.273432 2.593242
v -0.892389 -0.076025 2.593242
v -0.892389 -0.076025 2.593242
v -0.892389 -0.273432 2.593242
v -0.694982 -0.273431 2.593243
v -0.694982 -0.076025 2.593243
v -0.694982 -0.273431 2.593243
v -0.892389 -0.273432 2.593242
v -0.892380 -0.106347 0.593242
v -0.694974 -0.106347 0.593243
v -0.892389 -0.076025 2.593242
v -0.694982 -0.076025 2.593243
v -0.694974 0.091060 0.593243
v -0.892380 0.091060 0.593242
v 1.260811 0.100803 -2.102122
v 1.260811 -0.158647 -2.102122
v 1.260812 -0.158647 -2.450180
v 1.260812 0.100803 -2.450180
v -0.531249 0.100803 -2.517115
v -1.261050 -0.158647 -2.450191
v -1.261050 0.100803 -2.450191
v -0.531249 -0.158647 -2.517115
v 0.516266 0.100803 -2.517110
v 0.516267 -0.158647 -2.517110
v 1.260812 0.100803 -2.450180
v 1.260812 -0.158647 -2.450180
v -1.261050 0.100803 -2.450191
v -1.261050 -0.158647 -2.450191
v -1.261051 -0.158647 -2.102133
v -1.261051 0.100803 -2.102133
v 0.516265 0.100803 -2.169053
v 1.260811 -0.158647 -2.102122
v 1.260811 0.100803 -2.102122
v 0.516265 -0.158647 -2.169053
v -0.531251 0.100803 -2.169057
v -0.531251 -0.158647 -2.169057
v -1.261051 0.100803 -2.102133
v -1.261051 -0.158647 -2.102133
v -0.531251 -0.158647 -2.169057
v -1.261051 -0.158647 -2.102133
v -1.261050 -0.158647 -2.450191
v -0.531249 -0.158647 -2.517115
v 0.516265 -0.158647 -2.169053
v 0.516267 -0.158647 -2.517110
v 1.260811 -0.158647 -2.102122
v 1.260812 -0.158647 -2.450180
v 0.516265 0.100803 -2.169053
v 1.260811 0.100803 -2.102122
v 1.260812 0.100803 -2.450180
v 0.516266 0.100803 -2.517110
v -0.531251 0.100803 -2.169057
v -0.531249 0.100803 -2.517115
v -1.261051 0.100803 -2.102133
v -1.261050 0.100803 -2.450191
v 0.716384 1.008923 -2.274179
v 0.716384 0.198824 -2.274179
v 0.716385 0.198824 -2.445077
v 0.716385 1.008923 -2.445077
v -0.716364 1.008923 -2.445083
v -0.716363 0.198824 -2.445083
v -0.716364 0.198824 -2.274185
v -0.716364 1.008923 -2.274186
v -0.358177 0.198824 -2.274184
v -0.716364 0.198824 -2.274185
v -0.716363 0.198824 -2.445083
v -0.358176 0.198824 -2.445081
v 0.000010 0.198824 -2.274182
v 0.000011 0.198824 -2.445080
v 0.358197 0.198824 -2.274181
v 0.358198 0.198824 -2.445078
v 0.716384 0.198824 -2.274179
v 0.716385 0.198824 -2.445077
v 0.358197 1.008923 -2.274181
v 0.716384 1.008923 -2.274179
v 0.716385 1.008923 -2.445077
v 0.358198 1.008923 -2.445078
v 0.000010 1.008923 -2.274182
v 0.000011 1.008923 -2.445080
v -0.358177 1.008923 -2.274184
v -0.358177 1.008923 -2.445081
v -0.716364 1.008923 -2.274186
v -0.716364 1.008923 -2.445083
v 0.626838 0.289730 -2.445077
v 0.626837 0.289730 -2.274180
v 0.626837 0.918017 -2.274180
v 0.626838 0.918017 -2.445077
v -0.626817 0.289730 -2.445082
v -0.626817 0.289730 -2.274185
v -0.447724 0.289730 -2.274184
v -0.447723 0.289730 -2.445082
v 0.626838 0.918017 -2.445077
v 0.626837 0.918017 -2.274180
v 0.447744 0.918017 -2.274180
v 0.447744 0.918017 -2.445078
v 0.089557 0.289730 -2.445079
v 0.089557 0.289730 -2.274182
v 0.268650 0.289730 -2.274181
v 0.268651 0.289730 -2.445079
v -0.447723 0.918017 -2.445082
v -0.447724 0.918017 -2.274184
v -0.626818 0.918017 -2.274185
v -0.626817 0.918017 -2.445083
v -0.268630 0.918017 -2.445081
v -0.268630 0.918017 -2.274184
v -0.268630 0.289730 -2.274183
v -0.268630 0.289730 -2.445081
v -0.268630 0.289730 -2.445081
v -0.268630 0.289730 -2.274183
v -0.089537 0.289730 -2.274183
v -0.089536 0.289730 -2.445080
v 0.268651 0.289730 -2.445079
v 0.268650 0.289730 -2.274181
v 0.268650 0.918017 -2.274181
v 0.268651 0.918017 -2.445079
v 0.268651 0.918017 -2.445079
v 0.268650 0.918017 -2.274181
v 0.089557 0.918017 -2.274182
v 0.089557 0.918017 -2.445079
v 0.447744 0.918017 -2.445078
v 0.447744 0.918017 -2.274180
v 0.447744 0.289730 -2.274180
v 0.447744 0.289730 -2.445078
v -0.447723 0.289730 -2.445082
v -0.447724 0.289730 -2.274184
v -0.447724 0.918017 -2.274184
v -0.447723 0.918017 -2.445082
v 0.447744 0.289730 -2.445078
v 0.447744 0.289730 -2.274180
v 0.626837 0.289730 -2.274180
v 0.626838 0.289730 -2.445077
v -0.626817 0.918017 -2.445083
v -0.626818 0.918017 -2.274185
v -0.626817 0.289730 -2.274185
v -0.626817 0.289730 -2.445082
v -0.089536 0.289730 -2.445080
v -0.089537 0.289730 -2.274183
v -0.089537 0.918017 -2.274183
v -0.089536 0.918017 -2.445080
v -0.089536 0.918017 -2.445080
v -0.089537 0.918017 -2.274183
v -0.268630 0.918017 -2.274184
v -0.268630 0.918017 -2.445081
v 0.089557 0.918017 -2.445079
v 0.089557 0.918017 -2.274182
v 0.089557 0.289730 -2.274182
v 0.089557 0.289730 -2.445079
v -1.260814 0.100804 2.102120
v -1.260814 -0.158646 2.102121
v -1.260816 -0.158646 2.450178
v -1.260816 0.100804 2.450178
v 0.531246 0.100804 2.517116
v 1.261046 -0.158646 2.450193
v 1.261046 0.100804 2.450193
v 0.531246 -0.158646 2.517116
v -0.516270 0.100804 2.517110
v -0.516270 -0.158646 2.517110
v -1.260816 0.100804 2.450178
v -1.260816 -0.158646 2.450178
v 1.261046 0.100804 2.450193
v 1.261046 -0.158646 2.450193
v 1.261048 -0.158646 2.102135
v 1.261048 0.100804 2.102135
v -0.516268 0.100804 2.169052
v -1.260814 -0.158646 2.102121
v -1.260814 0.100804 2.102120
v -0.516268 -0.158646 2.169052
v 0.531248 0.100804 2.169058
v 0.531248 -0.158646 2.169058
v 1.261048 0.100804 2.102135
v 1.261048 -0.158646 2.102135
v 0.531248 -0.158646 2.169058
v 1.261048 -0.158646 2.102135
v 1.261046 -0.158646 2.450193
v 0.531246 -0.158646 2.517116
v -0.516268 -0.158646 2.169052
v -0.516270 -0.158646 2.517110
v -1.260814 -0.158646 2.102121
v -1.260816 -0.158646 2.450178
v -0.516268 0.100804 2.169052
v -1.260814 0.100804 2.102120
v -1.260816 0.100804 2.450178
v -0.516270 0.100804 2.517110
v 0.531248 0.100804 2.169058
v 0.531246 0.100804 2.517116
v 1.261048 0.100804 2.102135
v 1.261046 0.100804 2.450193
v 0.358198 0.198824 -2.445078
v 0.626838 0.289730 -2.445077
v 0.716385 0.198824 -2.445077
v 0.626838 0.918017 -2.445077
v 0.716385 1.008923 -2.445077
v 0.447744 0.918017 -2.445078
v 0.358198 1.008923 -2.445078
v 0.447744 0.289730 -2.445078
v 0.268651 0.918017 -2.445079
v 0.268651 0.289730 -2.445079
v 0.089557 0.918017 -2.445079
v 0.000011 0.198824 -2.445080
v 0.000011 1.008923 -2.445080
v 0.089557 0.289730 -2.445079
v -0.089536 0.918017 -2.445080
v -0.089536 0.289730 -2.445080
v -0.268630 0.918017 -2.445081
v -0.358176 0.198824 -2.445081
v -0.358177 1.008923 -2.445081
v -0.268630 0.289730 -2.445081
v -0.447723 0.918017 -2.445082
v -0.447723 0.289730 -2.445082
v -0.626817 0.918017 -2.445083
v -0.716363 0.198824 -2.445083
v -0.716364 1.008923 -2.445083
v -0.626817 0.289730 -2.445082
vt 0.13062951 0.765349805
vt 0.13062951 0.7676723
vt 0.133083597 0.7676723
vt 0.133083597 0.765349865
vt 0.13062951 0.753357828
vt 0.14289996 0.765349865
vt 0.14289996 0.7676723
vt 0.14289996 0.753357828
vt 0.133083597 0.753357828
vt 0.13062951 0.751035333
vt 0.14289996 0.751035333
vt 0.133083597 0.751035333
vt 0.13062951 0.739043355
vt 0.14289996 0.739863276
vt 0.133083597 0.739043355
vt 0.13062951 0.7367208
vt 0.133083597 0.73672086
vt 0.13062951 0.723627746
vt 0.133083597 0.72337079
vt 0.141244024 0.723627746
vt 0.141672909 0.73672086
vt 0.150262237 0.74136585
vt 0.150262237 0.743688345
vt 0.152716324 0.742872953
vt 0.152716324 0.745195448
vt 0.152716324 0.750674129
vt 0.150262237 0.751035333
vt 0.152630776 0.769994855
vt 0.152630776 0.7676723
vt 0.150179252 0.76767236
vt 0.150179252 0.769994855
vt 0.152630746 0.788220942
vt 0.14037317 0.769995093
vt 0.14037317 0.767672658
vt 0.14037317 0.78822124
vt 0.150179252 0.788221002
vt 0.152630746 0.790543437
vt 0.14037317 0.790543735
vt 0.150179252 0.790543497
vt 0.108542681 0.75432229
vt 0.108542681 0.767415345
vt 0.110996783 0.7676723
vt 0.110996783 0.75432229
vt 0.108542681 0.751999795
vt 0.119586095 0.75432229
vt 0.119157217 0.767415345
vt 0.110996783 0.751999795
vt 0.108542681 0.740007758
vt 0.120813146 0.751179814
vt 0.128175423 0.747354746
vt 0.120813146 0.740007758
vt 0.128175423 0.7496773
vt 0.110996783 0.740007758
vt 0.108542681 0.737685263
vt 0.120813146 0.737685263
vt 0.13062951 0.745847642
vt 0.13062951 0.748170137
vt 0.128175423 0.740007758
vt 0.13062951 0.740007758
vt 0.110996783 0.737685263
vt 0.108542681 0.725693285
vt 0.120813146 0.725693285
vt 0.110996783 0.725693285
vt 0.108542681 0.72337079
vt 0.120813146 0.72337079
vt 0.110996783 0.72337079
vt 0.0868296921 0.72337079
vt 0.084375605 0.72337079
vt 0.084375605 0.736463904
vt 0.086829707 0.736463904
vt 0.106088586 0.72337079
vt 0.084375605 0.738786399
vt 0.106088586 0.736463904
vt 0.108542666 0.72337079
vt 0.108542666 0.736463904
vt 0.086829707 0.738786399
vt 0.084375605 0.750778437
vt 0.106088586 0.738786399
vt 0.108542681 0.738786399
vt 0.086829707 0.750778437
vt 0.084375605 0.753100872
vt 0.106088586 0.750778437
vt 0.108542681 0.750778437
vt 0.086829707 0.753100872
vt 0.084375605 0.765092909
vt 0.106088594 0.753100872
vt 0.108542681 0.753100872
vt 0.086829707 0.765092909
vt 0.0843756199 0.767415345
vt 0.086829707 0.767415345
vt 0.106088594 0.765092909
vt 0.108542681 0.765092909
vt 0.106088594 0.767415345
vt 0.108542681 0.767415345
vt 0.402916074 0.776049376
vt 0.412732422 0.764986336
vt 0.402916044 0.764986336
vt 0.412732422 0.776158392
vt 0.402916044 0.778371811
vt 0.412732422 0.779300809
vt 0.0992038175 0.813795805
vt 0.107326746 0.813796341
vt 0.108542666 0.811473906
vt 0.0992038175 0.81147331
vt 0.108542666 0.793247759
vt 0.0968084633 0.811472952
vt 0.0968084633 0.813795447
vt 0.0968084484 0.793246865
vt 0.0992038175 0.793247163
vt 0.107326746 0.790925145
vt 0.0968084633 0.79092437
vt 0.0992038175 0.790924728
vt 0.403001606 0.734070241
vt 0.412817985 0.734999299
vt 0.412817985 0.723007262
vt 0.403001606 0.723007262
vt 0.358827978 0.795668781
vt 0.368687242 0.79566896
vt 0.368687212 0.777442873
vt 0.358827978 0.777442634
vt 0.565092504 0.829736829
vt 0.565092504 0.818673849
vt 0.545833588 0.818673909
vt 0.545833588 0.829736829
vt 0.565092504 0.843122184
vt 0.565092504 0.832059264
vt 0.545833588 0.832059264
vt 0.545833588 0.843122244
vt 0.565092504 0.845444679
vt 0.545833588 0.845444679
vt 0.3146483 0.786278009
vt 0.421066225 0.78627789
vt 0.421066165 0.732036054
vt 0.314648241 0.732036173
vt 0.125319019 0.699134529
vt 0.132681295 0.696812034
vt 0.125319019 0.696812034
vt 0.132681295 0.699134529
vt 0.135135368 0.696812034
vt 0.135135368 0.699134529
vt 0.144465983 0.81109339
vt 0.13063398 0.813415885
vt 0.144470453 0.813415885
vt 0.13062951 0.81109339
vt 0.144465983 0.792867303
vt 0.13062951 0.792867303
vt 0.144470453 0.790544748
vt 0.13063398 0.790544748
vt 0.169809401 0.804124594
vt 0.172263488 0.804124594
vt 0.172263488 0.785898447
vt 0.169809401 0.785898447
vt 0.150198922 0.802536666
vt 0.150198907 0.790544748
vt 0.14774482 0.790544748
vt 0.14774482 0.802536666
vt 0.144470453 0.790544748
vt 0.144470453 0.802536666
vt 0.146924555 0.802536666
vt 0.146924555 0.790544748
vt 0.167355314 0.796301305
vt 0.167355314 0.807473302
vt 0.169809401 0.807473302
vt 0.169809401 0.796301305
vt 0.172349066 0.752769113
vt 0.172349066 0.741597116
vt 0.169894978 0.741597116
vt 0.169894949 0.752769113
vt 0.403001606 0.709621787
vt 0.412817985 0.706370294
vt 0.403001606 0.707299292
vt 0.412817985 0.709512711
vt 0.403001606 0.720684767
vt 0.412817985 0.720684767
vt 0.402916044 0.762663841
vt 0.412732422 0.762663841
vt 0.412732422 0.750671804
vt 0.402916044 0.751600862
vt 0.378448367 0.777442634
vt 0.368687242 0.777443469
vt 0.368687242 0.795669615
vt 0.378448367 0.795668781
vt 0.176769361 0.726799071
vt 0.176769361 0.733759284
vt 0.179223433 0.733759344
vt 0.179223433 0.72679913
vt 0.174717575 0.800169706
vt 0.174717575 0.793034434
vt 0.172263488 0.79303509
vt 0.172263488 0.800170422
vt 0.0870214105 0.790926456
vt 0.084375605 0.790927231
vt 0.084375605 0.793249667
vt 0.0870214105 0.793249011
vt 0.0961922556 0.79092437
vt 0.0949763283 0.793246746
vt 0.084375605 0.811475873
vt 0.0870214105 0.811475098
vt 0.084375605 0.813798308
vt 0.0870214105 0.813797593
vt 0.0949763283 0.811472893
vt 0.0961922556 0.813795447
vt 0.154768124 0.712484598
vt 0.157222196 0.712123394
vt 0.157222196 0.709800899
vt 0.154768124 0.710162103
vt 0.147405818 0.712484598
vt 0.147405818 0.710162103
vt 0.16244714 0.796301305
vt 0.169809401 0.791656375
vt 0.169809401 0.78933382
vt 0.16244714 0.793158889
vt 0.125175923 0.721870303
vt 0.125175923 0.728774607
vt 0.127629995 0.728774428
vt 0.127629995 0.721870124
vt 0.174717575 0.793033719
vt 0.174717575 0.785898447
vt 0.172263488 0.785899103
vt 0.172263488 0.793034434
vt 0.179223433 0.766257346
vt 0.179223433 0.759297192
vt 0.176769361 0.759297192
vt 0.176769361 0.766257346
vt 0.150073469 0.674580157
vt 0.150073498 0.670232117
vt 0.137029439 0.670232117
vt 0.137029439 0.674580097
vt 0.162532687 0.726513207
vt 0.169894949 0.730338216
vt 0.169894978 0.72801578
vt 0.162532687 0.72337079
vt 0.127546996 0.784397602
vt 0.127546996 0.777493298
vt 0.125092924 0.777493477
vt 0.125092924 0.784397781
vt 0.09133555 0.741888821
vt 0.0888814777 0.739566326
vt 0.0888814777 0.741888821
vt 0.09133555 0.739566326
vt 0.110594466 0.73992759
vt 0.110594466 0.742250025
vt 0.172107339 0.757014751
vt 0.172107339 0.754692316
vt 0.169653267 0.754692316
vt 0.169653267 0.757014751
vt 0.0868296921 0.79092437
vt 0.084375605 0.788601875
vt 0.084375605 0.79092437
vt 0.0868296921 0.788601875
vt 0.0868296921 0.782762051
vt 0.084375605 0.782762051
vt 0.106088586 0.788601875
vt 0.106088586 0.79092437
vt 0.108542666 0.79092437
vt 0.108542666 0.788601875
vt 0.108542666 0.783123255
vt 0.106088586 0.783123255
vt 0.164901227 0.803648353
vt 0.164901227 0.796301305
vt 0.16244714 0.796301305
vt 0.16244714 0.803648353
vt 0.128175408 0.804125428
vt 0.13062951 0.804125428
vt 0.13062951 0.785899282
vt 0.128175423 0.785899282
vt 0.159993023 0.796301305
vt 0.159993023 0.803648353
vt 0.16244714 0.803648353
vt 0.16244714 0.796301305
vt 0.421066225 0.840550244
vt 0.421066165 0.786308408
vt 0.314648241 0.786308527
vt 0.3146483 0.840550363
vt 0.17685236 0.682497799
vt 0.174400821 0.682497561
vt 0.174415961 0.700723886
vt 0.176850036 0.700723886
vt 0.159589469 0.728255212
vt 0.121705569 0.728255272
vt 0.121705569 0.76613915
vt 0.159589499 0.76613915
vt 0.121690415 0.728255212
vt 0.0838065073 0.728255272
vt 0.0838065073 0.766139209
vt 0.121690415 0.766139209
vt 0.0942118242 0.685537577
vt 0.0898638293 0.685537577
vt 0.0898638293 0.689885557
vt 0.0942118242 0.689885557
vt 0.0985720232 0.685537577
vt 0.0942240432 0.685537577
vt 0.0942240283 0.689885557
vt 0.0985720232 0.689885557
vt 0.137029439 0.670232117
vt 0.137029469 0.656477571
vt 0.102907844 0.656477511
vt 0.102907844 0.670231998
vt 0.102907859 0.674580038
vt 0.137029439 0.674580097
vt 0.0898638293 0.685525358
vt 0.123985447 0.685525298
vt 0.123985447 0.674592316
vt 0.0898638293 0.674592376
vt 0.367334723 0.71739167
vt 0.296196878 0.717391729
vt 0.296196878 0.726456583
vt 0.367334723 0.726456523
vt 0.102907859 0.674580038
vt 0.102907844 0.670231998
vt 0.0898638293 0.670232117
vt 0.0898638591 0.674580157
vt 0.902443171 0.224117547
vt 0.88990134 0.223607123
vt 0.88990134 0.28593722
vt 0.902443171 0.286447644
vt 0.88990134 0.223607123
vt 0.87735945 0.224117547
vt 0.87735945 0.286447644
vt 0.88990134 0.28593722
vt 0.927614391 0.223607123
vt 0.927614391 0.229737967
vt 0.940199912 0.229737967
vt 0.940199912 0.223607123
vt 0.915028751 0.223607123
vt 0.902443171 0.223607123
vt 0.902443171 0.28593719
vt 0.915028751 0.28593719
vt 0.927614391 0.223607123
vt 0.915028751 0.223607123
vt 0.915028751 0.28593719
vt 0.927614391 0.28593719
vt 0.658940673 0.242350191
vt 0.677850544 0.242350191
vt 0.677850544 0.226171732
vt 0.658940673 0.226171732
vt 0.62112087 0.243917823
vt 0.640030742 0.209993273
vt 0.62112087 0.209993273
vt 0.640030742 0.243917823
vt 0.62112093 0.292608589
vt 0.640030742 0.292608589
vt 0.62112087 0.327214807
vt 0.640030742 0.327214807
vt 0.677850544 0.209993273
vt 0.658940673 0.209993273
vt 0.658940673 0.226171732
vt 0.677850544 0.226171732
vt 0.658940613 0.292608589
vt 0.640030742 0.327214867
vt 0.658940673 0.327214807
vt 0.640030742 0.292608589
vt 0.658940613 0.243917823
vt 0.640030742 0.243917823
vt 0.658940673 0.209993273
vt 0.640030742 0.209993303
vt 0.595752835 0.293292195
vt 0.59087491 0.327214867
vt 0.616242886 0.327214867
vt 0.62112087 0.293292195
vt 0.595752835 0.244601399
vt 0.62112087 0.244601399
vt 0.59087491 0.209993273
vt 0.616242886 0.209993273
vt 0.565506876 0.292606741
vt 0.560628951 0.327214867
vt 0.585996926 0.327214867
vt 0.59087491 0.292606741
vt 0.565506876 0.243915945
vt 0.59087491 0.243915945
vt 0.560628951 0.209993273
vt 0.585996926 0.209993273
vt 0.893350482 0.240091324
vt 0.893350482 0.261334062
vt 0.897560418 0.261334062
vt 0.897560418 0.240091324
vt 0.901770353 0.261334062
vt 0.901770353 0.240091324
vt 0.897560418 0.240091324
vt 0.897560418 0.261334062
vt 0.884930611 0.268268883
vt 0.884930611 0.277661413
vt 0.889140546 0.277661413
vt 0.889140546 0.268268883
vt 0.884930611 0.258876383
vt 0.889140546 0.258876383
vt 0.884930611 0.249483839
vt 0.889140546 0.249483839
vt 0.884930611 0.240091324
vt 0.889140546 0.240091324
vt 0.893350482 0.249483839
vt 0.893350482 0.240091324
vt 0.889140546 0.240091324
vt 0.889140546 0.249483839
vt 0.893350482 0.258876354
vt 0.889140546 0.258876354
vt 0.893350482 0.268268883
vt 0.889140546 0.268268883
vt 0.893350482 0.277661413
vt 0.889140546 0.277661413
vt 0.905980229 0.240091324
vt 0.901770353 0.240091324
vt 0.901770353 0.256566525
vt 0.905980229 0.256566525
vt 0.884930611 0.277661443
vt 0.880720735 0.277661443
vt 0.880720735 0.282357693
vt 0.884930611 0.282357693
vt 0.864974499 0.282357693
vt 0.869184375 0.282357693
vt 0.869184375 0.277661443
vt 0.864974499 0.277661443
vt 0.901770353 0.277809292
vt 0.897560418 0.277809292
vt 0.897560418 0.282505542
vt 0.901770353 0.282505542
vt 0.884930611 0.282357693
vt 0.889140546 0.282357693
vt 0.889140546 0.277661413
vt 0.88493067 0.277661413
vt 0.897560418 0.261334062
vt 0.893350482 0.261334062
vt 0.893350482 0.277809292
vt 0.897560418 0.277809292
vt 0.87339431 0.277661443
vt 0.869184375 0.277661443
vt 0.869184375 0.282357693
vt 0.87339431 0.282357693
vt 0.901770353 0.277809292
vt 0.905980229 0.277809292
vt 0.905980229 0.261334062
vt 0.901770353 0.261334062
vt 0.901770353 0.282505542
vt 0.905980229 0.282505542
vt 0.905980229 0.277809292
vt 0.901770353 0.277809292
vt 0.901770353 0.261334062
vt 0.897560418 0.261334062
vt 0.897560418 0.277809292
vt 0.901770353 0.277809292
vt 0.914400101 0.256566525
vt 0.910190165 0.256566525
vt 0.910190165 0.273041725
vt 0.914400101 0.273041725
vt 0.880720735 0.277661443
vt 0.876510799 0.277661443
vt 0.876510799 0.282357693
vt 0.880720735 0.282357693
vt 0.905980229 0.256566525
vt 0.910190165 0.256566525
vt 0.910190165 0.240091324
vt 0.905980229 0.240091324
vt 0.905980229 0.289516926
vt 0.910190165 0.289516926
vt 0.910190165 0.273041725
vt 0.905980229 0.273041725
vt 0.893350482 0.282505542
vt 0.897560358 0.282505542
vt 0.897560358 0.277809292
vt 0.893350482 0.277809292
vt 0.905980229 0.273041725
vt 0.910190165 0.273041725
vt 0.910190165 0.256566525
vt 0.905980229 0.256566525
vt 0.709712267 0.103541046
vt 0.721033752 0.103541046
vt 0.721033752 0.0938548744
vt 0.709712267 0.0938548744
vt 0.687069297 0.104479551
vt 0.698390782 0.0841687322
vt 0.687069297 0.0841687322
vt 0.698390782 0.104479551
vt 0.687069297 0.133631021
vt 0.698390782 0.133631021
vt 0.687069297 0.154350013
vt 0.698390782 0.154350013
vt 0.721033752 0.0841687322
vt 0.709712267 0.0841687322
vt 0.709712267 0.0938548744
vt 0.721033752 0.0938548744
vt 0.709712207 0.13363108
vt 0.698390782 0.154350013
vt 0.709712267 0.154350013
vt 0.698390782 0.133631021
vt 0.709712207 0.104479551
vt 0.698390782 0.104479551
vt 0.709712267 0.0841687322
vt 0.698390782 0.0841687322
vt 0.671881318 0.134040326
vt 0.668960869 0.154350072
vt 0.684148848 0.154350013
vt 0.687069297 0.134040326
vt 0.671881318 0.104888827
vt 0.687069297 0.104888827
vt 0.668960869 0.0841687322
vt 0.684148848 0.0841687322
vt 0.653772891 0.133629948
vt 0.650852442 0.154350072
vt 0.666040421 0.154350013
vt 0.668960869 0.133629948
vt 0.653772891 0.104478449
vt 0.668960869 0.104478449
vt 0.650852442 0.0841687322
vt 0.666040421 0.0841687322
vt 0.884930611 0.268268913
vt 0.882691205 0.275313288
vt 0.884930611 0.277661413
vt 0.867213905 0.275313288
vt 0.864974499 0.277661443
vt 0.867213905 0.270617038
vt 0.864974499 0.268268913
vt 0.882691205 0.270617008
vt 0.867213905 0.265920758
vt 0.882691205 0.265920758
vt 0.867213905 0.261224508
vt 0.884930611 0.258876383
vt 0.864974499 0.258876383
vt 0.882691205 0.261224508
vt 0.867213905 0.256528229
vt 0.882691205 0.256528229
vt 0.867213905 0.251831979
vt 0.884930611 0.249483839
vt 0.864974499 0.249483839
vt 0.882691205 0.251831979
vt 0.867213905 0.247135714
vt 0.882691205 0.247135714
vt 0.867213905 0.242439449
vt 0.884930611 0.240091324
vt 0.864974499 0.240091324
vt 0.882691205 0.242439449
vn -1.000000 -0.000000 -0.000004
vn -1.000000 -0.000000 -0.000004
vn -1.000000 -0.000000 -0.000004
vn -1.000000 -0.000000 -0.000004
vn -1.000000 -0.000000 -0.000004
vn -1.000000 -0.000000 -0.000004
vn -1.000000 -0.000000 -0.000004
vn -1.000000 -0.000000 -0.000004
vn -1.000000 -0.000000 -0.000004
vn -1.000000 -0.000000 -0.000004
vn -1.000000 -0.000000 -0.000004
vn -1.000000 -0.000000 -0.000004
vn -1.000000 -0.000000 -0.000004
vn -1.000000 -0.000000 -0.000004
vn -1.000000 -0.000000 -0.000004
vn -1.000000 -0.000000 -0.000004
vn -1.000000 -0.000000 -0.000004
vn -1.000000 -0.000000 -0.000004
vn -1.000000 -0.000000 -0.000004
vn -1.000000 -0.000000 -0.000004
vn -1.000000 -0.000000 -0.000004
vn -1.000000 -0.000000 -0.000004
vn -1.000000 -0.000000 -0.000004
vn -1.000000 -0.000000 -0.000004
vn -1.000000 -0.000000 -0.000004
vn -1.000000 -0.000000 -0.000004
vn -1.000000 -0.000000 -0.000004
vn -0.000004 0.000000 1.000000
vn -0.000004 0.000000 1.000000
vn -0.000004 0.000000 1.000000
vn -0.000004 0.000000 1.000000
vn -0.000004 0.000000 1.000000
vn -0.000004 0.000000 1.000000
vn -0.000004 0.000000 1.000000
vn -0.000004 0.000000 1.000000
vn -0.000004 0.000000 1.000000
vn -0.000004 0.000000 1.000000
vn -0.000004 0.000000 1.000000
vn -0.000004 0.000000 1.000000
vn 1.000000 0.000000 0.000004
vn 1.000000 0.000000 0.000004
vn 1.000000 0.000000 0.000004
vn 1.000000 0.000000 0.000004
vn 1.000000 0.000000 0.000004
vn 1.000000 0.000000 0.000004
vn 1.000000 0.000000 0.000004
vn 1.000000 0.000000 0.000004
vn 1.000000 0.000000 0.000004
vn 1.000000 0.000000 0.000004
vn 1.000000 0.000000 0.000004
vn 1.000000 0.000000 0.000004
vn 1.000000 0.000000 0.000004
vn 1.000000 0.000000 0.000004
vn 1.000000 0.000000 0.000004
vn 1.000000 0.000000 0.000004
vn 1.000000 0.000000 0.000004
vn 1.000000 0.000000 0.000004
vn 1.000000 0.000000 0.000004
vn 1.000000 0.000000 0.000004
vn 1.000000 0.000000 0.000004
vn 1.000000 0.000000 0.000004
vn 1.000000 0.000000 0.000004
vn 1.000000 0.000000 0.000004
vn 1.000000 0.000000 0.000004
vn 1.000000 0.000000 0.000004
vn 1.000000 0.000000 0.000004
vn 0.000000 -1.000000 0.000000
vn 0.000000 -1.000000 0.000000
vn 0.000000 -1.000000 0.000000
vn 0.000000 -1.000000 0.000000
vn 0.000000 -1.000000 0.000000
vn 0.000000 -1.000000 0.000000
vn 0.000000 -1.000000 0.000000
vn 0.000000 -1.000000 0.000000
vn 0.000000 -1.000000 0.000000
vn 0.000000 -1.000000 0.000000
vn 0.000000 -1.000000 0.000000
vn 0.000000 -1.000000 0.000000
vn 0.000000 -1.000000 0.000000
vn 0.000000 -1.000000 0.000000
vn 0.000000 -1.000000 0.000000
vn 0.000000 -1.000000 0.000000
vn 0.000000 -1.000000 0.000000
vn 0.000000 -1.000000 0.000000
vn 0.000000 -1.000000 0.000000
vn 0.000000 -1.000000 0.000000
vn 0.000000 -1.000000 0.000000
vn 0.000000 -1.000000 0.000000
vn 0.000000 -1.000000 0.000000
vn 0.000000 -1.000000 0.000000
vn 0.000000 -1.000000 0.000000
vn 0.000000 -1.000000 0.000000
vn 0.000000 -1.000000 0.000000
vn 0.000000 -1.000000 0.000000
vn 1.000000 0.000000 0.000004
vn 1.000000 0.000000 0.000004
vn 1.000000 0.000000 0.000004
vn 1.000000 0.000000 0.000004
vn 1.000000 0.000000 0.000004
vn 1.000000 0.000000 0.000004
vn -0.003871 -0.039613 -0.999208
vn -0.007728 0.030928 -0.999492
vn -0.003862 0.029919 -0.999545
vn -0.001933 -0.040118 -0.999193
vn 0.003870 0.029919 -0.999545
vn 0.000004 -0.109958 -0.993936
vn 0.000004 -0.109958 -0.993936
vn 0.000004 -0.109958 -0.993936
vn 0.001942 -0.040118 -0.999193
vn 0.007736 0.030928 -0.999492
vn 0.000004 -0.109958 -0.993936
vn 0.003880 -0.039614 -0.999208
vn -1.000000 -0.000000 -0.000004
vn -1.000000 -0.000000 -0.000004
vn -1.000000 -0.000000 -0.000004
vn -1.000000 -0.000000 -0.000004
vn 0.000004 0.099503 -0.995037
vn 0.000004 0.099503 -0.995037
vn 0.000004 0.099503 -0.995037
vn 0.000004 0.099503 -0.995037
vn -0.000000 1.000000 -0.000000
vn -0.000000 1.000000 -0.000000
vn -0.000000 1.000000 -0.000000
vn -0.000000 1.000000 -0.000000
vn -0.000000 1.000000 -0.000000
vn -0.000000 1.000000 -0.000000
vn -0.000000 1.000000 -0.000000
vn -0.000000 1.000000 -0.000000
vn -0.000000 1.000000 -0.000000
vn -0.000000 1.000000 -0.000000
vn 0.000004 -0.000000 -1.000000
vn 0.000004 -0.000000 -1.000000
vn 0.000004 -0.000000 -1.000000
vn 0.000004 -0.000000 -1.000000
vn 1.000000 0.000000 0.000004
vn 1.000000 0.000000 0.000004
vn 1.000000 0.000000 0.000004
vn 1.000000 0.000000 0.000004
vn 1.000000 0.000000 0.000004
vn 1.000000 0.000000 0.000004
vn 0.229548 0.972275 -0.044595
vn 0.446838 0.893676 -0.040989
vn 0.446838 0.893676 -0.040989
vn 0.229548 0.972275 -0.044595
vn -0.229548 0.972275 -0.044597
vn -0.229548 0.972275 -0.044597
vn -0.446838 0.893675 -0.040993
vn -0.446838 0.893675 -0.040993
vn -0.000000 1.000000 -0.000000
vn -0.000000 1.000000 -0.000000
vn -0.000000 1.000000 -0.000000
vn -0.000000 1.000000 -0.000000
vn -0.000000 1.000000 -0.000000
vn -0.000000 1.000000 -0.000000
vn -0.000000 1.000000 -0.000000
vn -0.000000 1.000000 -0.000000
vn -0.000000 1.000000 -0.000000
vn -0.000000 1.000000 -0.000000
vn -0.000000 1.000000 -0.000000
vn -0.000000 1.000000 -0.000000
vn -0.000000 1.000000 -0.000000
vn -0.000000 1.000000 -0.000000
vn -0.000000 1.000000 -0.000000
vn -0.000000 1.000000 -0.000000
vn -0.000000 1.000000 -0.000000
vn -0.000000 1.000000 -0.000000
vn -0.000000 1.000000 -0.000000
vn -0.000000 1.000000 -0.000000
vn -1.000000 -0.000000 -0.000004
vn -1.000000 -0.000000 -0.000004
vn -1.000000 -0.000000 -0.000004
vn -1.000000 -0.000000 -0.000004
vn -1.000000 -0.000000 -0.000004
vn -1.000000 -0.000000 -0.000004
vn 1.000000 0.000000 0.000004
vn 1.000000 0.000000 0.000004
vn 1.000000 0.000000 0.000004
vn 1.000000 0.000000 0.000004
vn -0.000004 0.099504 0.995037
vn -0.000004 0.099504 0.995037
vn -0.000004 0.099504 0.995037
vn -0.000004 0.099504 0.995037
vn -0.000004 0.000000 1.000000
vn -0.000004 0.000000 1.000000
vn -0.000004 0.000000 1.000000
vn -0.000004 0.000000 1.000000
vn -0.000004 -0.481236 0.876591
vn -0.000004 -0.481236 0.876591
vn -0.000004 -0.481236 0.876591
vn -0.000004 -0.481236 0.876591
vn -0.065096 0.533176 -0.843496
vn 0.000004 0.544358 -0.838853
vn 0.000004 0.544358 -0.838853
vn -0.043386 0.537171 -0.842357
vn -0.129910 0.519656 -0.844441
vn -0.129910 0.519656 -0.844441
vn 0.000004 0.544358 -0.838853
vn 0.043393 0.537171 -0.842357
vn 0.000004 0.544358 -0.838853
vn 0.065103 0.533176 -0.843496
vn 0.129918 0.519656 -0.844440
vn 0.129918 0.519656 -0.844440
vn -1.000000 -0.000000 -0.000004
vn -1.000000 -0.000000 -0.000004
vn -1.000000 -0.000000 -0.000004
vn -1.000000 -0.000000 -0.000004
vn -1.000000 -0.000000 -0.000004
vn -1.000000 -0.000000 -0.000004
vn 1.000000 0.000000 0.000004
vn 1.000000 0.000000 0.000004
vn 1.000000 0.000000 0.000004
vn 1.000000 0.000000 0.000004
vn 0.000004 -0.000000 -1.000000
vn 0.000004 -0.000000 -1.000000
vn 0.000004 -0.000000 -1.000000
vn 0.000004 -0.000000 -1.000000
vn -0.000004 -0.481236 0.876591
vn -0.000004 -0.481236 0.876591
vn -0.000004 -0.481236 0.876591
vn -0.000004 -0.481236 0.876591
vn -0.000004 0.000000 1.000000
vn -0.000004 0.000000 1.000000
vn -0.000004 0.000000 1.000000
vn -0.000004 0.000000 1.000000
vn 1.000000 0.000000 0.000004
vn 1.000000 0.000000 0.000004
vn 1.000000 0.000000 0.000004
vn 1.000000 0.000000 0.000004
vn -1.000000 -0.000000 -0.000004
vn -1.000000 -0.000000 -0.000004
vn -1.000000 -0.000000 -0.000004
vn -1.000000 -0.000000 -0.000004
vn 0.000004 -0.000000 -1.000000
vn 0.000004 -0.000000 -1.000000
vn 0.000004 -0.000000 -1.000000
vn 0.000004 -0.000000 -1.000000
vn -0.000000 1.000000 -0.000000
vn -0.000000 1.000000 -0.000000
vn -0.000000 1.000000 -0.000000
vn -0.000000 1.000000 -0.000000
vn -0.000000 1.000000 -0.000000
vn -0.000000 1.000000 -0.000000
vn -0.000000 1.000000 -0.000000
vn -0.000000 1.000000 -0.000000
vn -0.000000 1.000000 -0.000000
vn -0.000000 1.000000 -0.000000
vn -0.000000 1.000000 -0.000000
vn -0.000000 1.000000 -0.000000
vn -0.000000 1.000000 -0.000000
vn -0.000000 1.000000 -0.000000
vn -0.000000 1.000000 -0.000000
vn -0.000000 1.000000 -0.000000
vn -0.000000 1.000000 -0.000000
vn -0.000000 1.000000 -0.000000
vn -0.000000 1.000000 -0.000000
vn -0.000000 1.000000 -0.000000
vn -0.000000 1.000000 -0.000000
vn -0.000000 1.000000 -0.000000
vn 0.000000 -1.000000 0.000000
vn 0.000000 -1.000000 0.000000
vn 0.000000 -1.000000 0.000000
vn 0.000000 -1.000000 0.000000
vn 0.000000 -1.000000 0.000000
vn 0.000000 -1.000000 0.000000
vn 0.000000 -1.000000 0.000000
vn 0.000000 -1.000000 0.000000
vn 0.000000 -1.000000 0.000000
vn 0.000000 -1.000000 0.000000
vn 0.000000 -1.000000 0.000000
vn 0.000000 -1.000000 0.000000
vn -0.000004 0.000000 1.000000
vn -0.000004 0.000000 1.000000
vn -0.000004 0.000000 1.000000
vn -0.000004 0.000000 1.000000
vn -0.000004 0.000000 1.000000
vn -0.000004 0.000000 1.000000
vn -0.000004 0.000000 1.000000
vn -0.000004 0.000000 1.000000
vn -0.000000 1.000000 -0.000000
vn -0.000000 1.000000 -0.000000
vn -0.000000 1.000000 -0.000000
vn -0.000000 1.000000 -0.000000
vn -0.000000 1.000000 -0.000000
vn -0.000000 1.000000 -0.000000
vn -0.000000 1.000000 -0.000000
vn -0.000000 1.000000 -0.000000
vn -0.000004 0.000000 1.000000
vn -0.000004 0.000000 1.000000
vn -0.000004 0.000000 1.000000
vn -0.000004 0.000000 1.000000
vn -0.000004 0.000000 1.000000
vn -0.000004 0.000000 1.000000
vn -0.000004 0.000000 1.000000
vn -0.000004 0.000000 1.000000
vn 0.000000 -1.000000 0.000000
vn 0.000000 -1.000000 0.000000
vn 0.000000 -1.000000 0.000000
vn 0.000000 -1.000000 0.000000
vn 0.000000 -1.000000 0.000000
vn 0.000000 -1.000000 0.000000
vn -0.000000 1.000000 -0.000000
vn -0.000000 1.000000 -0.000000
vn -0.000000 1.000000 -0.000000
vn -0.000000 1.000000 -0.000000
vn -0.000000 1.000000 -0.000000
vn -0.000000 1.000000 -0.000000
vn -0.000000 1.000000 -0.000000
vn -0.000000 1.000000 -0.000000
vn -1.000000 -0.000000 -0.000004
vn -1.000000 -0.000000 -0.000004
vn -1.000000 -0.000000 -0.000004
vn -1.000000 -0.000000 -0.000004
vn 1.000000 0.000000 0.000004
vn 1.000000 0.000000 0.000004
vn 1.000000 0.000000 0.000004
vn 1.000000 0.000000 0.000004
vn -1.000000 -0.000000 -0.000004
vn -1.000000 -0.000000 -0.000004
vn -1.000000 -0.000000 -0.000004
vn -1.000000 -0.000000 -0.000004
vn -0.000004 0.000000 1.000000
vn -0.000004 0.000000 1.000000
vn -0.000004 0.000000 1.000000
vn -0.000004 0.000000 1.000000
vn 0.000000 -0.996529 -0.083252
vn 0.000000 -0.996529 -0.083252
vn 0.000000 -0.996529 -0.083252
vn 0.000000 -0.996529 -0.083252
vn -0.000000 0.996529 0.083252
vn -0.000000 0.996529 0.083252
vn -0.000000 0.996529 0.083252
vn -0.000000 0.996529 0.083252
vn 1.000000 0.000000 0.000004
vn 1.000000 0.000000 0.000004
vn 1.000000 0.000000 0.000004
vn 1.000000 0.000000 0.000004
vn -0.045705 -0.000000 -0.998955
vn -0.091319 -0.000000 -0.995822
vn -0.091319 -0.000000 -0.995822
vn -0.045705 -0.000000 -0.998955
vn 0.044814 -0.000000 -0.998995
vn 0.044814 -0.000000 -0.998995
vn 0.089533 -0.000000 -0.995984
vn 0.089533 -0.000000 -0.995984
vn -1.000000 -0.000000 -0.000004
vn -1.000000 -0.000000 -0.000004
vn -1.000000 -0.000000 -0.000004
vn -1.000000 -0.000000 -0.000004
vn -0.044814 0.000000 0.998995
vn -0.089533 0.000000 0.995984
vn -0.089533 0.000000 0.995984
vn -0.044814 0.000000 0.998995
vn 0.045705 0.000000 0.998955
vn 0.045705 0.000000 0.998955
vn 0.091319 0.000000 0.995822
vn 0.091319 0.000000 0.995822
vn 0.000000 -1.000000 0.000000
vn 0.000000 -1.000000 0.000000
vn 0.000000 -1.000000 0.000000
vn 0.000000 -1.000000 0.000000
vn 0.000000 -1.000000 0.000000
vn 0.000000 -1.000000 0.000000
vn 0.000000 -1.000000 0.000000
vn 0.000000 -1.000000 0.000000
vn -0.000000 1.000000 -0.000000
vn -0.000000 1.000000 -0.000000
vn -0.000000 1.000000 -0.000000
vn -0.000000 1.000000 -0.000000
vn -0.000000 1.000000 -0.000000
vn -0.000000 1.000000 -0.000000
vn -0.000000 1.000000 -0.000000
vn -0.000000 1.000000 -0.000000
vn 1.000000 0.000000 0.000004
vn 1.000000 0.000000 0.000004
vn 1.000000 0.000000 0.000004
vn 1.000000 0.000000 0.000004
vn -1.000000 -0.000000 -0.000004
vn -1.000000 -0.000000 -0.000004
vn -1.000000 -0.000000 -0.000004
vn -1.000000 -0.000000 -0.000004
vn 0.000000 -1.000000 0.000000
vn 0.000000 -1.000000 0.000000
vn 0.000000 -1.000000 0.000000
vn 0.000000 -1.000000 0.000000
vn 0.000000 -1.000000 0.000000
vn 0.000000 -1.000000 0.000000
vn 0.000000 -1.000000 0.000000
vn 0.000000 -1.000000 0.000000
vn 0.000000 -1.000000 0.000000
vn 0.000000 -1.000000 0.000000
vn -0.000000 1.000000 -0.000000
vn -0.000000 1.000000 -0.000000
vn -0.000000 1.000000 -0.000000
vn -0.000000 1.000000 -0.000000
vn -0.000000 1.000000 -0.000000
vn -0.000000 1.000000 -0.000000
vn -0.000000 1.000000 -0.000000
vn -0.000000 1.000000 -0.000000
vn -0.000000 1.000000 -0.000000
vn -0.000000 1.000000 -0.000000
vn -1.000000 -0.000000 -0.000004
vn -1.000000 -0.000000 -0.000004
vn -1.000000 -0.000000 -0.000004
vn -1.000000 -0.000000 -0.000004
vn -0.000000 1.000000 -0.000000
vn -0.000000 1.000000 -0.000000
vn -0.000000 1.000000 -0.000000
vn -0.000000 1.000000 -0.000000
vn 0.000000 -1.000000 0.000000
vn 0.000000 -1.000000 0.000000
vn 0.000000 -1.000000 0.000000
vn 0.000000 -1.000000 0.000000
vn -0.000000 1.000000 -0.000000
vn -0.000000 1.000000 -0.000000
vn -0.000000 1.000000 -0.000000
vn -0.000000 1.000000 -0.000000
vn 0.000000 -1.000000 0.000000
vn 0.000000 -1.000000 0.000000
vn 0.000000 -1.000000 0.000000
vn 0.000000 -1.000000 0.000000
vn 1.000000 0.000000 0.000004
vn 1.000000 0.000000 0.000004
vn 1.000000 0.000000 0.000004
vn 1.000000 0.000000 0.000004
vn -0.000000 1.000000 -0.000000
vn -0.000000 1.000000 -0.000000
vn -0.000000 1.000000 -0.000000
vn -0.000000 1.000000 -0.000000
vn -1.000000 -0.000000 -0.000004
vn -1.000000 -0.000000 -0.000004
vn -1.000000 -0.000000 -0.000004
vn -1.000000 -0.000000 -0.000004
vn 0.000000 -1.000000 0.000000
vn 0.000000 -1.000000 0.000000
vn 0.000000 -1.000000 0.000000
vn 0.000000 -1.000000 0.000000
vn 1.000000 0.000000 0.000004
vn 1.000000 0.000000 0.000004
vn 1.000000 0.000000 0.000004
vn 1.000000 0.000000 0.000004
vn -1.000000 -0.000000 -0.000004
vn -1.000000 -0.000000 -0.000004
vn -1.000000 -0.000000 -0.000004
vn -1.000000 -0.000000 -0.000004
vn -0.000000 1.000000 -0.000000
vn -0.000000 1.000000 -0.000000
vn -0.000000 1.000000 -0.000000
vn -0.000000 1.000000 -0.000000
vn 1.000000 0.000000 0.000004
vn 1.000000 0.000000 0.000004
vn 1.000000 0.000000 0.000004
vn 1.000000 0.000000 0.000004
vn -1.000000 -0.000000 -0.000004
vn -1.000000 -0.000000 -0.000004
vn -1.000000 -0.000000 -0.000004
vn -1.000000 -0.000000 -0.000004
vn 0.000000 -1.000000 0.000000
vn 0.000000 -1.000000 0.000000
vn 0.000000 -1.000000 0.000000
vn 0.000000 -1.000000 0.000000
vn 1.000000 0.000000 0.000004
vn 1.000000 0.000000 0.000004
vn 1.000000 0.000000 0.000004
vn 1.000000 0.000000 0.000004
vn -1.000000 -0.000000 -0.000004
vn -1.000000 -0.000000 -0.000004
vn -1.000000 -0.000000 -0.000004
vn -1.000000 -0.000000 -0.000004
vn 0.045704 0.000000 0.998955
vn 0.091317 0.000000 0.995822
vn 0.091317 0.000000 0.995822
vn 0.045704 0.000000 0.998955
vn -0.044815 0.000000 0.998995
vn -0.044815 0.000000 0.998995
vn -0.089535 0.000000 0.995984
vn -0.089535 0.000000 0.995984
vn 1.000000 0.000000 0.000004
vn 1.000000 0.000000 0.000004
vn 1.000000 0.000000 0.000004
vn 1.000000 0.000000 0.000004
vn 0.044815 -0.000000 -0.998995
vn 0.089535 -0.000000 -0.995984
vn 0.089535 -0.000000 -0.995984
vn 0.044815 -0.000000 -0.998995
vn -0.045704 -0.000000 -0.998955
vn -0.045704 -0.000000 -0.998955
vn -0.091317 -0.000000 -0.995822
vn -0.091317 -0.000000 -0.995822
vn 0.000000 -1.000000 0.000000
vn 0.000000 -1.000000 0.000000
vn 0.000000 -1.000000 0.000000
vn 0.000000 -1.000000 0.000000
vn 0.000000 -1.000000 0.000000
vn 0.000000 -1.000000 0.000000
vn 0.000000 -1.000000 0.000000
vn 0.000000 -1.000000 0.000000
vn -0.000000 1.000000 -0.000000
vn -0.000000 1.000000 -0.000000
vn -0.000000 1.000000 -0.000000
vn -0.000000 1.000000 -0.000000
vn -0.000000 1.000000 -0.000000
vn -0.000000 1.000000 -0.000000
vn -0.000000 1.000000 -0.000000
vn -0.000000 1.000000 -0.000000
vn 0.000004 -0.000000 -1.000000
vn 0.000004 -0.000000 -1.000000
vn 0.000004 -0.000000 -1.000000
vn 0.000004 -0.000000 -1.000000
vn 0.000004 -0.000000 -1.000000
vn 0.000004 -0.000000 -1.000000
vn 0.000004 -0.000000 -1.000000
vn 0.000004 -0.000000 -1.000000
vn 0.000004 -0.000000 -1.000000
vn 0.000004 -0.000000 -1.000000
vn 0.000004 -0.000000 -1.000000
vn 0.000004 -0.000000 -1.000000
vn 0.000004 -0.000000 -1.000000
vn 0.000004 -0.000000 -1.000000
vn 0.000004 -0.000000 -1.000000
vn 0.000004 -0.000000 -1.000000
vn 0.000004 -0.000000 -1.000000
vn 0.000004 -0.000000 -1.000000
vn 0.000004 -0.000000 -1.000000
vn 0.000004 -0.000000 -1.000000
vn 0.000004 -0.000000 -1.000000
vn 0.000004 -0.000000 -1.000000
vn 0.000004 -0.000000 -1.000000
vn 0.000004 -0.000000 -1.000000
vn 0.000004 -0.000000 -1.000000
vn 0.000004 -0.000000 -1.000000
f 1/1/1 2/2/2 3/3/3
f 1/1/1 3/3/3 4/4/4
f 5/5/5 1/1/1 4/4/4
f 3/3/3 6/6/6 4/4/4
f 3/3/3 7/7/7 6/6/6
f 4/4/4 6/6/6 8/8/8
f 5/5/5 4/4/4 9/9/9
f 4/4/4 8/8/8 9/9/9
f 10/10/10 5/5/5 9/9/9
f 9/9/9 8/8/8 11/11/11
f 10/10/10 9/9/9 12/12/12
f 9/9/9 11/11/11 12/12/12
f 13/13/13 10/10/10 12/12/12
f 12/12/12 11/11/11 14/14/14
f 13/13/13 12/12/12 15/15/15
f 12/12/12 14/14/14 15/15/15
f 16/16/16 13/13/13 15/15/15
f 16/16/16 15/15/15 17/17/17
f 18/18/18 16/16/16 17/17/17
f 18/18/18 17/17/17 19/19/19
f 17/17/17 20/20/20 19/19/19
f 17/17/17 21/21/21 20/20/20
f 15/15/15 21/21/21 17/17/17
f 15/15/15 14/14/14 21/21/21
f 14/14/14 22/22/22 21/21/21
f 14/14/14 23/23/23 22/22/22
f 23/23/23 24/24/24 22/22/22
f 23/23/23 25/25/25 24/24/24
f 26/26/26 25/25/25 23/23/23
f 26/26/26 23/23/23 27/27/27
f 28/28/28 29/29/29 30/30/30
f 28/28/28 30/30/30 31/31/31
f 32/32/32 28/28/28 31/31/31
f 30/30/30 33/33/33 31/31/31
f 30/30/30 34/34/34 33/33/33
f 31/31/31 33/33/33 35/35/35
f 32/32/32 31/31/31 36/36/36
f 31/31/31 35/35/35 36/36/36
f 37/37/37 32/32/32 36/36/36
f 36/36/36 35/35/35 38/38/38
f 37/37/37 36/36/36 39/39/39
f 36/36/36 38/38/38 39/39/39
f 40/40/40 41/41/41 42/42/42
f 40/40/40 42/42/42 43/43/43
f 44/44/44 40/40/40 43/43/43
f 42/42/42 45/45/45 43/43/43
f 42/42/42 46/46/46 45/45/45
f 44/44/44 43/43/43 47/47/47
f 48/48/48 44/44/44 47/47/47
f 43/43/43 45/45/45 49/49/49
f 43/43/43 49/49/49 47/47/47
f 45/45/45 50/50/50 49/49/49
f 47/47/47 49/49/49 51/51/51
f 45/45/45 52/52/52 50/50/50
f 48/48/48 47/47/47 53/53/53
f 47/47/47 51/51/51 53/53/53
f 54/54/54 48/48/48 53/53/53
f 53/53/53 51/51/51 55/55/55
f 52/52/52 56/56/56 50/50/50
f 52/52/52 57/57/57 56/56/56
f 58/58/58 50/50/50 56/56/56
f 58/58/58 56/56/56 59/59/59
f 54/54/54 53/53/53 60/60/60
f 53/53/53 55/55/55 60/60/60
f 61/61/61 54/54/54 60/60/60
f 60/60/60 55/55/55 62/62/62
f 61/61/61 60/60/60 63/63/63
f 60/60/60 62/62/62 63/63/63
f 64/64/64 61/61/61 63/63/63
f 63/63/63 62/62/62 65/65/65
f 64/64/64 63/63/63 66/66/66
f 63/63/63 65/65/65 66/66/66
f 67/67/67 68/68/68 69/69/69
f 67/67/67 69/69/69 70/70/70
f 71/71/71 67/67/67 70/70/70
f 70/70/70 69/69/69 72/72/72
f 71/71/71 70/70/70 73/73/73
f 74/74/74 71/71/71 73/73/73
f 74/74/74 73/73/73 75/75/75
f 70/70/70 72/72/72 76/76/76
f 73/73/73 70/70/70 76/76/76
f 76/76/76 72/72/72 77/77/77
f 75/75/75 73/73/73 78/78/78
f 73/73/73 76/76/76 78/78/78
f 75/75/75 78/78/78 79/79/79
f 76/76/76 77/77/77 80/80/80
f 78/78/78 76/76/76 80/80/80
f 80/80/80 77/77/77 81/81/81
f 79/79/79 78/78/78 82/82/82
f 78/78/78 80/80/80 82/82/82
f 79/79/79 82/82/82 83/83/83
f 80/80/80 81/81/81 84/84/84
f 82/82/82 80/80/80 84/84/84
f 84/84/84 81/81/81 85/85/85
f 83/83/83 82/82/82 86/86/86
f 82/82/82 84/84/84 86/86/86
f 83/83/83 86/86/86 87/87/87
f 84/84/84 85/85/85 88/88/88
f 86/86/86 84/84/84 88/88/88
f 88/88/88 85/85/85 89/89/89
f 88/88/88 89/89/89 90/90/90
f 87/87/87 86/86/86 91/91/91
f 86/86/86 88/88/88 91/91/91
f 91/91/91 88/88/88 90/90/90
f 87/87/87 91/91/91 92/92/92
f 91/91/91 90/90/90 93/93/93
f 92/92/92 91/91/91 93/93/93
f 92/92/92 93/93/93 94/94/94
f 95/95/95 96/96/96 97/97/97
f 95/95/95 98/98/98 96/96/96
f 99/99/99 98/98/98 95/95/95
f 99/99/99 100/100/100 98/98/98
f 101/101/101 102/102/102 103/103/103
f 101/101/101 103/103/103 104/104/104
f 104/104/104 103/103/103 105/105/105
f 101/101/101 104/104/104 106/106/106
f 101/101/101 106/106/106 107/107/107
f 104/104/104 108/108/108 106/106/106
f 104/104/104 105/105/105 109/109/109
f 104/104/104 109/109/109 108/108/108
f 109/109/109 105/105/105 110/110/110
f 109/109/109 111/111/111 108/108/108
f 109/109/109 110/110/110 112/112/112
f 109/109/109 112/112/112 111/111/111
f 113/113/113 114/114/114 115/115/115
f 113/113/113 115/115/115 116/116/116
f 117/117/117 118/118/118 119/119/119
f 117/117/117 119/119/119 120/120/120
f 121/121/121 122/122/122 123/123/123
f 121/121/121 123/123/123 124/124/124
f 125/125/125 126/126/126 127/127/127
f 125/125/125 127/127/127 128/128/128
f 129/129/129 125/125/125 128/128/128
f 129/129/129 128/128/128 130/130/130
f 131/131/131 132/132/132 133/133/133
f 131/131/131 133/133/133 134/134/134
f 135/135/135 136/136/136 137/137/137
f 135/135/135 138/138/138 136/136/136
f 138/138/138 139/139/139 136/136/136
f 138/138/138 140/140/140 139/139/139
f 141/141/141 142/142/142 143/143/143
f 141/141/141 144/144/144 142/142/142
f 145/145/145 144/144/144 141/141/141
f 145/145/145 146/146/146 144/144/144
f 147/147/147 146/146/146 145/145/145
f 147/147/147 148/148/148 146/146/146
f 149/149/149 150/150/150 151/151/151
f 149/149/149 151/151/151 152/152/152
f 153/153/153 154/154/154 155/155/155
f 153/153/153 155/155/155 156/156/156
f 157/157/157 158/158/158 159/159/159
f 157/157/157 159/159/159 160/160/160
f 161/161/161 162/162/162 163/163/163
f 161/161/161 163/163/163 164/164/164
f 165/165/165 166/166/166 167/167/167
f 165/165/165 167/167/167 168/168/168
f 169/169/169 170/170/170 171/171/171
f 169/169/169 172/172/172 170/170/170
f 173/173/173 172/172/172 169/169/169
f 173/173/173 174/174/174 172/172/172
f 175/175/175 176/176/176 177/177/177
f 175/175/175 177/177/177 178/178/178
f 179/179/179 180/180/180 181/181/181
f 179/179/179 181/181/181 182/182/182
f 183/183/183 184/184/184 185/185/185
f 183/183/183 185/185/185 186/186/186
f 187/187/187 188/188/188 189/189/189
f 187/187/187 189/189/189 190/190/190
f 191/191/191 192/192/192 193/193/193
f 191/191/191 193/193/193 194/194/194
f 195/195/195 191/191/191 194/194/194
f 195/195/195 194/194/194 196/196/196
f 197/197/197 194/194/194 193/193/193
f 197/197/197 198/198/198 194/194/194
f 198/198/198 197/197/197 199/199/199
f 198/198/198 199/199/199 200/200/200
f 201/201/201 198/198/198 200/200/200
f 201/201/201 200/200/200 202/202/202
f 203/203/203 204/204/204 205/205/205
f 203/203/203 205/205/205 206/206/206
f 207/207/207 203/203/203 206/206/206
f 207/207/207 206/206/206 208/208/208
f 209/209/209 210/210/210 211/211/211
f 209/209/209 211/211/211 212/212/212
f 213/213/213 214/214/214 215/215/215
f 213/213/213 215/215/215 216/216/216
f 217/217/217 218/218/218 219/219/219
f 217/217/217 219/219/219 220/220/220
f 221/221/221 222/222/222 223/223/223
f 221/221/221 223/223/223 224/224/224
f 225/225/225 226/226/226 227/227/227
f 225/225/225 227/227/227 228/228/228
f 229/229/229 230/230/230 231/231/231
f 229/229/229 231/231/231 232/232/232
f 233/233/233 234/234/234 235/235/235
f 233/233/233 235/235/235 236/236/236
f 237/237/237 238/238/238 239/239/239
f 237/237/237 240/240/240 238/238/238
f 237/237/237 241/241/241 240/240/240
f 237/237/237 242/242/242 241/241/241
f 243/243/243 244/244/244 245/245/245
f 243/243/243 245/245/245 246/246/246
f 247/247/247 248/248/248 249/249/249
f 247/247/247 250/250/250 248/248/248
f 251/251/251 248/248/248 250/250/250
f 251/251/251 252/252/252 248/248/248
f 247/247/247 253/253/253 250/250/250
f 247/247/247 254/254/254 253/253/253
f 255/255/255 253/253/253 254/254/254
f 255/255/255 256/256/256 253/253/253
f 257/257/257 253/253/253 256/256/256
f 257/257/257 258/258/258 253/253/253
f 259/259/259 260/260/260 261/261/261
f 259/259/259 261/261/261 262/262/262
f 263/263/263 264/264/264 265/265/265
f 263/263/263 265/265/265 266/266/266
f 267/267/267 268/268/268 269/269/269
f 267/267/267 269/269/269 270/270/270
f 271/271/271 272/272/272 273/273/273
f 271/271/271 273/273/273 274/274/274
f 275/275/275 276/276/276 277/277/277
f 275/275/275 277/277/277 278/278/278
f 279/279/279 280/280/280 281/281/281
f 279/279/279 281/281/281 282/282/282
f 283/283/283 284/284/284 285/285/285
f 283/283/283 285/285/285 286/286/286
f 287/287/287 288/288/288 289/289/289
f 287/287/287 289/289/289 290/290/290
f 291/291/291 292/292/292 293/293/293
f 291/291/291 293/293/293 294/294/294
f 295/295/295 296/296/296 297/297/297
f 295/295/295 297/297/297 298/298/298
f 295/295/295 298/298/298 299/299/299
f 295/295/295 299/299/299 300/300/300
f 301/301/301 302/302/302 303/303/303
f 301/301/301 303/303/303 304/304/304
f 305/305/305 306/306/306 307/307/307
f 305/305/305 307/307/307 308/308/308
f 309/309/309 310/310/310 311/311/311
f 309/309/309 311/311/311 312/312/312
f 313/313/313 314/314/314 315/315/315
f 313/313/313 315/315/315 316/316/316
f 317/317/317 318/318/318 319/319/319
f 317/317/317 319/319/319 320/320/320
f 321/321/321 322/322/322 323/323/323
f 321/321/321 323/323/323 324/324/324
f 325/325/325 326/326/326 327/327/327
f 325/325/325 327/327/327 328/328/328
f 329/329/329 330/330/330 331/331/331
f 329/329/329 331/331/331 332/332/332
f 333/333/333 334/334/334 335/335/335
f 333/333/333 335/335/335 336/336/336
f 337/337/337 338/338/338 339/339/339
f 337/337/337 340/340/340 338/338/338
f 341/341/341 340/340/340 337/337/337
f 341/341/341 342/342/342 340/340/340
f 343/343/343 342/342/342 341/341/341
f 343/343/343 344/344/344 342/342/342
f 345/345/345 346/346/346 347/347/347
f 345/345/345 347/347/347 348/348/348
f 349/349/349 350/350/350 351/351/351
f 349/349/349 352/352/352 350/350/350
f 353/353/353 352/352/352 349/349/349
f 353/353/353 354/354/354 352/352/352
f 355/355/355 354/354/354 353/353/353
f 355/355/355 356/356/356 354/354/354
f 357/357/357 358/358/358 359/359/359
f 357/357/357 359/359/359 360/360/360
f 361/361/361 357/357/357 360/360/360
f 361/361/361 360/360/360 362/362/362
f 363/363/363 361/361/361 362/362/362
f 363/363/363 362/362/362 364/364/364
f 365/365/365 366/366/366 367/367/367
f 365/365/365 367/367/367 368/368/368
f 369/369/369 365/365/365 368/368/368
f 369/369/369 368/368/368 370/370/370
f 371/371/371 369/369/369 370/370/370
f 371/371/371 370/370/370 372/372/372
f 373/373/373 374/374/374 375/375/375
f 373/373/373 375/375/375 376/376/376
f 377/377/377 378/378/378 379/379/379
f 377/377/377 379/379/379 380/380/380
f 381/381/381 382/382/382 383/383/383
f 381/381/381 383/383/383 384/384/384
f 385/385/385 381/381/381 384/384/384
f 385/385/385 384/384/384 386/386/386
f 387/387/387 385/385/385 386/386/386
f 387/387/387 386/386/386 388/388/388
f 389/389/389 387/387/387 388/388/388
f 389/389/389 388/388/388 390/390/390
f 391/391/391 392/392/392 393/393/393
f 391/391/391 393/393/393 394/394/394
f 395/395/395 391/391/391 394/394/394
f 395/395/395 394/394/394 396/396/396
f 397/397/397 395/395/395 396/396/396
f 397/397/397 396/396/396 398/398/398
f 399/399/399 397/397/397 398/398/398
f 399/399/399 398/398/398 400/400/400
f 401/401/401 402/402/402 403/403/403
f 401/401/401 403/403/403 404/404/404
f 405/405/405 406/406/406 407/407/407
f 405/405/405 407/407/407 408/408/408
f 409/409/409 410/410/410 411/411/411
f 409/409/409 411/411/411 412/412/412
f 413/413/413 414/414/414 415/415/415
f 413/413/413 415/415/415 416/416/416
f 417/417/417 418/418/418 419/419/419
f 417/417/417 419/419/419 420/420/420
f 421/421/421 422/422/422 423/423/423
f 421/421/421 423/423/423 424/424/424
f 425/425/425 426/426/426 427/427/427
f 425/425/425 427/427/427 428/428/428
f 429/429/429 430/430/430 431/431/431
f 429/429/429 431/431/431 432/432/432
f 433/433/433 434/434/434 435/435/435
f 433/433/433 435/435/435 436/436/436
f 437/437/437 438/438/438 439/439/439
f 437/437/437 439/439/439 440/440/440
f 441/441/441 442/442/442 443/443/443
f 441/441/441 443/443/443 444/444/444
f 445/445/445 446/446/446 447/447/447
f 445/445/445 447/447/447 448/448/448
f 449/449/449 450/450/450 451/451/451
f 449/449/449 451/451/451 452/452/452
f 453/453/453 454/454/454 455/455/455
f 453/453/453 455/455/455 456/456/456
f 457/457/457 458/458/458 459/459/459
f 457/457/457 459/459/459 460/460/460
f 461/461/461 462/462/462 463/463/463
f 461/461/461 463/463/463 464/464/464
f 465/465/465 466/466/466 467/467/467
f 465/465/465 467/467/467 468/468/468
f 469/469/469 470/470/470 471/471/471
f 469/469/469 472/472/472 470/470/470
f 473/473/473 472/472/472 469/469/469
f 473/473/473 474/474/474 472/472/472
f 475/475/475 474/474/474 473/473/473
f 475/475/475 476/476/476 474/474/474
f 477/477/477 478/478/478 479/479/479
f 477/477/477 479/479/479 480/480/480
f 481/481/481 482/482/482 483/483/483
f 481/481/481 484/484/484 482/482/482
f 485/485/485 484/484/484 481/481/481
f 485/485/485 486/486/486 484/484/484
f 487/487/487 486/486/486 485/485/485
f 487/487/487 488/488/488 486/486/486
f 489/489/489 490/490/490 491/491/491
f 489/489/489 491/491/491 492/492/492
f 493/493/493 489/489/489 492/492/492
f 493/493/493 492/492/492 494/494/494
f 495/495/495 493/493/493 494/494/494
f 495/495/495 494/494/494 496/496/496
f 497/497/497 498/498/498 499/499/499
f 497/497/497 499/499/499 500/500/500
f 501/501/501 497/497/497 500/500/500
f 501/501/501 500/500/500 502/502/502
f 503/503/503 501/501/501 502/502/502
f 503/503/503 502/502/502 504/504/504
f 505/505/505 506/506/506 507/507/507
f 507/507/507 506/506/506 508/508/508
f 507/507/507 508/508/508 509/509/509
f 509/509/509 508/508/508 510/510/510
f 509/509/509 510/510/510 511/511/511
f 505/505/505 512/512/512 506/506/506
f 511/511/511 510/510/510 512/512/512
f 511/511/511 512/512/512 505/505/505
f 505/505/505 513/513/513 511/511/511
f 505/505/505 514/514/514 513/513/513
f 511/511/511 513/513/513 515/515/515
f 516/516/516 514/514/514 505/505/505
f 511/511/511 515/515/515 517/517/517
f 516/516/516 518/518/518 514/514/514
f 517/517/517 515/515/515 518/518/518
f 517/517/517 518/518/518 516/516/516
f 516/516/516 519/519/519 517/517/517
f 516/516/516 520/520/520 519/519/519
f 517/517/517 519/519/519 521/521/521
f 522/522/522 520/520/520 516/516/516
f 517/517/517 521/521/521 523/523/523
f 522/522/522 524/524/524 520/520/520
f 523/523/523 521/521/521 524/524/524
f 523/523/523 524/524/524 522/522/522
f 522/522/522 525/525/525 523/523/523
f 522/522/522 526/526/526 525/525/525
f 523/523/523 525/525/525 527/527/527
f 528/528/528 526/526/526 522/522/522
f 523/523/523 527/527/527 529/529/529
f 528/528/528 530/530/530 526/526/526
f 529/529/529 527/527/527 530/530/530
f 529/529/529 530/530/530 528/528/528
