g Model_0
v 0.089561 0.289730 -3.195079
v 0.268654 0.289730 -3.195079
v 0.447748 0.289730 -3.195078
v -0.268626 0.289730 -3.195081
v -0.089533 0.289730 -3.195080
v -1.230970 1.125001 2.870542
v -1.230956 1.125000 -0.377156
v -1.230944 -0.125001 -3.148209
v -1.230972 -0.124999 3.120541
v -1.230971 1.125001 3.120542
v -1.230944 -0.125001 -3.148209
v -1.230949 0.999999 -2.168011
v -1.230945 0.956308 -3.120550
v -1.230950 1.124999 -1.829750
v -1.230951 2.124999 -1.797713
v -1.230951 1.874999 -1.635581
v -1.230952 2.124999 -1.547713
v -1.230955 1.125000 -0.627156
v -1.230956 2.125000 -0.377158
v -1.230955 2.125000 -0.627156
v -1.230956 1.125000 -0.377156
v -1.230955 1.125000 -0.627156
v -1.230944 -0.125001 -3.148209
v -1.230950 1.124999 -1.829750
v -1.230955 2.125000 -0.627156
v -1.230955 1.875000 -0.627156
v -1.230955 1.125000 -0.627156
v -1.230956 2.125000 -0.377158
v -1.230956 1.125000 -0.377156
v -0.980956 1.125000 -0.377154
v 1.230960 1.125000 -0.377147
v 1.230960 2.125000 -0.377147
v -0.980956 1.125000 -0.377154
v 1.230960 1.125000 -0.377147
v -1.230956 2.125000 -0.377158
v 1.230971 -0.125001 -3.148199
v 1.230960 1.125000 -0.377147
v 1.230945 1.125001 3.120550
v 1.230945 -0.124999 3.120551
v 1.230971 -0.125001 -3.148199
v 1.230971 0.956309 -3.120541
v 1.230967 1.000000 -2.168001
v 1.230961 1.125000 -0.627147
v 1.230960 1.125000 -0.377147
v 1.230961 2.125000 -0.627147
v 1.230960 2.125000 -0.377147
v 1.230960 1.125000 -0.377147
v 1.230971 -0.125001 -3.148199
v 1.230966 1.125000 -1.829741
v 1.230971 -0.125001 -3.148199
v 1.230966 1.875000 -1.885572
v 1.230966 2.125000 -1.797704
v 1.230965 1.875000 -1.635572
v 1.230964 2.125000 -1.547704
v 1.230961 1.875000 -0.627147
v 1.230961 2.125000 -0.627147
v 1.230961 1.125000 -0.627147
v 1.230961 1.875000 -0.627147
v 1.230961 2.125000 -0.627147
v 1.105958 2.125000 -0.002147
v 0.855958 2.375000 -0.002149
v -0.854458 2.375000 -0.002156
v -0.854458 2.375000 -0.002156
v -1.104458 2.125000 -0.002157
v 1.105958 1.125000 -0.002147
v -1.104456 1.125000 -0.002157
v -1.104458 2.125000 -0.002157
v -0.854458 2.375000 -0.002156
v 0.855958 2.375000 -0.002149
v 0.855958 2.375000 -0.002149
v 1.105958 2.125000 -0.002147
v -1.104456 1.125000 -0.002157
v 1.105958 1.125000 -0.002147
v -0.980970 1.125001 2.870543
v -1.230970 1.125001 2.870542
v -1.230971 1.125001 3.120542
v 0.980965 1.875000 -1.635573
v 1.230965 1.875000 -1.635572
v 0.980961 1.875000 -0.627148
v 1.230961 1.875000 -0.627147
v 0.980961 1.875000 -0.627148
v -0.980955 1.875000 -0.627155
v 0.980965 1.875000 -1.635573
v 0.980966 1.875000 -1.885573
v -0.980950 1.874999 -1.885580
v -1.230955 1.875000 -0.627156
v -1.230951 1.874999 -1.635581
v -0.980951 1.874999 -1.635580
v -0.980951 1.874999 -1.635580
v -0.980955 1.875000 -0.627155
v -1.230955 1.875000 -0.627156
v -0.980951 1.874999 -1.635580
v -0.980950 1.874999 -1.885580
v -0.980955 1.875000 -0.627155
v -1.230955 2.125000 -0.627156
v -1.230956 2.125000 -0.377158
v 1.230966 2.125000 -1.797704
v 1.230964 2.125000 -1.547704
v 1.230966 2.125000 -1.797704
v -1.230956 2.125000 -0.377158
v 1.230960 2.125000 -0.377147
v 1.230960 2.125000 -0.377147
v 1.230961 2.125000 -0.627147
v 1.230964 2.125000 -1.547704
v -0.694986 -0.076025 3.343243
v -0.694986 -0.273431 3.343243
v -0.694977 -0.106347 1.343243
v -0.694977 0.091060 1.343243
v -0.892384 0.091060 1.343242
v -0.892383 -0.106347 1.343242
v -0.892392 -0.273431 3.343242
v -0.892392 -0.076025 3.343242
v -0.892392 -0.076025 3.343242
v -0.892392 -0.273431 3.343242
v -0.694986 -0.273431 3.343243
v -0.694986 -0.076025 3.343243
v -0.694986 -0.273431 3.343243
v -0.892392 -0.273431 3.343242
v -0.892383 -0.106347 1.343242
v -0.694977 -0.106347 1.343243
v -0.892392 -0.076025 3.343242
v -0.694986 -0.076025 3.343243
v -0.694977 0.091060 1.343243
v -0.892384 0.091060 1.343242
v 1.260814 0.100803 -2.852122
v 1.260814 -0.158647 -2.852122
v 1.260816 -0.158647 -3.200180
v 1.260816 0.100803 -3.200180
v -0.531246 0.100802 -3.267115
v -1.261047 -0.158648 -3.200191
v -1.261047 0.100802 -3.200191
v -0.531246 -0.158648 -3.267115
v 0.516270 0.100803 -3.267110
v 0.516270 -0.158647 -3.267110
v 1.260816 0.100803 -3.200180
v 1.260816 -0.158647 -3.200180
v -1.261047 0.100802 -3.200191
v -1.261047 -0.158648 -3.200191
v -1.261048 -0.158648 -2.852133
v -1.261048 0.100802 -2.852133
v 0.516268 0.100803 -2.919053
v 1.260814 -0.158647 -2.852122
v 1.260814 0.100803 -2.852122
v 0.516268 -0.158647 -2.919053
v -0.531248 0.100802 -2.919057
v -0.531248 -0.158647 -2.919057
v -1.261048 0.100802 -2.852133
v -1.261048 -0.158648 -2.852133
v -0.531248 -0.158647 -2.919057
v -1.261048 -0.158648 -2.852133
v -1.261047 -0.158648 -3.200191
v -0.531246 -0.158648 -3.267115
v 0.516268 -0.158647 -2.919053
v 0.516270 -0.158647 -3.267110
v 1.260814 -0.158647 -2.852122
v 1.260816 -0.158647 -3.200180
v -0.516274 -0.158646 3.267110
v -1.260819 -0.158646 3.200178
v -1.260817 -0.158646 2.852121
v -0.516272 -0.158646 2.919052
v 0.531242 -0.158645 3.267116
v 0.531244 -0.158646 2.919058
v 1.261043 -0.158645 3.200193
v 1.261045 -0.158645 2.852135
v 0.716387 1.008923 -3.024179
v 0.716387 0.198824 -3.024179
v 0.716388 0.198824 -3.195077
v 0.716388 1.008923 -3.195077
v -0.716360 1.008923 -3.195083
v -0.716360 0.198823 -3.195083
v -0.716361 0.198823 -3.024185
v -0.716361 1.008923 -3.024186
v -1.260817 0.100804 2.852121
v -1.260819 0.100804 3.200178
v -0.516274 0.100804 3.267110
v -0.516272 0.100804 2.919052
v 0.531242 0.100805 3.267116
v 0.531244 0.100804 2.919058
v 1.261043 0.100805 3.200193
v 1.261045 0.100804 2.852135
v 0.000014 1.008923 -3.195080
v -0.716360 1.008923 -3.195083
v -0.716361 1.008923 -3.024186
v 0.716387 1.008923 -3.024179
v 0.358201 1.008923 -3.195078
v 0.716388 1.008923 -3.195077
v 0.626841 0.289730 -3.195077
v 0.626840 0.289730 -3.024180
v 0.626840 0.918017 -3.024180
v 0.626841 0.918017 -3.195077
v -0.626813 0.289730 -3.195083
v -0.626814 0.289730 -3.024185
v -0.447721 0.289730 -3.024184
v -0.447720 0.289730 -3.195082
v 0.626841 0.918017 -3.195077
v 0.626840 0.918017 -3.024180
v 0.447747 0.918017 -3.024180
v 0.447748 0.918017 -3.195078
v 0.089561 0.289730 -3.195079
v 0.089560 0.289730 -3.024182
v 0.268653 0.289730 -3.024181
v 0.268654 0.289730 -3.195079
v -0.447720 0.918017 -3.195082
v -0.447721 0.918017 -3.024184
v -0.626814 0.918017 -3.024185
v -0.626814 0.918017 -3.195083
v -0.268626 0.918017 -3.195081
v -0.268627 0.918017 -3.024184
v -0.268627 0.289730 -3.024183
v -0.268626 0.289730 -3.195081
v -0.268626 0.289730 -3.195081
v -0.268627 0.289730 -3.024183
v -0.089534 0.289730 -3.024183
v -0.089533 0.289730 -3.195080
v 0.268654 0.289730 -3.195079
v 0.268653 0.289730 -3.024181
v 0.268653 0.918017 -3.024181
v 0.268654 0.918017 -3.195079
v 0.268654 0.918017 -3.195079
v 0.268653 0.918017 -3.024181
v 0.089560 0.918017 -3.024182
v 0.089561 0.918017 -3.195080
v 0.447748 0.918017 -3.195078
v 0.447747 0.918017 -3.024180
v 0.447747 0.289730 -3.024180
v 0.447748 0.289730 -3.195078
v -0.447720 0.289730 -3.195082
v -0.447721 0.289730 -3.024184
v -0.447721 0.918017 -3.024184
v -0.447720 0.918017 -3.195082
v 0.447748 0.289730 -3.195078
v 0.447747 0.289730 -3.024180
v 0.626840 0.289730 -3.024180
v 0.626841 0.289730 -3.195077
v -0.626814 0.918017 -3.195083
v -0.626814 0.918017 -3.024185
v -0.626814 0.289730 -3.024185
v -0.626813 0.289730 -3.195083
v -0.089533 0.289730 -3.195080
v -0.089534 0.289730 -3.024183
v -0.089534 0.918017 -3.024183
v -0.089533 0.918017 -3.195080
v -0.089533 0.918017 -3.195080
v -0.089534 0.918017 -3.024183
v -0.268627 0.918017 -3.024184
v -0.268626 0.918017 -3.195081
v 0.089561 0.918017 -3.195080
v 0.089560 0.918017 -3.024182
v 0.089560 0.289730 -3.024182
v 0.089561 0.289730 -3.195079
v -1.260817 0.100804 2.852121
v -1.260817 -0.158646 2.852121
v -1.260819 -0.158646 3.200178
v -1.260819 0.100804 3.200178
v 0.531242 0.100805 3.267116
v 1.261043 -0.158645 3.200193
v 1.261043 0.100805 3.200193
v 0.531242 -0.158645 3.267116
v -0.516274 0.100804 3.267110
v -0.516274 -0.158646 3.267110
v -1.260819 0.100804 3.200178
v -1.260819 -0.158646 3.200178
v 1.261043 0.100805 3.200193
v 1.261043 -0.158645 3.200193
v 1.261045 -0.158645 2.852135
v 1.261045 0.100804 2.852135
v -0.516272 0.100804 2.919052
v -1.260817 -0.158646 2.852121
v -1.260817 0.100804 2.852121
v -0.516272 -0.158646 2.919052
v 0.531244 0.100804 2.919058
v 0.531244 -0.158646 2.919058
v 1.261045 0.100804 2.852135
v 1.261045 -0.158645 2.852135
v 0.716387 0.198824 -3.024179
v -0.716361 0.198823 -3.024185
v -0.716360 0.198823 -3.195083
v -0.358173 0.198823 -3.195081
v 0.000014 0.198824 -3.195080
v 0.358201 0.198824 -3.195078
v 0.716388 0.198824 -3.195077
v -0.531246 0.100802 -3.267115
v -1.261047 0.100802 -3.200191
v -1.261048 0.100802 -2.852133
v -0.531248 0.100802 -2.919057
v 0.516270 0.100803 -3.267110
v 0.516268 0.100803 -2.919053
v 1.260816 0.100803 -3.200180
v 1.260814 0.100803 -2.852122
v -1.104472 2.125001 3.120542
v -1.104470 1.125001 3.120542
v -1.104456 1.125000 -0.002157
v -1.104458 2.125000 -0.002157
v -0.854458 2.375000 -0.002156
v -0.854472 2.375001 3.120543
v 0.855958 2.375000 -0.002149
v 0.855944 2.375001 3.120551
v 1.105958 2.125000 -0.002147
v 1.105944 2.125001 3.120552
v 1.105958 2.125000 -0.002147
v 1.105958 1.125000 -0.002147
v 1.105944 1.125001 3.120552
v -1.104472 2.125001 3.120542
v -1.104456 1.125000 -0.002157
v -1.104470 1.125001 3.120542
v -1.104458 2.125000 -0.002157
v -0.854458 2.375000 -0.002156
v -0.854472 2.375001 3.120543
v 0.855958 2.375000 -0.002149
v 0.855944 2.375001 3.120551
v 1.105958 2.125000 -0.002147
v 1.105944 2.125001 3.120552
v 1.105944 1.125001 3.120552
v 1.105958 1.125000 -0.002147
v 1.105958 2.125000 -0.002147
v -0.980949 1.124999 -2.168010
v -1.230949 0.999999 -2.168011
v -1.230951 2.124999 -1.797713
v -0.980950 1.874999 -1.885580
v 1.230966 2.125000 -1.797704
v 0.980966 1.875000 -1.885573
v 1.230966 1.875000 -1.885572
v 0.980967 1.125000 -2.168002
v 1.230967 1.000000 -2.168001
v 1.230971 0.956309 -3.120541
v 1.230971 -0.125001 -3.148199
v -1.230944 -0.125001 -3.148209
v -1.230945 0.956308 -3.120550
v 0.980971 1.081309 -3.120542
v -0.980945 1.081308 -3.120549
v -0.980969 0.125001 2.770543
v -0.980970 1.125001 2.870543
v 0.980946 1.125001 2.870549
v 0.980946 0.125001 2.770549
v -0.980958 0.125000 0.122846
v -0.980969 0.125001 2.770543
v 0.980946 0.125001 2.770549
v 0.980958 0.125000 0.122852
v 0.980961 0.125000 -0.627148
v -0.980955 0.125000 -0.627154
v -0.980955 1.125000 -0.627154
v 0.980961 1.125000 -0.627148
v 0.980971 1.081309 -3.120542
v 1.230967 1.000000 -2.168001
v 1.230971 0.956309 -3.120541
v 0.980967 1.125000 -2.168002
v -0.980945 1.081308 -3.120549
v -0.980949 1.124999 -2.168010
v -1.230945 0.956308 -3.120550
v -1.230949 0.999999 -2.168011
v 1.230960 1.125000 -0.377147
v -0.980956 1.125000 -0.377154
v -0.980958 1.125000 0.122846
v 0.980958 1.125000 0.122852
v 0.980946 1.125001 2.870549
v 1.230945 1.125001 3.120550
v -0.980970 1.125001 2.870543
v -1.230971 1.125001 3.120542
v 0.980966 1.125000 -1.829742
v 0.980961 1.125000 -0.627148
v 1.230961 1.125000 -0.627147
v 1.230966 1.125000 -1.829741
v -1.230950 1.124999 -1.829750
v -1.230955 1.125000 -0.627156
v -0.980955 1.125000 -0.627154
v -0.980950 1.124999 -1.829749
v -0.980950 1.124999 -1.829749
v -0.980955 1.125000 -0.627154
v -0.980955 0.125000 -0.627154
v -0.980949 0.124999 -2.068009
v -0.980949 1.124999 -2.168010
v -0.980958 0.125000 0.122846
v -0.980958 1.125000 0.122846
v -0.980970 1.125001 2.870543
v -0.980969 0.125001 2.770543
v 0.980967 0.125000 -2.068002
v 0.980967 1.125000 -2.168002
v -0.980949 1.124999 -2.168010
v -0.980949 0.124999 -2.068009
v 0.980967 0.125000 -2.068002
v 0.980961 0.125000 -0.627148
v 0.980961 1.125000 -0.627148
v 0.980966 1.125000 -1.829742
v 0.980967 1.125000 -2.168002
v -0.980950 1.124999 -1.829749
v -0.980951 1.874999 -1.635580
v -1.230951 1.874999 -1.635581
v -1.230950 1.124999 -1.829750
v -0.980949 1.124999 -2.168010
v -0.980950 1.874999 -1.885580
v -0.980951 1.874999 -1.635580
v -0.980950 1.124999 -1.829749
v -1.230955 1.125000 -0.627156
v -1.230955 1.875000 -0.627156
v -0.980955 1.875000 -0.627155
v -0.980955 1.125000 -0.627154
v 1.230966 1.125000 -1.829741
v 1.230965 1.875000 -1.635572
v 0.980965 1.875000 -1.635573
v 0.980966 1.125000 -1.829742
v -0.980949 0.124999 -2.068009
v -0.980955 0.125000 -0.627154
v 0.980961 0.125000 -0.627148
v 0.980967 0.125000 -2.068002
v 0.980966 1.125000 -1.829742
v 0.980965 1.875000 -1.635573
v 0.980966 1.875000 -1.885573
v 0.980967 1.125000 -2.168002
v 0.980961 1.125000 -0.627148
v 0.980961 1.875000 -0.627148
v 1.230961 1.875000 -0.627147
v 1.230961 1.125000 -0.627147
v -1.230944 -0.125001 -3.148209
v 1.230971 -0.125001 -3.148199
v 1.230945 -0.124999 3.120551
v -1.230972 -0.124999 3.120541
v -0.980958 1.125000 0.122846
v -0.980958 0.125000 0.122846
v 0.980958 0.125000 0.122852
v 0.980958 1.125000 0.122852
v 1.230945 -0.124999 3.120551
v 1.230945 1.125001 3.120550
v -1.230971 1.125001 3.120542
v -1.230972 -0.124999 3.120541
v -1.230955 2.125000 -0.627156
v -1.230952 2.124999 -1.547713
v -1.230951 1.874999 -1.635581
v -1.230955 1.875000 -0.627156
v 1.230966 2.125000 -1.797704
v -1.230951 2.124999 -1.797713
v -1.230952 2.124999 -1.547713
v -1.230955 2.125000 -0.627156
v 0.980961 1.125000 -0.627148
v -0.980955 1.125000 -0.627154
v -0.980955 1.875000 -0.627155
v 0.980961 1.875000 -0.627148
v 0.980946 0.125001 2.770549
v 0.980946 1.125001 2.870549
v 0.980958 1.125000 0.122852
v 0.980958 0.125000 0.122852
v -0.980956 1.125000 -0.377154
v -1.230956 1.125000 -0.377156
v -1.230970 1.125001 2.870542
v -0.980958 1.125000 0.122846
v -0.980970 1.125001 2.870543
v 0.716388 0.198824 -3.195077
v 0.358201 0.198824 -3.195078
v 0.626841 0.289730 -3.195077
v 0.716388 1.008923 -3.195077
v 0.447748 0.289730 -3.195078
v 0.626841 0.918017 -3.195077
v 0.000014 0.198824 -3.195080
v 0.447748 0.918017 -3.195078
v 0.268654 0.289730 -3.195079
v 0.089561 0.289730 -3.195079
v 0.268654 0.918017 -3.195079
v 0.358201 1.008923 -3.195078
v -0.358173 0.198823 -3.195081
v 0.089561 0.918017 -3.195080
v -0.089533 0.289730 -3.195080
v -0.089533 0.918017 -3.195080
v 0.000014 1.008923 -3.195080
v -0.268626 0.289730 -3.195081
v -0.268626 0.918017 -3.195081
v -0.447720 0.289730 -3.195082
v -0.716360 0.198823 -3.195083
v -0.447720 0.918017 -3.195082
v -0.626813 0.289730 -3.195083
v -0.626814 0.918017 -3.195083
v -0.716360 1.008923 -3.195083
vt 0.882691205 0.261224508
vt 0.882691205 0.265920758
vt 0.882691205 0.270617008
vt 0.882691205 0.251831979
vt 0.882691205 0.256528229
vt 0.14289996 0.765349865
vt 0.14289996 0.753357828
vt 0.13062951 0.723627746
vt 0.13062951 0.7676723
vt 0.14289996 0.7676723
vt 0.13062951 0.723627746
vt 0.141672909 0.73672086
vt 0.141244024 0.723627746
vt 0.14289996 0.739863276
vt 0.152716324 0.742872953
vt 0.150262237 0.743688345
vt 0.152716324 0.745195448
vt 0.119465843 0.589440942
vt 0.12194635 0.589936554
vt 0.12194635 0.589349627
vt 0.14289996 0.753357828
vt 0.119465843 0.589440942
vt 0.13062951 0.723627746
vt 0.14289996 0.739863276
vt 0.12194635 0.589349627
vt 0.121326223 0.589440942
vt 0.119465843 0.589440942
vt 0.0468093753 0.712412119
vt 0.127505884 0.593644977
vt 0.126885757 0.593644977
vt 0.127505884 0.603615761
vt 0.044608891 0.712412119
vt 0.126885757 0.593644977
vt 0.127505884 0.603615761
vt 0.0468093753 0.712412119
vt 0.108542681 0.767415345
vt 0.113884673 0.586067498
vt 0.120813146 0.72337079
vt 0.108542681 0.72337079
vt 0.108542681 0.767415345
vt 0.119157217 0.767415345
vt 0.119586095 0.75432229
vt 0.120813146 0.740007758
vt 0.113884673 0.586067498
vt 0.116365179 0.586654365
vt 0.116365179 0.586067498
vt 0.113884673 0.586067498
vt 0.108542681 0.767415345
vt 0.120813146 0.751179814
vt 0.108542681 0.767415345
vt 0.128175423 0.7496773
vt 0.13062951 0.748170137
vt 0.128175423 0.747354746
vt 0.13062951 0.745847642
vt 0.128175423 0.740007758
vt 0.13062951 0.740007758
vt 0.120813146 0.740007758
vt 0.115745053 0.586654365
vt 0.116365179 0.586654365
vt 0.379569739 0.192844033
vt 0.37643525 0.188018978
vt 0.378281385 0.168744624
vt 0.378281385 0.168744624
vt 0.382136881 0.164398909
vt 0.399191439 0.206134021
vt 0.399191439 0.154948592
vt 0.382136881 0.164398909
vt 0.378281385 0.168744624
vt 0.37643525 0.188018978
vt 0.37643525 0.188018978
vt 0.379569739 0.192844033
vt 0.399191439 0.154948592
vt 0.399191439 0.206134021
vt 0.169809401 0.804124594
vt 0.159589499 0.76613915
vt 0.159589469 0.728255212
vt 0.13062951 0.804125428
vt 0.16244714 0.803648353
vt 0.159993023 0.796301305
vt 0.16244714 0.796301305
vt 0.159993023 0.796301305
vt 0.137029439 0.670232117
vt 0.13062951 0.804125428
vt 0.128175408 0.804125428
vt 0.128175423 0.785899282
vt 0.164901227 0.803648353
vt 0.164901227 0.796301305
vt 0.16244714 0.796301305
vt 0.16244714 0.796301305
vt 0.137029439 0.670232117
vt 0.164901227 0.803648353
vt 0.16244714 0.796301305
vt 0.128175423 0.785899282
vt 0.137029439 0.670232117
vt 0.0493288785 0.735972524
vt 0.110784039 0.596962452
vt 0.084375605 0.79092437
vt 0.084375605 0.788601875
vt 0.084375605 0.79092437
vt 0.110784039 0.596962452
vt 0.104677215 0.596871138
vt 0.104677215 0.596871138
vt 0.104677215 0.597458005
vt 0.084375605 0.788601875
vt 0.902443171 0.224117547
vt 0.88990134 0.223607123
vt 0.88990134 0.28593722
vt 0.902443171 0.286447644
vt 0.88990134 0.223607123
vt 0.87735945 0.224117547
vt 0.87735945 0.286447644
vt 0.88990134 0.28593722
vt 0.927614391 0.223607123
vt 0.927614391 0.229737967
vt 0.940199912 0.229737967
vt 0.940199912 0.223607123
vt 0.915028751 0.223607123
vt 0.902443171 0.223607123
vt 0.902443171 0.28593719
vt 0.915028751 0.28593719
vt 0.927614391 0.223607123
vt 0.915028751 0.223607123
vt 0.915028751 0.28593719
vt 0.927614391 0.28593719
vt 0.658940673 0.242350191
vt 0.677850544 0.242350191
vt 0.677850544 0.226171732
vt 0.658940673 0.226171732
vt 0.62112087 0.243917823
vt 0.640030742 0.209993273
vt 0.62112087 0.209993273
vt 0.640030742 0.243917823
vt 0.62112093 0.292608589
vt 0.640030742 0.292608589
vt 0.62112087 0.327214807
vt 0.640030742 0.327214807
vt 0.677850544 0.209993273
vt 0.658940673 0.209993273
vt 0.658940673 0.226171732
vt 0.677850544 0.226171732
vt 0.658940613 0.292608589
vt 0.640030742 0.327214867
vt 0.658940673 0.327214807
vt 0.640030742 0.292608589
vt 0.658940613 0.243917823
vt 0.640030742 0.243917823
vt 0.658940673 0.209993273
vt 0.640030742 0.209993303
vt 0.595752835 0.293292195
vt 0.59087491 0.327214867
vt 0.616242886 0.327214867
vt 0.62112087 0.293292195
vt 0.595752835 0.244601399
vt 0.62112087 0.244601399
vt 0.59087491 0.209993273
vt 0.616242886 0.209993273
vt 0.687069297 0.104888827
vt 0.684148848 0.0841687322
vt 0.668960869 0.0841687322
vt 0.671881318 0.104888827
vt 0.687069297 0.134040326
vt 0.671881318 0.134040326
vt 0.684148848 0.154350013
vt 0.668960869 0.154350072
vt 0.893350482 0.240091324
vt 0.893350482 0.261334062
vt 0.897560418 0.261334062
vt 0.897560418 0.240091324
vt 0.901770353 0.261334062
vt 0.901770353 0.240091324
vt 0.897560418 0.240091324
vt 0.897560418 0.261334062
vt 0.650852442 0.154350072
vt 0.666040421 0.154350013
vt 0.668960869 0.133629948
vt 0.653772891 0.133629948
vt 0.668960869 0.104478449
vt 0.653772891 0.104478449
vt 0.666040421 0.0841687322
vt 0.650852442 0.0841687322
vt 0.889140546 0.258876354
vt 0.889140546 0.277661413
vt 0.893350482 0.277661413
vt 0.893350482 0.240091324
vt 0.889140546 0.249483839
vt 0.889140546 0.240091324
vt 0.905980229 0.240091324
vt 0.901770353 0.240091324
vt 0.901770353 0.256566525
vt 0.905980229 0.256566525
vt 0.884930611 0.277661443
vt 0.880720735 0.277661443
vt 0.880720735 0.282357693
vt 0.884930611 0.282357693
vt 0.864974499 0.282357693
vt 0.869184375 0.282357693
vt 0.869184375 0.277661443
vt 0.864974499 0.277661443
vt 0.901770353 0.277809292
vt 0.897560418 0.277809292
vt 0.897560418 0.282505542
vt 0.901770353 0.282505542
vt 0.884930611 0.282357693
vt 0.889140546 0.282357693
vt 0.889140546 0.277661413
vt 0.88493067 0.277661413
vt 0.897560418 0.261334062
vt 0.893350482 0.261334062
vt 0.893350482 0.277809292
vt 0.897560418 0.277809292
vt 0.87339431 0.277661443
vt 0.869184375 0.277661443
vt 0.869184375 0.282357693
vt 0.87339431 0.282357693
vt 0.901770353 0.277809292
vt 0.905980229 0.277809292
vt 0.905980229 0.261334062
vt 0.901770353 0.261334062
vt 0.901770353 0.282505542
vt 0.905980229 0.282505542
vt 0.905980229 0.277809292
vt 0.901770353 0.277809292
vt 0.901770353 0.261334062
vt 0.897560418 0.261334062
vt 0.897560418 0.277809292
vt 0.901770353 0.277809292
vt 0.914400101 0.256566525
vt 0.910190165 0.256566525
vt 0.910190165 0.273041725
vt 0.914400101 0.273041725
vt 0.880720735 0.277661443
vt 0.876510799 0.277661443
vt 0.876510799 0.282357693
vt 0.880720735 0.282357693
vt 0.905980229 0.256566525
vt 0.910190165 0.256566525
vt 0.910190165 0.240091324
vt 0.905980229 0.240091324
vt 0.905980229 0.289516926
vt 0.910190165 0.289516926
vt 0.910190165 0.273041725
vt 0.905980229 0.273041725
vt 0.893350482 0.282505542
vt 0.897560358 0.282505542
vt 0.897560358 0.277809292
vt 0.893350482 0.277809292
vt 0.905980229 0.273041725
vt 0.910190165 0.273041725
vt 0.910190165 0.256566525
vt 0.905980229 0.256566525
vt 0.709712267 0.103541046
vt 0.721033752 0.103541046
vt 0.721033752 0.0938548744
vt 0.709712267 0.0938548744
vt 0.687069297 0.104479551
vt 0.698390782 0.0841687322
vt 0.687069297 0.0841687322
vt 0.698390782 0.104479551
vt 0.687069297 0.133631021
vt 0.698390782 0.133631021
vt 0.687069297 0.154350013
vt 0.698390782 0.154350013
vt 0.721033752 0.0841687322
vt 0.709712267 0.0841687322
vt 0.709712267 0.0938548744
vt 0.721033752 0.0938548744
vt 0.709712207 0.13363108
vt 0.698390782 0.154350013
vt 0.709712267 0.154350013
vt 0.698390782 0.133631021
vt 0.709712207 0.104479551
vt 0.698390782 0.104479551
vt 0.709712267 0.0841687322
vt 0.698390782 0.0841687322
vt 0.884930611 0.240091324
vt 0.884930611 0.277661413
vt 0.889140546 0.277661413
vt 0.889140546 0.268268883
vt 0.889140546 0.258876383
vt 0.889140546 0.249483839
vt 0.889140546 0.240091324
vt 0.59087491 0.243915945
vt 0.585996926 0.209993273
vt 0.560628951 0.209993273
vt 0.565506876 0.243915945
vt 0.59087491 0.292606741
vt 0.565506876 0.292606741
vt 0.585996926 0.327214867
vt 0.560628951 0.327214867
vt 0.331570059 0.144221008
vt 0.341036469 0.123807788
vt 0.399191439 0.154948592
vt 0.382136881 0.164398909
vt 0.378281385 0.168744624
vt 0.328915 0.151114136
vt 0.37643525 0.188018978
vt 0.320810199 0.194732487
vt 0.379569739 0.192844033
vt 0.321916789 0.202591419
vt 0.379569739 0.192844033
vt 0.399191439 0.206134021
vt 0.327199101 0.226867437
vt 0.331570059 0.144221008
vt 0.399191439 0.154948592
vt 0.341036469 0.123807788
vt 0.382136881 0.164398909
vt 0.378281385 0.168744624
vt 0.328915 0.151114136
vt 0.37643525 0.188018978
vt 0.320810199 0.194732487
vt 0.379569739 0.192844033
vt 0.321916789 0.202591419
vt 0.327199101 0.226867437
vt 0.399191439 0.206134021
vt 0.379569739 0.192844033
vt 0.0949763283 0.793246746
vt 0.0961922556 0.79092437
vt 0.084375605 0.790927231
vt 0.0870214105 0.793249011
vt 0.084375605 0.813798308
vt 0.0870214105 0.811475098
vt 0.0870214105 0.813797593
vt 0.0949763283 0.811472893
vt 0.0961922556 0.813795447
vt 0.107326746 0.790925145
vt 0.0968084633 0.79092437
vt 0.0968084633 0.813795447
vt 0.107326746 0.813796341
vt 0.108542666 0.793247759
vt 0.108542666 0.811473906
vt 0.358827978 0.795668781
vt 0.368687242 0.79566896
vt 0.368687212 0.777442873
vt 0.358827978 0.777442634
vt 0.565092504 0.824205339
vt 0.565092504 0.818673849
vt 0.545833588 0.818673909
vt 0.545833588 0.824205399
vt 0.3146483 0.786278009
vt 0.421066225 0.78627789
vt 0.421066165 0.732036054
vt 0.314648241 0.732036173
vt 0.144465983 0.81109339
vt 0.13063398 0.813415885
vt 0.144470453 0.813415885
vt 0.13062951 0.81109339
vt 0.144465983 0.792867303
vt 0.13062951 0.792867303
vt 0.144470453 0.790544748
vt 0.13063398 0.790544748
vt 0.14774482 0.802536666
vt 0.186139226 0.686480582
vt 0.186139226 0.652767658
vt 0.0538555235 0.652767777
vt 0.150198907 0.790544748
vt 0.0838065073 0.728255272
vt 0.169809401 0.804124594
vt 0.159589469 0.728255212
vt 0.167355314 0.796301305
vt 0.167355314 0.807473302
vt 0.169809401 0.807473302
vt 0.169809401 0.796301305
vt 0.172349066 0.752769113
vt 0.172349066 0.741597116
vt 0.169894978 0.741597116
vt 0.169894949 0.752769113
vt 0.412732422 0.776158392
vt 0.412732422 0.764986336
vt 0.402916044 0.764986336
vt 0.402916044 0.778371811
vt 0.412732422 0.779300809
vt 0.402916044 0.757132351
vt 0.412732422 0.756667852
vt 0.412732422 0.750671804
vt 0.402916044 0.751600862
vt 0.378448367 0.777442634
vt 0.368687242 0.777443469
vt 0.368687242 0.795669615
vt 0.378448367 0.795668781
vt 0.403001606 0.707299292
vt 0.403001606 0.720684767
vt 0.412817985 0.720684767
vt 0.412817985 0.709512711
vt 0.412817985 0.706370294
vt 0.174717575 0.800169706
vt 0.174717575 0.793034434
vt 0.172263488 0.79303509
vt 0.172263488 0.800170422
vt 0.16244714 0.796301305
vt 0.169809401 0.791656375
vt 0.169809401 0.78933382
vt 0.16244714 0.793158889
vt 0.126906738 0.58245039
vt 0.126906738 0.584195018
vt 0.127526864 0.584195018
vt 0.127526864 0.58245033
vt 0.174717575 0.793033719
vt 0.174717575 0.785898447
vt 0.172263488 0.785899103
vt 0.172263488 0.793034434
vt 0.565092504 0.845444679
vt 0.565092504 0.832059264
vt 0.545833588 0.832059264
vt 0.545833588 0.845444679
vt 0.162532687 0.726513207
vt 0.169894949 0.730338216
vt 0.169894978 0.72801578
vt 0.162532687 0.72337079
vt 0.127505884 0.598250508
vt 0.127505884 0.59650588
vt 0.126885757 0.59650588
vt 0.126885757 0.598250568
vt 0.108542666 0.72337079
vt 0.084375605 0.72337079
vt 0.0843756199 0.767415345
vt 0.108542681 0.767415345
vt 0.413080126 0.826425791
vt 0.423361957 0.83098352
vt 0.412423462 0.824527562
vt 0.385227382 0.775363088
vt 0.152630776 0.7676723
vt 0.14037317 0.767672658
vt 0.14037317 0.790543735
vt 0.152630746 0.790543437
vt 0.0604912043 0.727772951
vt 0.0604912043 0.726388454
vt 0.0598710775 0.7260077
vt 0.0598710775 0.727864146
vt 0.084375605 0.79092437
vt 0.108542666 0.79092437
vt 0.108542666 0.788601875
vt 0.0493288785 0.735972524
vt 0.0616329461 0.721190691
vt 0.0596459806 0.730826974
vt 0.0616345406 0.720120549
vt 0.0562285632 0.729637742
vt 0.403001606 0.734070241
vt 0.412817985 0.734999299
vt 0.412817985 0.72900331
vt 0.403001606 0.728538752
vt 0.146924555 0.790544748
vt 0.144470453 0.790544748
vt 0.144470453 0.802536666
vt 0.146924555 0.796540737
vt 0.146924555 0.802536666
vt 0.884930611 0.277661413
vt 0.884930611 0.268268913
vt 0.882691205 0.275313288
vt 0.864974499 0.277661443
vt 0.882691205 0.270617008
vt 0.867213905 0.275313288
vt 0.884930611 0.258876383
vt 0.867213905 0.270617038
vt 0.882691205 0.265920758
vt 0.882691205 0.261224508
vt 0.867213905 0.265920758
vt 0.864974499 0.268268913
vt 0.884930611 0.249483839
vt 0.867213905 0.261224508
vt 0.882691205 0.256528229
vt 0.867213905 0.256528229
vt 0.864974499 0.258876383
vt 0.882691205 0.251831979
vt 0.867213905 0.251831979
vt 0.882691205 0.247135714
vt 0.884930611 0.240091324
vt 0.867213905 0.247135714
vt 0.882691205 0.242439449
vt 0.867213905 0.242439449
vt 0.864974499 0.240091324
vn 0.000004 -0.000000 -1.000000
vn 0.000004 -0.000000 -1.000000
vn 0.000004 -0.000000 -1.000000
vn 0.000004 -0.000000 -1.000000
vn 0.000004 -0.000000 -1.000000
vn -1.000000 -0.000000 -0.000004
vn -1.000000 -0.000000 -0.000004
vn -1.000000 -0.000000 -0.000004
vn -1.000000 -0.000000 -0.000004
vn -1.000000 -0.000000 -0.000004
vn -1.000000 -0.000000 -0.000004
vn -1.000000 -0.000000 -0.000004
vn -1.000000 -0.000000 -0.000004
vn -1.000000 -0.000000 -0.000004
vn -1.000000 -0.000000 -0.000004
vn -1.000000 -0.000000 -0.000004
vn -1.000000 -0.000000 -0.000004
vn -1.000000 -0.000000 -0.000004
vn -1.000000 -0.000000 -0.000004
vn -1.000000 -0.000000 -0.000004
vn -1.000000 -0.000000 -0.000004
vn -1.000000 -0.000000 -0.000004
vn -1.000000 -0.000000 -0.000004
vn -1.000000 -0.000000 -0.000004
vn 0.000004 -0.000000 -1.000000
vn 0.000004 -0.000000 -1.000000
vn 0.000004 -0.000000 -1.000000
vn -0.000004 0.000000 1.000000
vn -0.000004 0.000000 1.000000
vn -0.000004 0.000000 1.000000
vn -0.000004 0.000000 1.000000
vn -0.000004 0.000000 1.000000
vn -0.000004 0.000000 1.000000
vn -0.000004 0.000000 1.000000
vn -0.000004 0.000000 1.000000
vn 1.000000 0.000000 0.000004
vn 1.000000 0.000000 0.000004
vn 1.000000 0.000000 0.000004
vn 1.000000 0.000000 0.000004
vn 1.000000 0.000000 0.000004
vn 1.000000 0.000000 0.000004
vn 1.000000 0.000000 0.000004
vn 1.000000 0.000000 0.000004
vn 1.000000 0.000000 0.000004
vn 1.000000 0.000000 0.000004
vn 1.000000 0.000000 0.000004
vn 1.000000 0.000000 0.000004
vn 1.000000 0.000000 0.000004
vn 1.000000 0.000000 0.000004
vn 1.000000 0.000000 0.000004
vn 1.000000 0.000000 0.000004
vn 1.000000 0.000000 0.000004
vn 1.000000 0.000000 0.000004
vn 1.000000 0.000000 0.000004
vn 1.000000 0.000000 0.000004
vn 1.000000 0.000000 0.000004
vn 0.000004 -0.000000 -1.000000
vn 0.000004 -0.000000 -1.000000
vn 0.000004 -0.000000 -1.000000
vn -0.000004 0.000000 1.000000
vn -0.000004 0.000000 1.000000
vn -0.000004 0.000000 1.000000
vn -0.000004 0.000000 1.000000
vn -0.000004 0.000000 1.000000
vn -0.000004 0.000000 1.000000
vn -0.000004 0.000000 1.000000
vn 0.000004 -0.000000 -1.000000
vn 0.000004 -0.000000 -1.000000
vn 0.000004 -0.000000 -1.000000
vn 0.000004 -0.000000 -1.000000
vn 0.000004 -0.000000 -1.000000
vn 0.000004 -0.000000 -1.000000
vn 0.000004 -0.000000 -1.000000
vn -0.000000 1.000000 -0.000000
vn -0.000000 1.000000 -0.000000
vn -0.000000 1.000000 -0.000000
vn 0.000000 -1.000000 0.000000
vn 0.000000 -1.000000 0.000000
vn 0.000000 -1.000000 0.000000
vn 0.000000 -1.000000 0.000000
vn 0.000000 -1.000000 0.000000
vn 0.000000 -1.000000 0.000000
vn 0.000000 -1.000000 0.000000
vn 0.000000 -1.000000 0.000000
vn 0.000000 -1.000000 0.000000
vn 0.000000 -1.000000 0.000000
vn 0.000000 -1.000000 0.000000
vn 0.000000 -1.000000 0.000000
vn 0.000000 -1.000000 0.000000
vn 0.000000 -1.000000 0.000000
vn 0.000000 -1.000000 0.000000
vn 0.000004 -0.000000 -1.000000
vn 0.005942 0.256755 -0.966458
vn 0.000004 -0.000000 -1.000000
vn -0.000000 1.000000 -0.000000
vn -0.000000 1.000000 -0.000000
vn -0.000000 1.000000 -0.000000
vn -0.000000 1.000000 -0.000000
vn -0.000000 1.000000 -0.000000
vn -0.000000 1.000000 -0.000000
vn -0.000000 1.000000 -0.000000
vn 0.000004 -0.000000 -1.000000
vn 0.000004 -0.000000 -1.000000
vn 0.000004 -0.000000 -1.000000
vn 1.000000 0.000000 0.000004
vn 1.000000 0.000000 0.000004
vn 1.000000 0.000000 0.000004
vn 1.000000 0.000000 0.000004
vn -1.000000 -0.000000 -0.000004
vn -1.000000 -0.000000 -0.000004
vn -1.000000 -0.000000 -0.000004
vn -1.000000 -0.000000 -0.000004
vn -0.000004 0.000000 1.000000
vn -0.000004 0.000000 1.000000
vn -0.000004 0.000000 1.000000
vn -0.000004 0.000000 1.000000
vn 0.000000 -0.996529 -0.083252
vn 0.000000 -0.996529 -0.083252
vn 0.000000 -0.996529 -0.083252
vn 0.000000 -0.996529 -0.083252
vn -0.000000 0.996529 0.083252
vn -0.000000 0.996529 0.083252
vn -0.000000 0.996529 0.083252
vn -0.000000 0.996529 0.083252
vn 1.000000 0.000000 0.000004
vn 1.000000 0.000000 0.000004
vn 1.000000 0.000000 0.000004
vn 1.000000 0.000000 0.000004
vn -0.045705 -0.000000 -0.998955
vn -0.091319 -0.000000 -0.995822
vn -0.091319 -0.000000 -0.995822
vn -0.045705 -0.000000 -0.998955
vn 0.044814 -0.000000 -0.998995
vn 0.044814 -0.000000 -0.998995
vn 0.089533 -0.000000 -0.995984
vn 0.089533 -0.000000 -0.995984
vn -1.000000 -0.000000 -0.000004
vn -1.000000 -0.000000 -0.000004
vn -1.000000 -0.000000 -0.000004
vn -1.000000 -0.000000 -0.000004
vn -0.044814 0.000000 0.998995
vn -0.089533 0.000000 0.995984
vn -0.089533 0.000000 0.995984
vn -0.044814 0.000000 0.998995
vn 0.045705 0.000000 0.998955
vn 0.045705 0.000000 0.998955
vn 0.091319 0.000000 0.995822
vn 0.091319 0.000000 0.995822
vn 0.000000 -1.000000 0.000000
vn 0.000000 -1.000000 0.000000
vn 0.000000 -1.000000 0.000000
vn 0.000000 -1.000000 0.000000
vn 0.000000 -1.000000 0.000000
vn 0.000000 -1.000000 0.000000
vn 0.000000 -1.000000 0.000000
vn 0.000000 -1.000000 0.000000
vn 0.000000 -1.000000 0.000000
vn 0.000000 -1.000000 0.000000
vn 0.000000 -1.000000 0.000000
vn 0.000000 -1.000000 0.000000
vn 0.000000 -1.000000 0.000000
vn 0.000000 -1.000000 0.000000
vn 0.000000 -1.000000 0.000000
vn 0.000000 -1.000000 0.000000
vn 1.000000 0.000000 0.000004
vn 1.000000 0.000000 0.000004
vn 1.000000 0.000000 0.000004
vn 1.000000 0.000000 0.000004
vn -1.000000 -0.000000 -0.000004
vn -1.000000 -0.000000 -0.000004
vn -1.000000 -0.000000 -0.000004
vn -1.000000 -0.000000 -0.000004
vn -0.000000 1.000000 -0.000000
vn -0.000000 1.000000 -0.000000
vn -0.000000 1.000000 -0.000000
vn -0.000000 1.000000 -0.000000
vn -0.000000 1.000000 -0.000000
vn -0.000000 1.000000 -0.000000
vn -0.000000 1.000000 -0.000000
vn -0.000000 1.000000 -0.000000
vn -0.000000 1.000000 -0.000000
vn -0.000000 1.000000 -0.000000
vn -0.000000 1.000000 -0.000000
vn -0.000000 1.000000 -0.000000
vn -0.000000 1.000000 -0.000000
vn -0.000000 1.000000 -0.000000
vn -1.000000 -0.000000 -0.000004
vn -1.000000 -0.000000 -0.000004
vn -1.000000 -0.000000 -0.000004
vn -1.000000 -0.000000 -0.000004
vn -0.000000 1.000000 -0.000000
vn -0.000000 1.000000 -0.000000
vn -0.000000 1.000000 -0.000000
vn -0.000000 1.000000 -0.000000
vn 0.000000 -1.000000 0.000000
vn 0.000000 -1.000000 0.000000
vn 0.000000 -1.000000 0.000000
vn 0.000000 -1.000000 0.000000
vn -0.000000 1.000000 -0.000000
vn -0.000000 1.000000 -0.000000
vn -0.000000 1.000000 -0.000000
vn -0.000000 1.000000 -0.000000
vn 0.000000 -1.000000 0.000000
vn 0.000000 -1.000000 0.000000
vn 0.000000 -1.000000 0.000000
vn 0.000000 -1.000000 0.000000
vn 1.000000 0.000000 0.000004
vn 1.000000 0.000000 0.000004
vn 1.000000 0.000000 0.000004
vn 1.000000 0.000000 0.000004
vn -0.000000 1.000000 -0.000000
vn -0.000000 1.000000 -0.000000
vn -0.000000 1.000000 -0.000000
vn -0.000000 1.000000 -0.000000
vn -1.000000 -0.000000 -0.000004
vn -1.000000 -0.000000 -0.000004
vn -1.000000 -0.000000 -0.000004
vn -1.000000 -0.000000 -0.000004
vn 0.000000 -1.000000 0.000000
vn 0.000000 -1.000000 0.000000
vn 0.000000 -1.000000 0.000000
vn 0.000000 -1.000000 0.000000
vn 1.000000 0.000000 0.000004
vn 1.000000 0.000000 0.000004
vn 1.000000 0.000000 0.000004
vn 1.000000 0.000000 0.000004
vn -1.000000 -0.000000 -0.000004
vn -1.000000 -0.000000 -0.000004
vn -1.000000 -0.000000 -0.000004
vn -1.000000 -0.000000 -0.000004
vn -0.000000 1.000000 -0.000000
vn -0.000000 1.000000 -0.000000
vn -0.000000 1.000000 -0.000000
vn -0.000000 1.000000 -0.000000
vn 1.000000 0.000000 0.000004
vn 1.000000 0.000000 0.000004
vn 1.000000 0.000000 0.000004
vn 1.000000 0.000000 0.000004
vn -1.000000 -0.000000 -0.000004
vn -1.000000 -0.000000 -0.000004
vn -1.000000 -0.000000 -0.000004
vn -1.000000 -0.000000 -0.000004
vn 0.000000 -1.000000 0.000000
vn 0.000000 -1.000000 0.000000
vn 0.000000 -1.000000 0.000000
vn 0.000000 -1.000000 0.000000
vn 1.000000 0.000000 0.000004
vn 1.000000 0.000000 0.000004
vn 1.000000 0.000000 0.000004
vn 1.000000 0.000000 0.000004
vn -1.000000 -0.000000 -0.000004
vn -1.000000 -0.000000 -0.000004
vn -1.000000 -0.000000 -0.000004
vn -1.000000 -0.000000 -0.000004
vn 0.045704 0.000000 0.998955
vn 0.091317 0.000000 0.995822
vn 0.091317 0.000000 0.995822
vn 0.045704 0.000000 0.998955
vn -0.044815 0.000000 0.998995
vn -0.044815 0.000000 0.998995
vn -0.089535 0.000000 0.995984
vn -0.089535 0.000000 0.995984
vn 1.000000 0.000000 0.000004
vn 1.000000 0.000000 0.000004
vn 1.000000 0.000000 0.000004
vn 1.000000 0.000000 0.000004
vn 0.044815 -0.000000 -0.998995
vn 0.089535 -0.000000 -0.995984
vn 0.089535 -0.000000 -0.995984
vn 0.044815 -0.000000 -0.998995
vn -0.045704 -0.000000 -0.998955
vn -0.045704 -0.000000 -0.998955
vn -0.091317 -0.000000 -0.995822
vn -0.091317 -0.000000 -0.995822
vn 0.000000 -1.000000 0.000000
vn 0.000000 -1.000000 0.000000
vn 0.000000 -1.000000 0.000000
vn 0.000000 -1.000000 0.000000
vn 0.000000 -1.000000 0.000000
vn 0.000000 -1.000000 0.000000
vn 0.000000 -1.000000 0.000000
vn -0.000000 1.000000 -0.000000
vn -0.000000 1.000000 -0.000000
vn -0.000000 1.000000 -0.000000
vn -0.000000 1.000000 -0.000000
vn -0.000000 1.000000 -0.000000
vn -0.000000 1.000000 -0.000000
vn -0.000000 1.000000 -0.000000
vn -0.000000 1.000000 -0.000000
vn 0.923880 -0.382683 0.000004
vn 1.000000 0.000000 0.000004
vn 1.000000 0.000000 0.000004
vn 0.923880 -0.382683 0.000004
vn 0.382684 -0.923879 0.000002
vn 0.382684 -0.923879 0.000002
vn -0.382683 -0.923880 -0.000001
vn -0.382683 -0.923880 -0.000001
vn -0.923879 -0.382684 -0.000004
vn -0.923879 -0.382684 -0.000004
vn -0.923879 -0.382684 -0.000004
vn -1.000000 -0.000000 -0.000004
vn -1.000000 -0.000000 -0.000004
vn -0.923880 0.382683 -0.000004
vn -1.000000 -0.000000 -0.000004
vn -1.000000 -0.000000 -0.000004
vn -0.923880 0.382683 -0.000004
vn -0.382684 0.923879 -0.000002
vn -0.382684 0.923879 -0.000002
vn 0.382683 0.923880 0.000001
vn 0.382683 0.923880 0.000001
vn 0.923879 0.382684 0.000004
vn 0.923879 0.382684 0.000004
vn 1.000000 0.000000 0.000004
vn 1.000000 0.000000 0.000004
vn 0.923879 0.382684 0.000004
vn -0.065755 0.332004 -0.940983
vn -0.154446 0.308901 -0.938470
vn -0.043795 0.332024 -0.942254
vn 0.005942 0.256755 -0.966458
vn 0.000004 0.331587 -0.943425
vn 0.027294 0.330383 -0.943452
vn 0.040943 0.329688 -0.943202
vn 0.081813 0.327234 -0.941395
vn 0.081813 0.327234 -0.941395
vn 0.000004 0.017048 -0.999855
vn 0.000004 0.025570 -0.999673
vn 0.000004 0.025570 -0.999673
vn 0.000004 0.008524 -0.999964
vn 0.000004 -0.000000 -1.000000
vn 0.000004 -0.000000 -1.000000
vn 0.000004 0.099503 -0.995037
vn 0.000004 0.099503 -0.995037
vn 0.000004 0.099503 -0.995037
vn 0.000004 0.099503 -0.995037
vn -0.000000 1.000000 -0.000000
vn -0.000000 1.000000 -0.000000
vn -0.000000 1.000000 -0.000000
vn -0.000000 1.000000 -0.000000
vn 0.000004 -0.000000 -1.000000
vn 0.000004 -0.000000 -1.000000
vn 0.000004 -0.000000 -1.000000
vn 0.000004 -0.000000 -1.000000
vn 0.229548 0.972275 -0.044595
vn 0.446838 0.893676 -0.040989
vn 0.446838 0.893676 -0.040989
vn 0.229548 0.972275 -0.044595
vn -0.229548 0.972275 -0.044597
vn -0.229548 0.972275 -0.044597
vn -0.446838 0.893675 -0.040993
vn -0.446838 0.893675 -0.040993
vn -0.000000 1.000000 -0.000000
vn -0.000000 1.000000 -0.000000
vn -0.000000 1.000000 -0.000000
vn -0.000000 1.000000 -0.000000
vn -0.000000 1.000000 -0.000000
vn -0.000000 1.000000 -0.000000
vn -0.000000 1.000000 -0.000000
vn -0.000000 1.000000 -0.000000
vn -0.000000 1.000000 -0.000000
vn -0.000000 1.000000 -0.000000
vn -0.000000 1.000000 -0.000000
vn -0.000000 1.000000 -0.000000
vn -0.000000 1.000000 -0.000000
vn -0.000000 1.000000 -0.000000
vn -0.000000 1.000000 -0.000000
vn -0.000000 1.000000 -0.000000
vn 1.000000 0.000000 0.000004
vn 1.000000 0.000000 0.000004
vn 1.000000 0.000000 0.000004
vn 1.000000 0.000000 0.000004
vn 1.000000 0.000000 0.000004
vn 1.000000 0.000000 0.000004
vn 1.000000 0.000000 0.000004
vn 1.000000 0.000000 0.000004
vn 1.000000 0.000000 0.000004
vn -0.000004 0.099504 0.995037
vn -0.000004 0.099504 0.995037
vn -0.000004 0.099504 0.995037
vn -0.000004 0.099504 0.995037
vn -1.000000 -0.000000 -0.000004
vn -1.000000 -0.000000 -0.000004
vn -1.000000 -0.000000 -0.000004
vn -1.000000 -0.000000 -0.000004
vn -1.000000 -0.000000 -0.000004
vn -0.000004 -0.250629 0.968083
vn -0.000004 -0.250629 0.968083
vn -0.000004 -0.250629 0.968083
vn -0.000004 -0.250629 0.968083
vn 1.000000 0.000000 0.000004
vn 1.000000 0.000000 0.000004
vn 1.000000 0.000000 0.000004
vn 1.000000 0.000000 0.000004
vn 0.000004 -0.000000 -1.000000
vn 0.000004 -0.000000 -1.000000
vn 0.000004 -0.000000 -1.000000
vn 0.000004 -0.000000 -1.000000
vn -0.000004 -0.250629 0.968083
vn -0.000004 -0.250629 0.968083
vn -0.000004 -0.250629 0.968083
vn -0.000004 -0.250629 0.968083
vn -0.000000 1.000000 -0.000000
vn -0.000000 1.000000 -0.000000
vn -0.000000 1.000000 -0.000000
vn -0.000000 1.000000 -0.000000
vn -1.000000 -0.000000 -0.000004
vn -1.000000 -0.000000 -0.000004
vn -1.000000 -0.000000 -0.000004
vn -1.000000 -0.000000 -0.000004
vn 0.000004 -0.000000 -1.000000
vn 0.000004 -0.000000 -1.000000
vn 0.000004 -0.000000 -1.000000
vn 0.000004 -0.000000 -1.000000
vn 0.000000 -1.000000 0.000000
vn 0.000000 -1.000000 0.000000
vn 0.000000 -1.000000 0.000000
vn 0.000000 -1.000000 0.000000
vn -0.000004 0.000000 1.000000
vn -0.000004 0.000000 1.000000
vn -0.000004 0.000000 1.000000
vn -0.000004 0.000000 1.000000
vn -0.000004 0.000000 1.000000
vn -0.000004 0.000000 1.000000
vn -0.000004 0.000000 1.000000
vn -0.000004 0.000000 1.000000
vn -1.000000 -0.000000 -0.000004
vn -1.000000 -0.000000 -0.000004
vn -1.000000 -0.000000 -0.000004
vn -1.000000 -0.000000 -0.000004
vn -0.000000 1.000000 -0.000000
vn -0.000000 1.000000 -0.000000
vn -0.000000 1.000000 -0.000000
vn -0.000000 1.000000 -0.000000
vn 0.000004 -0.000000 -1.000000
vn 0.000004 -0.000000 -1.000000
vn 0.000004 -0.000000 -1.000000
vn 0.000004 -0.000000 -1.000000
vn -1.000000 -0.000000 -0.000004
vn -1.000000 -0.000000 -0.000004
vn -1.000000 -0.000000 -0.000004
vn -1.000000 -0.000000 -0.000004
vn -0.000000 1.000000 -0.000000
vn -0.000000 1.000000 -0.000000
vn -0.000000 1.000000 -0.000000
vn -0.000000 1.000000 -0.000000
vn -0.000000 1.000000 -0.000000
vn 0.000004 -0.000000 -1.000000
vn 0.000004 -0.000000 -1.000000
vn 0.000004 -0.000000 -1.000000
vn 0.000004 -0.000000 -1.000000
vn 0.000004 -0.000000 -1.000000
vn 0.000004 -0.000000 -1.000000
vn 0.000004 -0.000000 -1.000000
vn 0.000004 -0.000000 -1.000000
vn 0.000004 -0.000000 -1.000000
vn 0.000004 -0.000000 -1.000000
vn 0.000004 -0.000000 -1.000000
vn 0.000004 -0.000000 -1.000000
vn 0.000004 -0.000000 -1.000000
vn 0.000004 -0.000000 -1.000000
vn 0.000004 -0.000000 -1.000000
vn 0.000004 -0.000000 -1.000000
vn 0.000004 -0.000000 -1.000000
vn 0.000004 -0.000000 -1.000000
vn 0.000004 -0.000000 -1.000000
vn 0.000004 -0.000000 -1.000000
vn 0.000004 -0.000000 -1.000000
vn 0.000004 -0.000000 -1.000000
vn 0.000004 -0.000000 -1.000000
vn 0.000004 -0.000000 -1.000000
vn 0.000004 -0.000000 -1.000000
f 1/1/1 2/2/2 3/3/3
f 4/4/4 5/5/5 1/1/1
f 6/6/6 7/7/7 8/8/8
f 9/9/9 10/10/10 6/6/6
f 6/6/6 11/11/11 9/9/9
f 12/12/12 13/13/13 11/11/11
f 14/14/14 12/12/12 11/11/11
f 15/15/15 12/12/12 14/14/14
f 15/15/15 14/14/14 16/16/16
f 16/16/16 17/17/17 15/15/15
f 18/18/18 19/19/19 20/20/20
f 21/21/21 19/19/19 22/22/22
f 21/21/21 22/22/22 23/23/23
f 22/22/22 24/24/24 23/23/23
f 25/25/25 26/26/26 27/27/27
f 28/28/28 29/29/29 30/30/30
f 31/31/31 32/32/32 28/28/28
f 33/33/33 34/34/34 35/35/35
f 36/36/36 37/37/37 38/38/38
f 38/38/38 39/39/39 40/40/40
f 40/40/40 41/41/41 42/42/42
f 40/40/40 43/43/43 44/44/44
f 45/45/45 46/46/46 44/44/44
f 43/43/43 45/45/45 47/47/47
f 48/48/48 49/49/49 43/43/43
f 50/50/50 42/42/42 49/49/49
f 42/42/42 51/51/51 49/49/49
f 49/49/49 51/51/51 52/52/52
f 53/53/53 49/49/49 52/52/52
f 52/52/52 54/54/54 53/53/53
f 55/55/55 53/53/53 54/54/54
f 55/55/55 54/54/54 56/56/56
f 57/57/57 58/58/58 59/59/59
f 60/60/60 61/61/61 62/62/62
f 60/60/60 63/63/63 64/64/64
f 65/65/65 60/60/60 64/64/64
f 64/64/64 66/66/66 65/65/65
f 67/67/67 68/68/68 69/69/69
f 67/67/67 70/70/70 71/71/71
f 72/72/72 67/67/67 71/71/71
f 71/71/71 73/73/73 72/72/72
f 74/74/74 75/75/75 76/76/76
f 77/77/77 78/78/78 79/79/79
f 78/78/78 80/80/80 81/81/81
f 81/81/81 82/82/82 83/83/83
f 84/84/84 83/83/83 82/82/82
f 85/85/85 84/84/84 82/82/82
f 86/86/86 87/87/87 88/88/88
f 89/89/89 90/90/90 91/91/91
f 92/92/92 93/93/93 94/94/94
f 95/95/95 96/96/96 97/97/97
f 96/96/96 98/98/98 99/99/99
f 100/100/100 101/101/101 98/98/98
f 102/102/102 103/103/103 104/104/104
f 105/105/105 106/106/106 107/107/107
f 105/105/105 107/107/107 108/108/108
f 109/109/109 110/110/110 111/111/111
f 109/109/109 111/111/111 112/112/112
f 113/113/113 114/114/114 115/115/115
f 113/113/113 115/115/115 116/116/116
f 117/117/117 118/118/118 119/119/119
f 117/117/117 119/119/119 120/120/120
f 121/121/121 122/122/122 123/123/123
f 121/121/121 123/123/123 124/124/124
f 125/125/125 126/126/126 127/127/127
f 125/125/125 127/127/127 128/128/128
f 129/129/129 130/130/130 131/131/131
f 129/129/129 132/132/132 130/130/130
f 133/133/133 132/132/132 129/129/129
f 133/133/133 134/134/134 132/132/132
f 135/135/135 134/134/134 133/133/133
f 135/135/135 136/136/136 134/134/134
f 137/137/137 138/138/138 139/139/139
f 137/137/137 139/139/139 140/140/140
f 141/141/141 142/142/142 143/143/143
f 141/141/141 144/144/144 142/142/142
f 145/145/145 144/144/144 141/141/141
f 145/145/145 146/146/146 144/144/144
f 147/147/147 146/146/146 145/145/145
f 147/147/147 148/148/148 146/146/146
f 149/149/149 150/150/150 151/151/151
f 151/151/151 152/152/152 149/149/149
f 152/152/152 153/153/153 149/149/149
f 152/152/152 154/154/154 153/153/153
f 154/154/154 155/155/155 153/153/153
f 154/154/154 156/156/156 155/155/155
f 157/157/157 158/158/158 159/159/159
f 159/159/159 160/160/160 157/157/157
f 160/160/160 161/161/161 157/157/157
f 160/160/160 162/162/162 161/161/161
f 162/162/162 163/163/163 161/161/161
f 162/162/162 164/164/164 163/163/163
f 165/165/165 166/166/166 167/167/167
f 165/165/165 167/167/167 168/168/168
f 169/169/169 170/170/170 171/171/171
f 169/169/169 171/171/171 172/172/172
f 173/173/173 174/174/174 175/175/175
f 175/175/175 176/176/176 173/173/173
f 175/175/175 177/177/177 176/176/176
f 177/177/177 178/178/178 176/176/176
f 177/177/177 179/179/179 178/178/178
f 179/179/179 180/180/180 178/178/178
f 181/181/181 182/182/182 183/183/183
f 183/183/183 184/184/184 181/181/181
f 184/184/184 185/185/185 181/181/181
f 184/184/184 186/186/186 185/185/185
f 187/187/187 188/188/188 189/189/189
f 187/187/187 189/189/189 190/190/190
f 191/191/191 192/192/192 193/193/193
f 191/191/191 193/193/193 194/194/194
f 195/195/195 196/196/196 197/197/197
f 195/195/195 197/197/197 198/198/198
f 199/199/199 200/200/200 201/201/201
f 199/199/199 201/201/201 202/202/202
f 203/203/203 204/204/204 205/205/205
f 203/203/203 205/205/205 206/206/206
f 207/207/207 208/208/208 209/209/209
f 207/207/207 209/209/209 210/210/210
f 211/211/211 212/212/212 213/213/213
f 211/211/211 213/213/213 214/214/214
f 215/215/215 216/216/216 217/217/217
f 215/215/215 217/217/217 218/218/218
f 219/219/219 220/220/220 221/221/221
f 219/219/219 221/221/221 222/222/222
f 223/223/223 224/224/224 225/225/225
f 223/223/223 225/225/225 226/226/226
f 227/227/227 228/228/228 229/229/229
f 227/227/227 229/229/229 230/230/230
f 231/231/231 232/232/232 233/233/233
f 231/231/231 233/233/233 234/234/234
f 235/235/235 236/236/236 237/237/237
f 235/235/235 237/237/237 238/238/238
f 239/239/239 240/240/240 241/241/241
f 239/239/239 241/241/241 242/242/242
f 243/243/243 244/244/244 245/245/245
f 243/243/243 245/245/245 246/246/246
f 247/247/247 248/248/248 249/249/249
f 247/247/247 249/249/249 250/250/250
f 251/251/251 252/252/252 253/253/253
f 251/251/251 253/253/253 254/254/254
f 255/255/255 256/256/256 257/257/257
f 255/255/255 258/258/258 256/256/256
f 259/259/259 258/258/258 255/255/255
f 259/259/259 260/260/260 258/258/258
f 261/261/261 260/260/260 259/259/259
f 261/261/261 262/262/262 260/260/260
f 263/263/263 264/264/264 265/265/265
f 263/263/263 265/265/265 266/266/266
f 267/267/267 268/268/268 269/269/269
f 267/267/267 270/270/270 268/268/268
f 271/271/271 270/270/270 267/267/267
f 271/271/271 272/272/272 270/270/270
f 273/273/273 272/272/272 271/271/271
f 273/273/273 274/274/274 272/272/272
f 275/275/275 276/276/276 277/277/277
f 277/277/277 278/278/278 275/275/275
f 278/278/278 279/279/279 275/275/275
f 279/279/279 280/280/280 275/275/275
f 280/280/280 281/281/281 275/275/275
f 282/282/282 283/283/283 284/284/284
f 284/284/284 285/285/285 282/282/282
f 285/285/285 286/286/286 282/282/282
f 285/285/285 287/287/287 286/286/286
f 287/287/287 288/288/288 286/286/286
f 287/287/287 289/289/289 288/288/288
f 290/290/290 291/291/291 292/292/292
f 290/290/290 292/292/292 293/293/293
f 290/290/290 293/293/293 294/294/294
f 290/290/290 294/294/294 295/295/295
f 295/295/295 294/294/294 296/296/296
f 295/295/295 296/296/296 297/297/297
f 297/297/297 296/296/296 298/298/298
f 297/297/297 298/298/298 299/299/299
f 299/299/299 300/300/300 301/301/301
f 299/299/299 301/301/301 302/302/302
f 303/303/303 304/304/304 305/305/305
f 303/303/303 306/306/306 304/304/304
f 303/303/303 307/307/307 306/306/306
f 303/303/303 308/308/308 307/307/307
f 308/308/308 309/309/309 307/307/307
f 308/308/308 310/310/310 309/309/309
f 310/310/310 311/311/311 309/309/309
f 310/310/310 312/312/312 311/311/311
f 312/312/312 313/313/313 314/314/314
f 312/312/312 314/314/314 315/315/315
f 316/316/316 317/317/317 318/318/318
f 318/318/318 319/319/319 316/316/316
f 318/318/318 320/320/320 319/319/319
f 321/321/321 319/319/319 320/320/320
f 320/320/320 322/322/322 321/321/321
f 323/323/323 321/321/321 322/322/322
f 323/323/323 322/322/322 324/324/324
f 325/325/325 326/326/326 327/327/327
f 327/327/327 328/328/328 325/325/325
f 328/328/328 329/329/329 325/325/325
f 328/328/328 330/330/330 329/329/329
f 331/331/331 332/332/332 333/333/333
f 331/331/331 333/333/333 334/334/334
f 335/335/335 336/336/336 337/337/337
f 335/335/335 337/337/337 338/338/338
f 339/339/339 340/340/340 341/341/341
f 339/339/339 341/341/341 342/342/342
f 343/343/343 344/344/344 345/345/345
f 343/343/343 346/346/346 344/344/344
f 347/347/347 346/346/346 343/343/343
f 347/347/347 348/348/348 346/346/346
f 349/349/349 348/348/348 347/347/347
f 349/349/349 350/350/350 348/348/348
f 351/351/351 352/352/352 353/353/353
f 353/353/353 354/354/354 351/351/351
f 354/354/354 355/355/355 351/351/351
f 356/356/356 351/351/351 355/355/355
f 356/356/356 355/355/355 357/357/357
f 358/358/358 356/356/356 357/357/357
f 359/359/359 360/360/360 361/361/361
f 359/359/359 361/361/361 362/362/362
f 363/363/363 364/364/364 365/365/365
f 363/363/363 365/365/365 366/366/366
f 367/367/367 368/368/368 369/369/369
f 369/369/369 370/370/370 367/367/367
f 370/370/370 371/371/371 367/367/367
f 372/372/372 373/373/373 374/374/374
f 372/372/372 374/374/374 375/375/375
f 376/376/376 377/377/377 378/378/378
f 376/376/376 378/378/378 379/379/379
f 380/380/380 381/381/381 382/382/382
f 382/382/382 383/383/383 380/380/380
f 383/383/383 384/384/384 380/380/380
f 385/385/385 386/386/386 387/387/387
f 385/385/385 387/387/387 388/388/388
f 389/389/389 390/390/390 391/391/391
f 389/389/389 391/391/391 392/392/392
f 393/393/393 394/394/394 395/395/395
f 393/393/393 395/395/395 396/396/396
f 397/397/397 398/398/398 399/399/399
f 397/397/397 399/399/399 400/400/400
f 401/401/401 402/402/402 403/403/403
f 401/401/401 403/403/403 404/404/404
f 405/405/405 406/406/406 407/407/407
f 405/405/405 407/407/407 408/408/408
f 409/409/409 410/410/410 411/411/411
f 409/409/409 411/411/411 412/412/412
f 413/413/413 414/414/414 415/415/415
f 413/413/413 415/415/415 416/416/416
f 417/417/417 418/418/418 419/419/419
f 417/417/417 419/419/419 420/420/420
f 421/421/421 422/422/422 423/423/423
f 421/421/421 423/423/423 424/424/424
f 425/425/425 426/426/426 427/427/427
f 425/425/425 427/427/427 428/428/428
f 429/429/429 430/430/430 431/431/431
f 431/431/431 432/432/432 429/429/429
f 433/433/433 434/434/434 435/435/435
f 433/433/433 435/435/435 436/436/436
f 437/437/437 438/438/438 439/439/439
f 437/437/437 439/439/439 440/440/440
f 441/441/441 442/442/442 443/443/443
f 443/443/443 444/444/444 441/441/441
f 443/443/443 445/445/445 444/444/444
f 446/446/446 447/447/447 448/448/448
f 448/448/448 449/449/449 446/446/446
f 450/450/450 448/448/448 447/447/447
f 448/448/448 451/451/451 449/449/449
f 450/450/450 447/447/447 452/452/452
f 449/449/449 451/451/451 453/453/453
f 453/453/453 450/450/450 454/454/454
f 452/452/452 455/455/455 450/450/450
f 454/454/454 456/456/456 453/453/453
f 453/453/453 456/456/456 449/449/449
f 456/456/456 457/457/457 449/449/449
f 455/455/455 452/452/452 458/458/458
f 457/457/457 456/456/456 459/459/459
f 459/459/459 455/455/455 460/460/460
f 460/460/460 461/461/461 459/459/459
f 459/459/459 461/461/461 457/457/457
f 461/461/461 462/462/462 457/457/457
f 458/458/458 463/463/463 455/455/455
f 462/462/462 461/461/461 464/464/464
f 463/463/463 458/458/458 465/465/465
f 465/465/465 464/464/464 463/463/463
f 465/465/465 458/458/458 466/466/466
f 465/465/465 467/467/467 464/464/464
f 464/464/464 467/467/467 462/462/462
f 466/466/466 468/468/468 465/465/465
f 467/467/467 469/469/469 462/462/462
f 466/466/466 470/470/470 468/468/468
f 470/470/470 469/469/469 468/468/468
f 469/469/469 470/470/470 462/462/462
