g Model_0
v 0.980957 1.125000 0.231448
v 0.980958 1.125000 -0.018552
v 0.980958 0.125000 -0.018552
v 0.980957 1.125000 0.231448
v 0.980958 0.125000 -0.018552
v 0.980957 0.125000 0.231448
v 1.230949 1.125001 2.120550
v 1.230957 1.125000 0.231449
v 1.230957 1.875000 0.231449
v 1.230949 1.125001 2.120550
v 1.230957 1.875000 0.231449
v 1.230949 1.875001 2.120550
v -1.230959 1.125000 0.231440
v -1.230967 1.125001 2.120542
v -1.230967 1.875001 2.120542
v -1.230959 1.125000 0.231440
v -1.230967 1.875001 2.120542
v -1.230959 1.875000 0.231440
v -1.230967 2.125001 2.120542
v -1.230968 2.125001 2.370542
v -0.980968 2.125001 2.370543
v 0.980948 2.125001 2.370549
v 1.230948 2.125001 2.370550
v 1.230949 2.125001 2.120550
v 0.980949 2.125001 2.120549
v -0.980967 2.125001 2.120543
v -0.980968 2.125001 2.370543
v -1.230967 2.125001 2.120542
v -0.980968 2.125001 2.370543
v -0.980959 2.125000 0.231439
v -1.230959 2.125000 0.231438
v 0.980957 2.125000 0.231448
v -0.980959 2.125000 0.231439
v 0.980949 2.125001 2.120549
v 1.230949 2.125001 2.120550
v 1.230957 2.125000 0.231449
v 0.980948 2.125001 2.370549
v 1.230949 2.125001 2.120550
v 0.980949 2.125001 2.120549
v 0.980949 1.125001 2.120549
v 0.980949 1.875001 2.120549
v 0.980957 1.875000 0.231448
v 0.980949 1.125001 2.120549
v 0.980957 1.875000 0.231448
v 0.980957 1.125000 0.231448
v -1.230967 -0.125000 2.120541
v -1.230968 -0.124999 2.370541
v -1.230968 0.125001 2.370542
v -1.230967 0.125000 2.120542
v -1.230959 -0.125000 0.231439
v -1.230967 1.125001 2.120542
v -1.230968 1.125001 2.370542
v -1.230959 1.125000 0.231440
v -1.230959 0.125000 0.231440
v -1.230958 -0.125000 -0.018561
v -1.230958 1.125000 -0.018560
v -1.230958 0.125000 -0.018560
v -1.230952 -0.125001 -1.309416
v -1.230953 1.125000 -1.221154
v -1.230953 0.124999 -1.309415
v -1.230951 -0.125001 -1.559416
v -1.230951 0.124999 -1.559415
v -1.230948 -0.125001 -2.370551
v -1.230948 0.124999 -2.398208
v -1.230949 0.956308 -2.370550
v -1.230952 0.999999 -1.559415
v -1.230954 1.875000 -1.059415
v -1.230955 1.875000 -0.809415
v -1.230955 2.125000 -0.897182
v -1.230956 2.125000 -0.647182
v -1.230958 2.125000 -0.018560
v -1.230958 1.875000 -0.018560
v 0.980948 -0.124999 2.370550
v 1.230948 -0.124999 2.370551
v 1.230948 0.125001 2.370550
v 0.980948 0.125001 2.370549
v -0.980968 -0.124999 2.370542
v 0.980948 1.125001 2.370549
v 1.230948 1.125001 2.370550
v -0.980968 1.125001 2.370543
v -0.980968 0.125001 2.370543
v -1.230968 -0.124999 2.370541
v -1.230968 1.125001 2.370542
v -1.230968 0.125001 2.370542
v 1.230965 -0.125000 -1.559406
v 1.230968 -0.125001 -2.370542
v 1.230968 0.124999 -2.398199
v 1.230965 0.125000 -1.559406
v 1.230964 -0.125000 -1.309406
v 1.230965 1.000000 -1.559406
v 1.230968 0.956309 -2.370541
v 1.230964 0.125000 -1.309406
v 1.230958 -0.125000 -0.018551
v 1.230963 1.125000 -1.221145
v 1.230961 1.875000 -0.809406
v 1.230958 1.125000 -0.018551
v 1.230962 1.875000 -1.059406
v 1.230958 0.125000 -0.018551
v 1.230957 -0.125000 0.231449
v 1.230957 1.125000 0.231449
v 1.230961 2.125000 -0.647173
v 1.230962 2.125000 -0.897173
v 1.230958 1.875000 -0.018551
v 1.230958 2.125000 -0.018551
v 1.230957 0.125000 0.231449
v 1.230949 -0.124999 2.120551
v 1.230949 1.125001 2.120550
v 1.230949 0.125001 2.120550
v 1.230948 -0.124999 2.370551
v 1.230948 1.125001 2.370550
v 1.230948 0.125001 2.370550
v 0.980968 -0.125001 -2.370543
v 1.230968 -0.125001 -2.370542
v 1.230965 -0.125000 -1.559406
v 0.980965 -0.125000 -1.559407
v -0.980948 -0.125001 -2.370550
v 1.230964 -0.125000 -1.309406
v -0.980951 -0.125001 -1.559415
v -1.230948 -0.125001 -2.370551
v -1.230951 -0.125001 -1.559416
v 0.980964 -0.125000 -1.309407
v 1.230958 -0.125000 -0.018551
v -0.980952 -0.125001 -1.309415
v -1.230952 -0.125001 -1.309416
v 0.980958 -0.125000 -0.018552
v 1.230957 -0.125000 0.231449
v -0.980958 -0.125000 -0.018560
v -1.230958 -0.125000 -0.018561
v 0.980957 -0.125000 0.231448
v 1.230949 -0.124999 2.120551
v -0.980959 -0.125000 0.231440
v -1.230959 -0.125000 0.231439
v 0.980949 -0.124999 2.120550
v 1.230948 -0.124999 2.370551
v 0.980948 -0.124999 2.370550
v -0.980967 -0.124999 2.120542
v -1.230967 -0.125000 2.120541
v -0.980968 -0.124999 2.370542
v -1.230968 -0.124999 2.370541
v -0.980953 0.125000 -1.209414
v -0.980958 1.125000 -0.018559
v -0.980958 0.125000 -0.018559
v -0.980953 1.125000 -1.221153
v -0.980952 0.124999 -1.459414
v -0.980952 1.124999 -1.559414
v -1.230948 0.124999 -2.398208
v -1.230949 0.956308 -2.370550
v -0.980949 1.081309 -2.370549
v -0.980948 0.124999 -2.398207
v 0.980968 1.081309 -2.370542
v -0.980948 -0.125001 -2.370550
v -1.230948 -0.125001 -2.370551
v 0.980968 -0.125001 -2.370543
v 0.980968 0.124999 -2.398200
v 1.230968 0.956309 -2.370541
v 1.230968 -0.125001 -2.370542
v 1.230968 0.124999 -2.398199
v 0.980950 0.125001 2.020549
v 0.980949 1.125001 2.120549
v 0.980957 1.125000 0.231448
v 0.980957 0.125000 0.231448
v -0.980966 0.125000 2.020543
v -0.980967 1.125001 2.120543
v 0.980949 1.125001 2.120549
v 0.980950 0.125001 2.020549
v -0.980959 0.125000 0.231441
v -0.980966 0.125000 2.020543
v 0.980950 0.125001 2.020549
v 0.980957 0.125000 0.231448
v -0.980953 0.125000 -1.209414
v -0.980958 0.125000 -0.018559
v 0.980958 0.125000 -0.018552
v 0.980963 0.125000 -1.209407
v -0.980952 0.124999 -1.459414
v 0.980964 0.125000 -1.459407
v 1.230958 1.125000 -0.018551
v 1.230957 1.875000 0.231449
v 1.230957 1.125000 0.231449
v 1.230958 1.875000 -0.018551
v 1.230957 2.125000 0.231449
v 1.230958 2.125000 -0.018551
v 0.980968 1.081309 -2.370542
v 1.230965 1.000000 -1.559406
v 1.230968 0.956309 -2.370541
v 0.980965 1.125000 -1.559407
v -0.980949 1.081309 -2.370549
v -0.980952 1.124999 -1.559414
v -1.230949 0.956308 -2.370550
v -1.230952 0.999999 -1.559415
v -0.980967 1.125001 2.120543
v -0.980968 1.125001 2.370543
v 0.980948 1.125001 2.370549
v 0.980949 1.125001 2.120549
v 1.230949 1.125001 2.120550
v 1.230948 1.875001 2.370550
v 1.230948 1.125001 2.370550
v 1.230949 1.875001 2.120550
v 1.230948 2.125001 2.370550
v 1.230949 2.125001 2.120550
v -0.980968 1.125001 2.370543
v -1.230968 1.875001 2.370542
v -1.230968 1.125001 2.370542
v -0.980968 1.875001 2.370543
v -1.230968 2.125001 2.370542
v -0.980968 2.125001 2.370543
v 0.980963 1.125000 -1.221146
v 0.980958 1.125000 -0.018552
v 1.230958 1.125000 -0.018551
v 1.230963 1.125000 -1.221145
v -1.230953 1.125000 -1.221154
v -1.230958 1.125000 -0.018560
v -0.980958 1.125000 -0.018559
v -0.980953 1.125000 -1.221153
v 0.980963 0.125000 -1.209407
v 0.980965 1.125000 -1.559407
v 0.980964 0.125000 -1.459407
v 0.980963 1.125000 -1.221146
v 0.980958 0.125000 -0.018552
v 0.980958 1.125000 -0.018552
v -0.980959 0.125000 0.231441
v -0.980959 1.125000 0.231441
v -0.980967 1.125001 2.120543
v -0.980966 0.125000 2.020543
v 0.980964 0.125000 -1.459407
v 0.980965 1.125000 -1.559407
v -0.980952 1.124999 -1.559414
v -0.980952 0.124999 -1.459414
v -0.980953 1.125000 -1.221153
v -0.980955 1.875000 -0.809414
v -1.230955 1.875000 -0.809415
v -1.230953 1.125000 -1.221154
v -1.230954 1.875000 -1.059415
v -1.230955 2.125000 -0.897182
v -0.980955 2.125000 -0.897181
v -0.980954 1.875000 -1.059414
v -1.230952 0.999999 -1.559415
v -0.980952 1.124999 -1.559414
v 0.980962 2.125000 -0.897174
v 0.980962 1.875000 -1.059407
v 1.230962 2.125000 -0.897173
v 1.230962 1.875000 -1.059406
v 0.980965 1.125000 -1.559407
v 1.230965 1.000000 -1.559406
v -1.230959 1.875000 0.231440
v -1.230959 2.125000 0.231438
v -1.230958 2.125000 -0.018560
v -1.230958 1.875000 -0.018560
v -1.230959 1.125000 0.231440
v -1.230958 1.125000 -0.018560
v -0.980952 1.124999 -1.559414
v -0.980954 1.875000 -1.059414
v -0.980955 1.875000 -0.809414
v -0.980953 1.125000 -1.221153
v -1.230958 1.125000 -0.018560
v -1.230958 1.875000 -0.018560
v -0.980958 1.875000 -0.018559
v -0.980958 1.125000 -0.018559
v 1.230963 1.125000 -1.221145
v 1.230961 1.875000 -0.809406
v 0.980961 1.875000 -0.809407
v 0.980963 1.125000 -1.221146
v -0.980959 1.125000 0.231441
v -0.980958 1.125000 -0.018559
v -0.980958 1.875000 -0.018559
v -0.980959 1.875000 0.231441
v 0.980963 1.125000 -1.221146
v 0.980961 1.875000 -0.809407
v 0.980962 1.875000 -1.059407
v 0.980965 1.125000 -1.559407
v 0.980958 1.125000 -0.018552
v 0.980958 1.875000 -0.018552
v 1.230958 1.875000 -0.018551
v 1.230958 1.125000 -0.018551
v 0.980958 2.125000 -0.018552
v 1.230957 2.125000 0.231449
v 1.230958 2.125000 -0.018551
v 0.980957 2.125000 0.231448
v -0.980959 2.125000 0.231439
v -0.980958 2.125000 -0.018559
v -1.230958 2.125000 -0.018560
v -1.230959 2.125000 0.231438
v 0.980962 2.125000 -0.897174
v 1.230961 2.125000 -0.647173
v 1.230962 2.125000 -0.897173
v 0.980960 2.125000 -0.647174
v 0.980958 2.125000 -0.018552
v 1.230958 2.125000 -0.018551
v -0.980956 2.125000 -0.647181
v -0.980955 2.125000 -0.897181
v -1.230955 2.125000 -0.897182
v -1.230956 2.125000 -0.647182
v -1.230958 2.125000 -0.018560
v -0.980958 2.125000 -0.018559
v -1.230958 1.875000 -0.018560
v -1.230955 1.875000 -0.809415
v -0.980955 1.875000 -0.809414
v -0.980958 1.875000 -0.018559
v 0.980962 1.875000 -1.059407
v 0.980961 1.875000 -0.809407
v -0.980955 1.875000 -0.809414
v -0.980954 1.875000 -1.059414
v 0.980958 1.875000 -0.018552
v 0.980961 1.875000 -0.809407
v 1.230961 1.875000 -0.809406
v 1.230958 1.875000 -0.018551
v -0.980958 0.125000 -0.018559
v -0.980959 0.125000 0.231441
v 0.980957 0.125000 0.231448
v 0.980958 0.125000 -0.018552
v 0.980948 1.125001 2.370549
v 0.980948 1.875001 2.370549
v 0.980949 1.875001 2.120549
v 0.980949 1.125001 2.120549
v -0.980967 1.125001 2.120543
v -0.980967 1.875001 2.120543
v -0.980968 1.875001 2.370543
v -0.980968 1.125001 2.370543
v -0.980958 1.875000 -0.018559
v -0.980955 1.875000 -0.809414
v 0.980961 1.875000 -0.809407
v 0.980958 1.875000 -0.018552
v 0.980957 1.875000 0.231448
v -0.980959 1.875000 0.231441
v 0.980960 2.125000 -0.647174
v -0.980956 2.125000 -0.647181
v -0.980958 2.125000 -0.018559
v 0.980958 2.125000 -0.018552
v -0.980959 0.125000 0.231441
v -0.980958 0.125000 -0.018559
v -0.980958 1.125000 -0.018559
v -0.980959 1.125000 0.231441
v 0.980957 1.875000 0.231448
v 0.980958 1.875000 -0.018552
v 0.980958 1.125000 -0.018552
v 0.980957 1.125000 0.231448
v 1.230948 1.125001 2.370550
v 0.980948 1.875001 2.370549
v 0.980948 1.125001 2.370549
v 1.230948 1.875001 2.370550
v 0.980948 2.125001 2.370549
v 1.230948 2.125001 2.370550
v -1.230968 1.125001 2.370542
v -1.230967 1.875001 2.120542
v -1.230967 1.125001 2.120542
v -1.230968 1.875001 2.370542
v -1.230967 2.125001 2.120542
v -1.230968 2.125001 2.370542
v -0.980959 1.875000 0.231441
v 0.980957 1.875000 0.231448
v 0.980949 1.875001 2.120549
v -0.980967 1.875001 2.120543
v 0.980948 1.875001 2.370549
v -0.980968 1.875001 2.370543
v -0.980967 1.875001 2.120543
v 0.980949 1.875001 2.120549
v -1.230967 2.125001 2.120542
v -1.230959 2.125000 0.231438
v -1.230959 1.875000 0.231440
v -1.230967 1.875001 2.120542
v 1.230957 1.875000 0.231449
v 1.230957 2.125000 0.231449
v 1.230949 2.125001 2.120550
v 1.230949 1.875001 2.120550
v -0.980968 1.875001 2.370543
v 0.980948 1.875001 2.370549
v 0.980948 2.125001 2.370549
v -0.980968 2.125001 2.370543
v -0.980967 1.125001 2.120543
v -0.980959 1.125000 0.231441
v -0.980959 1.875000 0.231441
v -0.980967 1.875001 2.120543
v -0.694982 -0.076025 2.593243
v -0.694982 -0.273431 2.593243
v -0.694974 -0.106347 0.593243
v -0.694974 0.091060 0.593243
v -0.892380 0.091060 0.593242
v -0.892380 -0.106347 0.593242
v -0.892389 -0.273432 2.593242
v -0.892389 -0.076025 2.593242
v -0.892389 -0.076025 2.593242
v -0.892389 -0.273432 2.593242
v -0.694982 -0.273431 2.593243
v -0.694982 -0.076025 2.593243
v -0.694982 -0.273431 2.593243
v -0.892389 -0.273432 2.593242
v -0.892380 -0.106347 0.593242
v -0.694974 -0.106347 0.593243
v -0.892389 -0.076025 2.593242
v -0.694982 -0.076025 2.593243
v -0.694974 0.091060 0.593243
v -0.892380 0.091060 0.593242
v 1.260811 0.100803 -2.102122
v 1.260811 -0.158647 -2.102122
v 1.260812 -0.158647 -2.450180
v 1.260812 0.100803 -2.450180
v -0.531249 0.100803 -2.517115
v -1.261050 -0.158647 -2.450191
v -1.261050 0.100803 -2.450191
v -0.531249 -0.158647 -2.517115
v 0.516266 0.100803 -2.517110
v 0.516267 -0.158647 -2.517110
v 1.260812 0.100803 -2.450180
v 1.260812 -0.158647 -2.450180
v -1.261050 0.100803 -2.450191
v -1.261050 -0.158647 -2.450191
v -1.261051 -0.158647 -2.102133
v -1.261051 0.100803 -2.102133
v 0.516265 0.100803 -2.169053
v 1.260811 -0.158647 -2.102122
v 1.260811 0.100803 -2.102122
v 0.516265 -0.158647 -2.169053
v -0.531251 0.100803 -2.169057
v -0.531251 -0.158647 -2.169057
v -1.261051 0.100803 -2.102133
v -1.261051 -0.158647 -2.102133
v -0.531251 -0.158647 -2.169057
v -1.261051 -0.158647 -2.102133
v -1.261050 -0.158647 -2.450191
v -0.531249 -0.158647 -2.517115
v 0.516265 -0.158647 -2.169053
v 0.516267 -0.158647 -2.517110
v 1.260811 -0.158647 -2.102122
v 1.260812 -0.158647 -2.450180
v 0.516265 0.100803 -2.169053
v 1.260811 0.100803 -2.102122
v 1.260812 0.100803 -2.450180
v 0.516266 0.100803 -2.517110
v -0.531251 0.100803 -2.169057
v -0.531249 0.100803 -2.517115
v -1.261051 0.100803 -2.102133
v -1.261050 0.100803 -2.450191
v 0.716384 1.008923 -2.274179
v 0.716384 0.198824 -2.274179
v 0.716385 0.198824 -2.445077
v 0.716385 1.008923 -2.445077
v -0.716364 1.008923 -2.445083
v -0.716363 0.198824 -2.445083
v -0.716364 0.198824 -2.274185
v -0.716364 1.008923 -2.274186
v -0.358177 0.198824 -2.274184
v -0.716364 0.198824 -2.274185
v -0.716363 0.198824 -2.445083
v -0.358176 0.198824 -2.445081
v 0.000010 0.198824 -2.274182
v 0.000011 0.198824 -2.445080
v 0.358197 0.198824 -2.274181
v 0.358198 0.198824 -2.445078
v 0.716384 0.198824 -2.274179
v 0.716385 0.198824 -2.445077
v 0.358197 1.008923 -2.274181
v 0.716384 1.008923 -2.274179
v 0.716385 1.008923 -2.445077
v 0.358198 1.008923 -2.445078
v 0.000010 1.008923 -2.274182
v 0.000011 1.008923 -2.445080
v -0.358177 1.008923 -2.274184
v -0.358177 1.008923 -2.445081
v -0.716364 1.008923 -2.274186
v -0.716364 1.008923 -2.445083
v 0.626838 0.289730 -2.445077
v 0.626837 0.289730 -2.274180
v 0.626837 0.918017 -2.274180
v 0.626838 0.918017 -2.445077
v -0.626817 0.289730 -2.445082
v -0.626817 0.289730 -2.274185
v -0.447724 0.289730 -2.274184
v -0.447723 0.289730 -2.445082
v 0.626838 0.918017 -2.445077
v 0.626837 0.918017 -2.274180
v 0.447744 0.918017 -2.274180
v 0.447744 0.918017 -2.445078
v 0.089557 0.289730 -2.445079
v 0.089557 0.289730 -2.274182
v 0.268650 0.289730 -2.274181
v 0.268651 0.289730 -2.445079
v -0.447723 0.918017 -2.445082
v -0.447724 0.918017 -2.274184
v -0.626818 0.918017 -2.274185
v -0.626817 0.918017 -2.445083
v -0.268630 0.918017 -2.445081
v -0.268630 0.918017 -2.274184
v -0.268630 0.289730 -2.274183
v -0.268630 0.289730 -2.445081
v -0.268630 0.289730 -2.445081
v -0.268630 0.289730 -2.274183
v -0.089537 0.289730 -2.274183
v -0.089536 0.289730 -2.445080
v 0.268651 0.289730 -2.445079
v 0.268650 0.289730 -2.274181
v 0.268650 0.918017 -2.274181
v 0.268651 0.918017 -2.445079
v 0.268651 0.918017 -2.445079
v 0.268650 0.918017 -2.274181
v 0.089557 0.918017 -2.274182
v 0.089557 0.918017 -2.445079
v 0.447744 0.918017 -2.445078
v 0.447744 0.918017 -2.274180
v 0.447744 0.289730 -2.274180
v 0.447744 0.289730 -2.445078
v -0.447723 0.289730 -2.445082
v -0.447724 0.289730 -2.274184
v -0.447724 0.918017 -2.274184
v -0.447723 0.918017 -2.445082
v 0.447744 0.289730 -2.445078
v 0.447744 0.289730 -2.274180
v 0.626837 0.289730 -2.274180
v 0.626838 0.289730 -2.445077
v -0.626817 0.918017 -2.445083
v -0.626818 0.918017 -2.274185
v -0.626817 0.289730 -2.274185
v -0.626817 0.289730 -2.445082
v -0.089536 0.289730 -2.445080
v -0.089537 0.289730 -2.274183
v -0.089537 0.918017 -2.274183
v -0.089536 0.918017 -2.445080
v -0.089536 0.918017 -2.445080
v -0.089537 0.918017 -2.274183
v -0.268630 0.918017 -2.274184
v -0.268630 0.918017 -2.445081
v 0.089557 0.918017 -2.445079
v 0.089557 0.918017 -2.274182
v 0.089557 0.289730 -2.274182
v 0.089557 0.289730 -2.445079
v -1.260814 0.100804 2.102120
v -1.260814 -0.158646 2.102121
v -1.260816 -0.158646 2.450178
v -1.260816 0.100804 2.450178
v 0.531246 0.100804 2.517116
v 1.261046 -0.158646 2.450193
v 1.261046 0.100804 2.450193
v 0.531246 -0.158646 2.517116
v -0.516270 0.100804 2.517110
v -0.516270 -0.158646 2.517110
v -1.260816 0.100804 2.450178
v -1.260816 -0.158646 2.450178
v 1.261046 0.100804 2.450193
v 1.261046 -0.158646 2.450193
v 1.261048 -0.158646 2.102135
v 1.261048 0.100804 2.102135
v -0.516268 0.100804 2.169052
v -1.260814 -0.158646 2.102121
v -1.260814 0.100804 2.102120
v -0.516268 -0.158646 2.169052
v 0.531248 0.100804 2.169058
v 0.531248 -0.158646 2.169058
v 1.261048 0.100804 2.102135
v 1.261048 -0.158646 2.102135
v 0.531248 -0.158646 2.169058
v 1.261048 -0.158646 2.102135
v 1.261046 -0.158646 2.450193
v 0.531246 -0.158646 2.517116
v -0.516268 -0.158646 2.169052
v -0.516270 -0.158646 2.517110
v -1.260814 -0.158646 2.102121
v -1.260816 -0.158646 2.450178
v -0.516268 0.100804 2.169052
v -1.260814 0.100804 2.102120
v -1.260816 0.100804 2.450178
v -0.516270 0.100804 2.517110
v 0.531248 0.100804 2.169058
v 0.531246 0.100804 2.517116
v 1.261048 0.100804 2.102135
v 1.261046 0.100804 2.450193
v 0.358198 0.198824 -2.445078
v 0.626838 0.289730 -2.445077
v 0.716385 0.198824 -2.445077
v 0.626838 0.918017 -2.445077
v 0.716385 1.008923 -2.445077
v 0.447744 0.918017 -2.445078
v 0.358198 1.008923 -2.445078
v 0.447744 0.289730 -2.445078
v 0.268651 0.918017 -2.445079
v 0.268651 0.289730 -2.445079
v 0.089557 0.918017 -2.445079
v 0.000011 0.198824 -2.445080
v 0.000011 1.008923 -2.445080
v 0.089557 0.289730 -2.445079
v -0.089536 0.918017 -2.445080
v -0.089536 0.289730 -2.445080
v -0.268630 0.918017 -2.445081
v -0.358176 0.198824 -2.445081
v -0.358177 1.008923 -2.445081
v -0.268630 0.289730 -2.445081
v -0.447723 0.918017 -2.445082
v -0.447723 0.289730 -2.445082
v -0.626817 0.918017 -2.445083
v -0.716363 0.198824 -2.445083
v -0.716364 1.008923 -2.445083
v -0.626817 0.289730 -2.445082
vt 0.375689209 0.721166492
vt 0.401991755 0.724921465
vt 0.412825018 0.733992159
vt 0.375689209 0.721166492
vt 0.412825018 0.733992159
vt 0.401192278 0.725110531
vt 0.117478102 0.73314029
vt 0.117478102 0.73314029
vt 0.150023922 0.661437988
vt 0.117478102 0.73314029
vt 0.150023922 0.661437988
vt 0.101310611 0.636026382
vt 0.153964862 0.663535357
vt 0.120433807 0.736842394
vt 0.120433807 0.738447189
vt 0.153964862 0.663535357
vt 0.120433807 0.738447189
vt 0.101310611 0.636026382
vt 0.101310611 0.636026382
vt 0.120433807 0.738447189
vt 0.12009567 0.741818726
vt 0.12009567 0.739068866
vt 0.12009567 0.739068866
vt 0.117478102 0.732829452
vt 0.12009567 0.739068866
vt 0.101310611 0.636026382
vt 0.101310611 0.636026382
vt 0.101310611 0.636026382
vt 0.12009567 0.741818726
vt 0.101310611 0.636026382
vt 0.148053452 0.667207837
vt 0.101310611 0.636026382
vt 0.145476177 0.667159438
vt 0.101310611 0.636026382
vt 0.101310611 0.636026382
vt 0.145147771 0.667159438
vt 0.12009567 0.739068866
vt 0.117478102 0.732829452
vt 0.101310611 0.636026382
vt 0.124034882 0.741197109
vt 0.101310611 0.636026382
vt 0.115081966 0.72630024
vt 0.124034882 0.741197109
vt 0.115081966 0.72630024
vt 0.156554848 0.732780814
vt 0.13062951 0.765349805
vt 0.13062951 0.7676723
vt 0.133083597 0.7676723
vt 0.133083597 0.765349865
vt 0.13062951 0.753357828
vt 0.14289996 0.765349865
vt 0.14289996 0.7676723
vt 0.14289996 0.753357828
vt 0.133083597 0.753357828
vt 0.13062951 0.751035333
vt 0.14289996 0.751035333
vt 0.133083597 0.751035333
vt 0.13062951 0.739043355
vt 0.14289996 0.739863276
vt 0.133083597 0.739043355
vt 0.13062951 0.7367208
vt 0.133083597 0.73672086
vt 0.13062951 0.723627746
vt 0.133083597 0.72337079
vt 0.141244024 0.723627746
vt 0.141672909 0.73672086
vt 0.150262237 0.74136585
vt 0.150262237 0.743688345
vt 0.152716324 0.742872953
vt 0.152716324 0.745195448
vt 0.152716324 0.750674129
vt 0.150262237 0.751035333
vt 0.152630776 0.769994855
vt 0.152630776 0.7676723
vt 0.150179252 0.76767236
vt 0.150179252 0.769994855
vt 0.152630746 0.788220942
vt 0.14037317 0.769995093
vt 0.14037317 0.767672658
vt 0.14037317 0.78822124
vt 0.150179252 0.788221002
vt 0.152630746 0.790543437
vt 0.14037317 0.790543735
vt 0.150179252 0.790543497
vt 0.108542681 0.75432229
vt 0.108542681 0.767415345
vt 0.110996783 0.7676723
vt 0.110996783 0.75432229
vt 0.108542681 0.751999795
vt 0.119586095 0.75432229
vt 0.119157217 0.767415345
vt 0.110996783 0.751999795
vt 0.108542681 0.740007758
vt 0.120813146 0.751179814
vt 0.128175423 0.747354746
vt 0.120813146 0.740007758
vt 0.128175423 0.7496773
vt 0.110996783 0.740007758
vt 0.108542681 0.737685263
vt 0.120813146 0.737685263
vt 0.13062951 0.745847642
vt 0.13062951 0.748170137
vt 0.128175423 0.740007758
vt 0.13062951 0.740007758
vt 0.110996783 0.737685263
vt 0.108542681 0.725693285
vt 0.120813146 0.725693285
vt 0.110996783 0.725693285
vt 0.108542681 0.72337079
vt 0.120813146 0.72337079
vt 0.110996783 0.72337079
vt 0.0868296921 0.72337079
vt 0.084375605 0.72337079
vt 0.084375605 0.736463904
vt 0.086829707 0.736463904
vt 0.106088586 0.72337079
vt 0.084375605 0.738786399
vt 0.106088586 0.736463904
vt 0.108542666 0.72337079
vt 0.108542666 0.736463904
vt 0.086829707 0.738786399
vt 0.084375605 0.750778437
vt 0.106088586 0.738786399
vt 0.108542681 0.738786399
vt 0.086829707 0.750778437
vt 0.084375605 0.753100872
vt 0.106088586 0.750778437
vt 0.108542681 0.750778437
vt 0.086829707 0.753100872
vt 0.084375605 0.765092909
vt 0.106088594 0.753100872
vt 0.108542681 0.753100872
vt 0.086829707 0.765092909
vt 0.0843756199 0.767415345
vt 0.086829707 0.767415345
vt 0.106088594 0.765092909
vt 0.108542681 0.765092909
vt 0.106088594 0.767415345
vt 0.108542681 0.767415345
vt 0.402916074 0.776049376
vt 0.412732422 0.764986336
vt 0.402916044 0.764986336
vt 0.412732422 0.776158392
vt 0.402916044 0.778371811
vt 0.412732422 0.779300809
vt 0.0992038175 0.813795805
vt 0.107326746 0.813796341
vt 0.108542666 0.811473906
vt 0.0992038175 0.81147331
vt 0.108542666 0.793247759
vt 0.0968084633 0.811472952
vt 0.0968084633 0.813795447
vt 0.0968084484 0.793246865
vt 0.0992038175 0.793247163
vt 0.107326746 0.790925145
vt 0.0968084633 0.79092437
vt 0.0992038175 0.790924728
vt 0.403001606 0.734070241
vt 0.412817985 0.734999299
vt 0.412817985 0.723007262
vt 0.403001606 0.723007262
vt 0.358827978 0.795668781
vt 0.368687242 0.79566896
vt 0.368687212 0.777442873
vt 0.358827978 0.777442634
vt 0.565092504 0.829736829
vt 0.565092504 0.818673849
vt 0.545833588 0.818673909
vt 0.545833588 0.829736829
vt 0.565092504 0.843122184
vt 0.565092504 0.832059264
vt 0.545833588 0.832059264
vt 0.545833588 0.843122244
vt 0.565092504 0.845444679
vt 0.545833588 0.845444679
vt 0.102396101 0.679561079
vt 0.109758377 0.677238584
vt 0.102396101 0.677238584
vt 0.109758377 0.679561079
vt 0.112212449 0.677238584
vt 0.112212449 0.679561079
vt 0.144465983 0.81109339
vt 0.13063398 0.813415885
vt 0.144470453 0.813415885
vt 0.13062951 0.81109339
vt 0.144465983 0.792867303
vt 0.13062951 0.792867303
vt 0.144470453 0.790544748
vt 0.13063398 0.790544748
vt 0.169809401 0.804124594
vt 0.172263488 0.804124594
vt 0.172263488 0.785898447
vt 0.169809401 0.785898447
vt 0.120813146 0.725693285
vt 0.120813146 0.72337079
vt 0.120813146 0.72337079
vt 0.120813146 0.725693285
vt 0.120813146 0.72337079
vt 0.120813146 0.725693285
vt 0.14037317 0.78822124
vt 0.14037317 0.790543735
vt 0.14037317 0.790543735
vt 0.14037317 0.78822124
vt 0.14037317 0.790543735
vt 0.14037317 0.78822124
vt 0.167355314 0.796301305
vt 0.167355314 0.807473302
vt 0.169809401 0.807473302
vt 0.169809401 0.796301305
vt 0.172349066 0.752769113
vt 0.172349066 0.741597116
vt 0.169894978 0.741597116
vt 0.169894949 0.752769113
vt 0.403001606 0.709621787
vt 0.412817985 0.706370294
vt 0.403001606 0.707299292
vt 0.412817985 0.709512711
vt 0.403001606 0.720684767
vt 0.412817985 0.720684767
vt 0.402916044 0.762663841
vt 0.412732422 0.762663841
vt 0.412732422 0.750671804
vt 0.402916044 0.751600862
vt 0.378448367 0.777442634
vt 0.368687242 0.777443469
vt 0.368687242 0.795669615
vt 0.378448367 0.795668781
vt 0.174717575 0.800169706
vt 0.174717575 0.793034434
vt 0.172263488 0.79303509
vt 0.172263488 0.800170422
vt 0.0870214105 0.790926456
vt 0.084375605 0.790927231
vt 0.084375605 0.793249667
vt 0.0870214105 0.793249011
vt 0.0961922556 0.79092437
vt 0.0949763283 0.793246746
vt 0.084375605 0.811475873
vt 0.0870214105 0.811475098
vt 0.084375605 0.813798308
vt 0.0870214105 0.813797593
vt 0.0949763283 0.811472893
vt 0.0961922556 0.813795447
vt 0.131845206 0.692911148
vt 0.134299278 0.692549944
vt 0.134299278 0.690227449
vt 0.131845206 0.690588653
vt 0.1244829 0.692911148
vt 0.1244829 0.690588653
vt 0.16244714 0.796301305
vt 0.169809401 0.791656375
vt 0.169809401 0.78933382
vt 0.16244714 0.793158889
vt 0.153929442 0.66292429
vt 0.153929442 0.669828594
vt 0.156383514 0.669828415
vt 0.156383514 0.662924111
vt 0.174717575 0.793033719
vt 0.174717575 0.785898447
vt 0.172263488 0.785899103
vt 0.172263488 0.793034434
vt 0.150073469 0.674580157
vt 0.150073498 0.670232117
vt 0.137029439 0.670232117
vt 0.137029439 0.674580097
vt 0.162532687 0.726513207
vt 0.169894949 0.730338216
vt 0.169894978 0.72801578
vt 0.162532687 0.72337079
vt 0.156300515 0.725451589
vt 0.156300515 0.718547285
vt 0.153846443 0.718547463
vt 0.153846443 0.725451767
vt 0.0684126318 0.722315371
vt 0.0659585595 0.719992876
vt 0.0659585595 0.722315371
vt 0.0684126318 0.719992876
vt 0.0876715481 0.72035414
vt 0.0876715481 0.722676575
vt 0.0901256204 0.722676575
vt 0.0901256204 0.72035414
vt 0.0868296921 0.79092437
vt 0.084375605 0.788601875
vt 0.084375605 0.79092437
vt 0.0868296921 0.788601875
vt 0.0868296921 0.782762051
vt 0.084375605 0.782762051
vt 0.106088586 0.788601875
vt 0.106088586 0.79092437
vt 0.108542666 0.79092437
vt 0.108542666 0.788601875
vt 0.108542666 0.783123255
vt 0.106088586 0.783123255
vt 0.164901227 0.803648353
vt 0.164901227 0.796301305
vt 0.16244714 0.796301305
vt 0.16244714 0.803648353
vt 0.128175408 0.804125428
vt 0.13062951 0.804125428
vt 0.13062951 0.785899282
vt 0.128175423 0.785899282
vt 0.159993023 0.796301305
vt 0.159993023 0.803648353
vt 0.16244714 0.803648353
vt 0.16244714 0.796301305
vt 0.6575948 0.73590821
vt 0.67080307 0.741181731
vt 0.62477988 0.673604965
vt 0.669234514 0.741370857
vt 0.172263488 0.785898447
vt 0.172263488 0.785898447
vt 0.169809401 0.785898447
vt 0.169809401 0.785898447
vt 0.169809401 0.804124594
vt 0.169809401 0.804124594
vt 0.172263488 0.804124594
vt 0.172263488 0.804124594
vt 0.137029439 0.670232117
vt 0.137029469 0.656477571
vt 0.102907844 0.656477511
vt 0.102907844 0.670231998
vt 0.102907859 0.674580038
vt 0.137029439 0.674580097
vt 0.0898638293 0.685525358
vt 0.123985447 0.685525298
vt 0.123985447 0.674592316
vt 0.0898638293 0.674592376
vt 0.368370354 0.666226268
vt 0.401185304 0.728529513
vt 0.380592883 0.72081238
vt 0.401984781 0.728340387
vt 0.102907859 0.674580038
vt 0.102907844 0.670231998
vt 0.0898638293 0.670232117
vt 0.0898638591 0.674580157
vt 0.14037317 0.767672658
vt 0.14037317 0.769995093
vt 0.14037317 0.769995093
vt 0.14037317 0.767672658
vt 0.14037317 0.769995093
vt 0.14037317 0.767672658
vt 0.14289996 0.7676723
vt 0.14289996 0.765349865
vt 0.14289996 0.765349865
vt 0.14289996 0.7676723
vt 0.14289996 0.765349865
vt 0.14289996 0.7676723
vt 0.101310611 0.636026382
vt 0.119648203 0.72630024
vt 0.101310611 0.636026382
vt 0.124034882 0.741197109
vt 0.101310611 0.636026382
vt 0.124363303 0.743636131
vt 0.101310611 0.636026382
vt 0.124034882 0.741197109
vt 0.120433807 0.738447189
vt 0.101310611 0.636026382
vt 0.114501745 0.727766573
vt 0.101310611 0.636026382
vt 0.101310611 0.636026382
vt 0.151009157 0.661437988
vt 0.101310611 0.636026382
vt 0.117478102 0.73314029
vt 0.12009567 0.741507888
vt 0.101310611 0.636026382
vt 0.12009567 0.739068866
vt 0.101310611 0.636026382
vt 0.124034882 0.743636131
vt 0.156543404 0.736482978
vt 0.121393785 0.72630024
vt 0.101310611 0.636026382
vt 0.902443171 0.224117547
vt 0.88990134 0.223607123
vt 0.88990134 0.28593722
vt 0.902443171 0.286447644
vt 0.88990134 0.223607123
vt 0.87735945 0.224117547
vt 0.87735945 0.286447644
vt 0.88990134 0.28593722
vt 0.927614391 0.223607123
vt 0.927614391 0.229737967
vt 0.940199912 0.229737967
vt 0.940199912 0.223607123
vt 0.915028751 0.223607123
vt 0.902443171 0.223607123
vt 0.902443171 0.28593719
vt 0.915028751 0.28593719
vt 0.927614391 0.223607123
vt 0.915028751 0.223607123
vt 0.915028751 0.28593719
vt 0.927614391 0.28593719
vt 0.658940673 0.242350191
vt 0.677850544 0.242350191
vt 0.677850544 0.226171732
vt 0.658940673 0.226171732
vt 0.62112087 0.243917823
vt 0.640030742 0.209993273
vt 0.62112087 0.209993273
vt 0.640030742 0.243917823
vt 0.62112093 0.292608589
vt 0.640030742 0.292608589
vt 0.62112087 0.327214807
vt 0.640030742 0.327214807
vt 0.677850544 0.209993273
vt 0.658940673 0.209993273
vt 0.658940673 0.226171732
vt 0.677850544 0.226171732
vt 0.658940613 0.292608589
vt 0.640030742 0.327214867
vt 0.658940673 0.327214807
vt 0.640030742 0.292608589
vt 0.658940613 0.243917823
vt 0.640030742 0.243917823
vt 0.658940673 0.209993273
vt 0.640030742 0.209993303
vt 0.595752835 0.293292195
vt 0.59087491 0.327214867
vt 0.616242886 0.327214867
vt 0.62112087 0.293292195
vt 0.595752835 0.244601399
vt 0.62112087 0.244601399
vt 0.59087491 0.209993273
vt 0.616242886 0.209993273
vt 0.565506876 0.292606741
vt 0.560628951 0.327214867
vt 0.585996926 0.327214867
vt 0.59087491 0.292606741
vt 0.565506876 0.243915945
vt 0.59087491 0.243915945
vt 0.560628951 0.209993273
vt 0.585996926 0.209993273
vt 0.893350482 0.240091324
vt 0.893350482 0.261334062
vt 0.897560418 0.261334062
vt 0.897560418 0.240091324
vt 0.901770353 0.261334062
vt 0.901770353 0.240091324
vt 0.897560418 0.240091324
vt 0.897560418 0.261334062
vt 0.884930611 0.268268883
vt 0.884930611 0.277661413
vt 0.889140546 0.277661413
vt 0.889140546 0.268268883
vt 0.884930611 0.258876383
vt 0.889140546 0.258876383
vt 0.884930611 0.249483839
vt 0.889140546 0.249483839
vt 0.884930611 0.240091324
vt 0.889140546 0.240091324
vt 0.893350482 0.249483839
vt 0.893350482 0.240091324
vt 0.889140546 0.240091324
vt 0.889140546 0.249483839
vt 0.893350482 0.258876354
vt 0.889140546 0.258876354
vt 0.893350482 0.268268883
vt 0.889140546 0.268268883
vt 0.893350482 0.277661413
vt 0.889140546 0.277661413
vt 0.905980229 0.240091324
vt 0.901770353 0.240091324
vt 0.901770353 0.256566525
vt 0.905980229 0.256566525
vt 0.884930611 0.277661443
vt 0.880720735 0.277661443
vt 0.880720735 0.282357693
vt 0.884930611 0.282357693
vt 0.864974499 0.282357693
vt 0.869184375 0.282357693
vt 0.869184375 0.277661443
vt 0.864974499 0.277661443
vt 0.901770353 0.277809292
vt 0.897560418 0.277809292
vt 0.897560418 0.282505542
vt 0.901770353 0.282505542
vt 0.884930611 0.282357693
vt 0.889140546 0.282357693
vt 0.889140546 0.277661413
vt 0.88493067 0.277661413
vt 0.897560418 0.261334062
vt 0.893350482 0.261334062
vt 0.893350482 0.277809292
vt 0.897560418 0.277809292
vt 0.87339431 0.277661443
vt 0.869184375 0.277661443
vt 0.869184375 0.282357693
vt 0.87339431 0.282357693
vt 0.901770353 0.277809292
vt 0.905980229 0.277809292
vt 0.905980229 0.261334062
vt 0.901770353 0.261334062
vt 0.901770353 0.282505542
vt 0.905980229 0.282505542
vt 0.905980229 0.277809292
vt 0.901770353 0.277809292
vt 0.901770353 0.261334062
vt 0.897560418 0.261334062
vt 0.897560418 0.277809292
vt 0.901770353 0.277809292
vt 0.914400101 0.256566525
vt 0.910190165 0.256566525
vt 0.910190165 0.273041725
vt 0.914400101 0.273041725
vt 0.880720735 0.277661443
vt 0.876510799 0.277661443
vt 0.876510799 0.282357693
vt 0.880720735 0.282357693
vt 0.905980229 0.256566525
vt 0.910190165 0.256566525
vt 0.910190165 0.240091324
vt 0.905980229 0.240091324
vt 0.905980229 0.289516926
vt 0.910190165 0.289516926
vt 0.910190165 0.273041725
vt 0.905980229 0.273041725
vt 0.893350482 0.282505542
vt 0.897560358 0.282505542
vt 0.897560358 0.277809292
vt 0.893350482 0.277809292
vt 0.905980229 0.273041725
vt 0.910190165 0.273041725
vt 0.910190165 0.256566525
vt 0.905980229 0.256566525
vt 0.709712267 0.103541046
vt 0.721033752 0.103541046
vt 0.721033752 0.0938548744
vt 0.709712267 0.0938548744
vt 0.687069297 0.104479551
vt 0.698390782 0.0841687322
vt 0.687069297 0.0841687322
vt 0.698390782 0.104479551
vt 0.687069297 0.133631021
vt 0.698390782 0.133631021
vt 0.687069297 0.154350013
vt 0.698390782 0.154350013
vt 0.721033752 0.0841687322
vt 0.709712267 0.0841687322
vt 0.709712267 0.0938548744
vt 0.721033752 0.0938548744
vt 0.709712207 0.13363108
vt 0.698390782 0.154350013
vt 0.709712267 0.154350013
vt 0.698390782 0.133631021
vt 0.709712207 0.104479551
vt 0.698390782 0.104479551
vt 0.709712267 0.0841687322
vt 0.698390782 0.0841687322
vt 0.671881318 0.134040326
vt 0.668960869 0.154350072
vt 0.684148848 0.154350013
vt 0.687069297 0.134040326
vt 0.671881318 0.104888827
vt 0.687069297 0.104888827
vt 0.668960869 0.0841687322
vt 0.684148848 0.0841687322
vt 0.653772891 0.133629948
vt 0.650852442 0.154350072
vt 0.666040421 0.154350013
vt 0.668960869 0.133629948
vt 0.653772891 0.104478449
vt 0.668960869 0.104478449
vt 0.650852442 0.0841687322
vt 0.666040421 0.0841687322
vt 0.884930611 0.268268913
vt 0.882691205 0.275313288
vt 0.884930611 0.277661413
vt 0.867213905 0.275313288
vt 0.864974499 0.277661443
vt 0.867213905 0.270617038
vt 0.864974499 0.268268913
vt 0.882691205 0.270617008
vt 0.867213905 0.265920758
vt 0.882691205 0.265920758
vt 0.867213905 0.261224508
vt 0.884930611 0.258876383
vt 0.864974499 0.258876383
vt 0.882691205 0.261224508
vt 0.867213905 0.256528229
vt 0.882691205 0.256528229
vt 0.867213905 0.251831979
vt 0.884930611 0.249483839
vt 0.864974499 0.249483839
vt 0.882691205 0.251831979
vt 0.867213905 0.247135714
vt 0.882691205 0.247135714
vt 0.867213905 0.242439449
vt 0.884930611 0.240091324
vt 0.864974499 0.240091324
vt 0.882691205 0.242439449
vn -1.000000 -0.000000 -0.000004
vn -1.000000 -0.000000 -0.000004
vn -1.000000 -0.000000 -0.000004
vn -1.000000 -0.000000 -0.000004
vn -1.000000 -0.000000 -0.000004
vn -1.000000 -0.000000 -0.000004
vn 1.000000 0.000000 0.000004
vn 1.000000 0.000000 0.000004
vn 1.000000 0.000000 0.000004
vn 1.000000 0.000000 0.000004
vn 1.000000 0.000000 0.000004
vn 1.000000 0.000000 0.000004
vn -1.000000 -0.000000 -0.000004
vn -1.000000 -0.000000 -0.000004
vn -1.000000 -0.000000 -0.000004
vn -1.000000 -0.000000 -0.000004
vn -1.000000 -0.000000 -0.000004
vn -1.000000 -0.000000 -0.000004
vn -0.000000 1.000000 -0.000000
vn -0.000000 1.000000 -0.000000
vn -0.000000 1.000000 -0.000000
vn -0.000000 1.000000 -0.000000
vn -0.000000 1.000000 -0.000000
vn -0.000000 1.000000 -0.000000
vn -0.000000 1.000000 -0.000000
vn -0.000000 1.000000 -0.000000
vn -0.000000 1.000000 -0.000000
vn -0.000000 1.000000 -0.000000
vn -0.000000 1.000000 -0.000000
vn -0.000000 1.000000 -0.000000
vn -0.000000 1.000000 -0.000000
vn -0.000000 1.000000 -0.000000
vn -0.000000 1.000000 -0.000000
vn -0.000000 1.000000 -0.000000
vn -0.000000 1.000000 -0.000000
vn -0.000000 1.000000 -0.000000
vn -0.000000 1.000000 -0.000000
vn -0.000000 1.000000 -0.000000
vn -0.000000 1.000000 -0.000000
vn -1.000000 -0.000000 -0.000004
vn -1.000000 -0.000000 -0.000004
vn -1.000000 -0.000000 -0.000004
vn -1.000000 -0.000000 -0.000004
vn -1.000000 -0.000000 -0.000004
vn -1.000000 -0.000000 -0.000004
vn -1.000000 -0.000000 -0.000004
vn -1.000000 -0.000000 -0.000004
vn -1.000000 -0.000000 -0.000004
vn -1.000000 -0.000000 -0.000004
vn -1.000000 -0.000000 -0.000004
vn -1.000000 -0.000000 -0.000004
vn -1.000000 -0.000000 -0.000004
vn -1.000000 -0.000000 -0.000004
vn -1.000000 -0.000000 -0.000004
vn -1.000000 -0.000000 -0.000004
vn -1.000000 -0.000000 -0.000004
vn -1.000000 -0.000000 -0.000004
vn -1.000000 -0.000000 -0.000004
vn -1.000000 -0.000000 -0.000004
vn -1.000000 -0.000000 -0.000004
vn -1.000000 -0.000000 -0.000004
vn -1.000000 -0.000000 -0.000004
vn -1.000000 -0.000000 -0.000004
vn -1.000000 -0.000000 -0.000004
vn -1.000000 -0.000000 -0.000004
vn -1.000000 -0.000000 -0.000004
vn -1.000000 -0.000000 -0.000004
vn -1.000000 -0.000000 -0.000004
vn -1.000000 -0.000000 -0.000004
vn -1.000000 -0.000000 -0.000004
vn -1.000000 -0.000000 -0.000004
vn -1.000000 -0.000000 -0.000004
vn -0.000004 0.000000 1.000000
vn -0.000004 0.000000 1.000000
vn -0.000004 0.000000 1.000000
vn -0.000004 0.000000 1.000000
vn -0.000004 0.000000 1.000000
vn -0.000004 0.000000 1.000000
vn -0.000004 0.000000 1.000000
vn -0.000004 0.000000 1.000000
vn -0.000004 0.000000 1.000000
vn -0.000004 0.000000 1.000000
vn -0.000004 0.000000 1.000000
vn -0.000004 0.000000 1.000000
vn 1.000000 0.000000 0.000004
vn 1.000000 0.000000 0.000004
vn 1.000000 0.000000 0.000004
vn 1.000000 0.000000 0.000004
vn 1.000000 0.000000 0.000004
vn 1.000000 0.000000 0.000004
vn 1.000000 0.000000 0.000004
vn 1.000000 0.000000 0.000004
vn 1.000000 0.000000 0.000004
vn 1.000000 0.000000 0.000004
vn 1.000000 0.000000 0.000004
vn 1.000000 0.000000 0.000004
vn 1.000000 0.000000 0.000004
vn 1.000000 0.000000 0.000004
vn 1.000000 0.000000 0.000004
vn 1.000000 0.000000 0.000004
vn 1.000000 0.000000 0.000004
vn 1.000000 0.000000 0.000004
vn 1.000000 0.000000 0.000004
vn 1.000000 0.000000 0.000004
vn 1.000000 0.000000 0.000004
vn 1.000000 0.000000 0.000004
vn 1.000000 0.000000 0.000004
vn 1.000000 0.000000 0.000004
vn 1.000000 0.000000 0.000004
vn 1.000000 0.000000 0.000004
vn 1.000000 0.000000 0.000004
vn 0.000000 -1.000000 0.000000
vn 0.000000 -1.000000 0.000000
vn 0.000000 -1.000000 0.000000
vn 0.000000 -1.000000 0.000000
vn 0.000000 -1.000000 0.000000
vn 0.000000 -1.000000 0.000000
vn 0.000000 -1.000000 0.000000
vn 0.000000 -1.000000 0.000000
vn 0.000000 -1.000000 0.000000
vn 0.000000 -1.000000 0.000000
vn 0.000000 -1.000000 0.000000
vn 0.000000 -1.000000 0.000000
vn 0.000000 -1.000000 0.000000
vn 0.000000 -1.000000 0.000000
vn 0.000000 -1.000000 0.000000
vn 0.000000 -1.000000 0.000000
vn 0.000000 -1.000000 0.000000
vn 0.000000 -1.000000 0.000000
vn 0.000000 -1.000000 0.000000
vn 0.000000 -1.000000 0.000000
vn 0.000000 -1.000000 0.000000
vn 0.000000 -1.000000 0.000000
vn 0.000000 -1.000000 0.000000
vn 0.000000 -1.000000 0.000000
vn 0.000000 -1.000000 0.000000
vn 0.000000 -1.000000 0.000000
vn 0.000000 -1.000000 0.000000
vn 0.000000 -1.000000 0.000000
vn 1.000000 0.000000 0.000004
vn 1.000000 0.000000 0.000004
vn 1.000000 0.000000 0.000004
vn 1.000000 0.000000 0.000004
vn 1.000000 0.000000 0.000004
vn 1.000000 0.000000 0.000004
vn -0.003871 -0.039613 -0.999208
vn -0.007728 0.030928 -0.999492
vn -0.003862 0.029919 -0.999545
vn -0.001933 -0.040118 -0.999193
vn 0.003870 0.029919 -0.999545
vn 0.000004 -0.109958 -0.993936
vn 0.000004 -0.109958 -0.993936
vn 0.000004 -0.109958 -0.993936
vn 0.001942 -0.040118 -0.999193
vn 0.007736 0.030928 -0.999492
vn 0.000004 -0.109958 -0.993936
vn 0.003880 -0.039614 -0.999208
vn -1.000000 -0.000000 -0.000004
vn -1.000000 -0.000000 -0.000004
vn -1.000000 -0.000000 -0.000004
vn -1.000000 -0.000000 -0.000004
vn 0.000004 0.099503 -0.995037
vn 0.000004 0.099503 -0.995037
vn 0.000004 0.099503 -0.995037
vn 0.000004 0.099503 -0.995037
vn -0.000000 1.000000 -0.000000
vn -0.000000 1.000000 -0.000000
vn -0.000000 1.000000 -0.000000
vn -0.000000 1.000000 -0.000000
vn -0.000000 1.000000 -0.000000
vn -0.000000 1.000000 -0.000000
vn -0.000000 1.000000 -0.000000
vn -0.000000 1.000000 -0.000000
vn -0.000000 1.000000 -0.000000
vn -0.000000 1.000000 -0.000000
vn 1.000000 0.000000 0.000004
vn 1.000000 0.000000 0.000004
vn 1.000000 0.000000 0.000004
vn 1.000000 0.000000 0.000004
vn 1.000000 0.000000 0.000004
vn 1.000000 0.000000 0.000004
vn 0.229471 0.971907 -0.052350
vn 0.446696 0.893391 -0.048120
vn 0.446696 0.893391 -0.048120
vn 0.229471 0.971907 -0.052350
vn -0.229471 0.971907 -0.052352
vn -0.229471 0.971907 -0.052352
vn -0.446695 0.893391 -0.048123
vn -0.446695 0.893391 -0.048123
vn -0.000000 1.000000 -0.000000
vn -0.000000 1.000000 -0.000000
vn -0.000000 1.000000 -0.000000
vn -0.000000 1.000000 -0.000000
vn 1.000000 0.000000 0.000004
vn 1.000000 0.000000 0.000004
vn 1.000000 0.000000 0.000004
vn 1.000000 0.000000 0.000004
vn 1.000000 0.000000 0.000004
vn 1.000000 0.000000 0.000004
vn -0.000004 0.000000 1.000000
vn -0.000004 0.000000 1.000000
vn -0.000004 0.000000 1.000000
vn -0.000004 0.000000 1.000000
vn -0.000004 0.000000 1.000000
vn -0.000004 0.000000 1.000000
vn -0.000000 1.000000 -0.000000
vn -0.000000 1.000000 -0.000000
vn -0.000000 1.000000 -0.000000
vn -0.000000 1.000000 -0.000000
vn -0.000000 1.000000 -0.000000
vn -0.000000 1.000000 -0.000000
vn -0.000000 1.000000 -0.000000
vn -0.000000 1.000000 -0.000000
vn -1.000000 -0.000000 -0.000004
vn -1.000000 -0.000000 -0.000004
vn -1.000000 -0.000000 -0.000004
vn -1.000000 -0.000000 -0.000004
vn -1.000000 -0.000000 -0.000004
vn -1.000000 -0.000000 -0.000004
vn 1.000000 0.000000 0.000004
vn 1.000000 0.000000 0.000004
vn 1.000000 0.000000 0.000004
vn 1.000000 0.000000 0.000004
vn -0.000004 0.099504 0.995037
vn -0.000004 0.099504 0.995037
vn -0.000004 0.099504 0.995037
vn -0.000004 0.099504 0.995037
vn -0.000004 -0.481236 0.876591
vn -0.000004 -0.481236 0.876591
vn -0.000004 -0.481236 0.876591
vn -0.000004 -0.481236 0.876591
vn -0.065096 0.533176 -0.843496
vn 0.000004 0.544358 -0.838853
vn 0.000004 0.544358 -0.838853
vn -0.043386 0.537171 -0.842357
vn -0.129910 0.519656 -0.844441
vn -0.129910 0.519656 -0.844441
vn 0.000004 0.544358 -0.838853
vn 0.043393 0.537171 -0.842357
vn 0.000004 0.544358 -0.838853
vn 0.065103 0.533176 -0.843496
vn 0.129918 0.519656 -0.844440
vn 0.129918 0.519656 -0.844440
vn -1.000000 -0.000000 -0.000004
vn -1.000000 -0.000000 -0.000004
vn -1.000000 -0.000000 -0.000004
vn -1.000000 -0.000000 -0.000004
vn -1.000000 -0.000000 -0.000004
vn -1.000000 -0.000000 -0.000004
vn 1.000000 0.000000 0.000004
vn 1.000000 0.000000 0.000004
vn 1.000000 0.000000 0.000004
vn 1.000000 0.000000 0.000004
vn 0.000004 -0.000000 -1.000000
vn 0.000004 -0.000000 -1.000000
vn 0.000004 -0.000000 -1.000000
vn 0.000004 -0.000000 -1.000000
vn -0.000004 -0.481236 0.876591
vn -0.000004 -0.481236 0.876591
vn -0.000004 -0.481236 0.876591
vn -0.000004 -0.481236 0.876591
vn 1.000000 0.000000 0.000004
vn 1.000000 0.000000 0.000004
vn 1.000000 0.000000 0.000004
vn 1.000000 0.000000 0.000004
vn -1.000000 -0.000000 -0.000004
vn -1.000000 -0.000000 -0.000004
vn -1.000000 -0.000000 -0.000004
vn -1.000000 -0.000000 -0.000004
vn 0.000004 -0.000000 -1.000000
vn 0.000004 -0.000000 -1.000000
vn 0.000004 -0.000000 -1.000000
vn 0.000004 -0.000000 -1.000000
vn -0.000000 1.000000 -0.000000
vn -0.000000 1.000000 -0.000000
vn -0.000000 1.000000 -0.000000
vn -0.000000 1.000000 -0.000000
vn -0.000000 1.000000 -0.000000
vn -0.000000 1.000000 -0.000000
vn -0.000000 1.000000 -0.000000
vn -0.000000 1.000000 -0.000000
vn -0.000000 1.000000 -0.000000
vn -0.000000 1.000000 -0.000000
vn -0.000000 1.000000 -0.000000
vn -0.000000 1.000000 -0.000000
vn -0.000000 1.000000 -0.000000
vn -0.000000 1.000000 -0.000000
vn -0.000000 1.000000 -0.000000
vn -0.000000 1.000000 -0.000000
vn -0.000000 1.000000 -0.000000
vn -0.000000 1.000000 -0.000000
vn -0.000000 1.000000 -0.000000
vn -0.000000 1.000000 -0.000000
vn 0.000000 -1.000000 0.000000
vn 0.000000 -1.000000 0.000000
vn 0.000000 -1.000000 0.000000
vn 0.000000 -1.000000 0.000000
vn 0.000000 -1.000000 0.000000
vn 0.000000 -1.000000 0.000000
vn 0.000000 -1.000000 0.000000
vn 0.000000 -1.000000 0.000000
vn 0.000000 -1.000000 0.000000
vn 0.000000 -1.000000 0.000000
vn 0.000000 -1.000000 0.000000
vn 0.000000 -1.000000 0.000000
vn -0.000000 1.000000 -0.000000
vn -0.000000 1.000000 -0.000000
vn -0.000000 1.000000 -0.000000
vn -0.000000 1.000000 -0.000000
vn -1.000000 -0.000000 -0.000004
vn -1.000000 -0.000000 -0.000004
vn -1.000000 -0.000000 -0.000004
vn -1.000000 -0.000000 -0.000004
vn 1.000000 0.000000 0.000004
vn 1.000000 0.000000 0.000004
vn 1.000000 0.000000 0.000004
vn 1.000000 0.000000 0.000004
vn 0.000000 -1.000000 0.000000
vn 0.000000 -1.000000 0.000000
vn 0.000000 -1.000000 0.000000
vn 0.000000 -1.000000 0.000000
vn 0.000000 -1.000000 0.000000
vn 0.000000 -1.000000 0.000000
vn -0.000000 1.000000 -0.000000
vn -0.000000 1.000000 -0.000000
vn -0.000000 1.000000 -0.000000
vn -0.000000 1.000000 -0.000000
vn 1.000000 0.000000 0.000004
vn 1.000000 0.000000 0.000004
vn 1.000000 0.000000 0.000004
vn 1.000000 0.000000 0.000004
vn -1.000000 -0.000000 -0.000004
vn -1.000000 -0.000000 -0.000004
vn -1.000000 -0.000000 -0.000004
vn -1.000000 -0.000000 -0.000004
vn -0.000004 0.000000 1.000000
vn -0.000004 0.000000 1.000000
vn -0.000004 0.000000 1.000000
vn -0.000004 0.000000 1.000000
vn -0.000004 0.000000 1.000000
vn -0.000004 0.000000 1.000000
vn -1.000000 -0.000000 -0.000004
vn -1.000000 -0.000000 -0.000004
vn -1.000000 -0.000000 -0.000004
vn -1.000000 -0.000000 -0.000004
vn -1.000000 -0.000000 -0.000004
vn -1.000000 -0.000000 -0.000004
vn 0.000000 -1.000000 0.000000
vn 0.000000 -1.000000 0.000000
vn 0.000000 -1.000000 0.000000
vn 0.000000 -1.000000 0.000000
vn 0.000000 -1.000000 0.000000
vn 0.000000 -1.000000 0.000000
vn 0.000000 -1.000000 0.000000
vn 0.000000 -1.000000 0.000000
vn -1.000000 -0.000000 -0.000004
vn -1.000000 -0.000000 -0.000004
vn -1.000000 -0.000000 -0.000004
vn -1.000000 -0.000000 -0.000004
vn 1.000000 0.000000 0.000004
vn 1.000000 0.000000 0.000004
vn 1.000000 0.000000 0.000004
vn 1.000000 0.000000 0.000004
vn -0.000004 0.000000 1.000000
vn -0.000004 0.000000 1.000000
vn -0.000004 0.000000 1.000000
vn -0.000004 0.000000 1.000000
vn 1.000000 0.000000 0.000004
vn 1.000000 0.000000 0.000004
vn 1.000000 0.000000 0.000004
vn 1.000000 0.000000 0.000004
vn 1.000000 0.000000 0.000004
vn 1.000000 0.000000 0.000004
vn 1.000000 0.000000 0.000004
vn 1.000000 0.000000 0.000004
vn -1.000000 -0.000000 -0.000004
vn -1.000000 -0.000000 -0.000004
vn -1.000000 -0.000000 -0.000004
vn -1.000000 -0.000000 -0.000004
vn -0.000004 0.000000 1.000000
vn -0.000004 0.000000 1.000000
vn -0.000004 0.000000 1.000000
vn -0.000004 0.000000 1.000000
vn 0.000000 -0.996529 -0.083252
vn 0.000000 -0.996529 -0.083252
vn 0.000000 -0.996529 -0.083252
vn 0.000000 -0.996529 -0.083252
vn -0.000000 0.996529 0.083252
vn -0.000000 0.996529 0.083252
vn -0.000000 0.996529 0.083252
vn -0.000000 0.996529 0.083252
vn 1.000000 0.000000 0.000004
vn 1.000000 0.000000 0.000004
vn 1.000000 0.000000 0.000004
vn 1.000000 0.000000 0.000004
vn -0.045705 -0.000000 -0.998955
vn -0.091319 -0.000000 -0.995822
vn -0.091319 -0.000000 -0.995822
vn -0.045705 -0.000000 -0.998955
vn 0.044814 -0.000000 -0.998995
vn 0.044814 -0.000000 -0.998995
vn 0.089533 -0.000000 -0.995984
vn 0.089533 -0.000000 -0.995984
vn -1.000000 -0.000000 -0.000004
vn -1.000000 -0.000000 -0.000004
vn -1.000000 -0.000000 -0.000004
vn -1.000000 -0.000000 -0.000004
vn -0.044814 0.000000 0.998995
vn -0.089533 0.000000 0.995984
vn -0.089533 0.000000 0.995984
vn -0.044814 0.000000 0.998995
vn 0.045705 0.000000 0.998955
vn 0.045705 0.000000 0.998955
vn 0.091319 0.000000 0.995822
vn 0.091319 0.000000 0.995822
vn 0.000000 -1.000000 0.000000
vn 0.000000 -1.000000 0.000000
vn 0.000000 -1.000000 0.000000
vn 0.000000 -1.000000 0.000000
vn 0.000000 -1.000000 0.000000
vn 0.000000 -1.000000 0.000000
vn 0.000000 -1.000000 0.000000
vn 0.000000 -1.000000 0.000000
vn -0.000000 1.000000 -0.000000
vn -0.000000 1.000000 -0.000000
vn -0.000000 1.000000 -0.000000
vn -0.000000 1.000000 -0.000000
vn -0.000000 1.000000 -0.000000
vn -0.000000 1.000000 -0.000000
vn -0.000000 1.000000 -0.000000
vn -0.000000 1.000000 -0.000000
vn 1.000000 0.000000 0.000004
vn 1.000000 0.000000 0.000004
vn 1.000000 0.000000 0.000004
vn 1.000000 0.000000 0.000004
vn -1.000000 -0.000000 -0.000004
vn -1.000000 -0.000000 -0.000004
vn -1.000000 -0.000000 -0.000004
vn -1.000000 -0.000000 -0.000004
vn 0.000000 -1.000000 0.000000
vn 0.000000 -1.000000 0.000000
vn 0.000000 -1.000000 0.000000
vn 0.000000 -1.000000 0.000000
vn 0.000000 -1.000000 0.000000
vn 0.000000 -1.000000 0.000000
vn 0.000000 -1.000000 0.000000
vn 0.000000 -1.000000 0.000000
vn 0.000000 -1.000000 0.000000
vn 0.000000 -1.000000 0.000000
vn -0.000000 1.000000 -0.000000
vn -0.000000 1.000000 -0.000000
vn -0.000000 1.000000 -0.000000
vn -0.000000 1.000000 -0.000000
vn -0.000000 1.000000 -0.000000
vn -0.000000 1.000000 -0.000000
vn -0.000000 1.000000 -0.000000
vn -0.000000 1.000000 -0.000000
vn -0.000000 1.000000 -0.000000
vn -0.000000 1.000000 -0.000000
vn -1.000000 -0.000000 -0.000004
vn -1.000000 -0.000000 -0.000004
vn -1.000000 -0.000000 -0.000004
vn -1.000000 -0.000000 -0.000004
vn -0.000000 1.000000 -0.000000
vn -0.000000 1.000000 -0.000000
vn -0.000000 1.000000 -0.000000
vn -0.000000 1.000000 -0.000000
vn 0.000000 -1.000000 0.000000
vn 0.000000 -1.000000 0.000000
vn 0.000000 -1.000000 0.000000
vn 0.000000 -1.000000 0.000000
vn -0.000000 1.000000 -0.000000
vn -0.000000 1.000000 -0.000000
vn -0.000000 1.000000 -0.000000
vn -0.000000 1.000000 -0.000000
vn 0.000000 -1.000000 0.000000
vn 0.000000 -1.000000 0.000000
vn 0.000000 -1.000000 0.000000
vn 0.000000 -1.000000 0.000000
vn 1.000000 0.000000 0.000004
vn 1.000000 0.000000 0.000004
vn 1.000000 0.000000 0.000004
vn 1.000000 0.000000 0.000004
vn -0.000000 1.000000 -0.000000
vn -0.000000 1.000000 -0.000000
vn -0.000000 1.000000 -0.000000
vn -0.000000 1.000000 -0.000000
vn -1.000000 -0.000000 -0.000004
vn -1.000000 -0.000000 -0.000004
vn -1.000000 -0.000000 -0.000004
vn -1.000000 -0.000000 -0.000004
vn 0.000000 -1.000000 0.000000
vn 0.000000 -1.000000 0.000000
vn 0.000000 -1.000000 0.000000
vn 0.000000 -1.000000 0.000000
vn 1.000000 0.000000 0.000004
vn 1.000000 0.000000 0.000004
vn 1.000000 0.000000 0.000004
vn 1.000000 0.000000 0.000004
vn -1.000000 -0.000000 -0.000004
vn -1.000000 -0.000000 -0.000004
vn -1.000000 -0.000000 -0.000004
vn -1.000000 -0.000000 -0.000004
vn -0.000000 1.000000 -0.000000
vn -0.000000 1.000000 -0.000000
vn -0.000000 1.000000 -0.000000
vn -0.000000 1.000000 -0.000000
vn 1.000000 0.000000 0.000004
vn 1.000000 0.000000 0.000004
vn 1.000000 0.000000 0.000004
vn 1.000000 0.000000 0.000004
vn -1.000000 -0.000000 -0.000004
vn -1.000000 -0.000000 -0.000004
vn -1.000000 -0.000000 -0.000004
vn -1.000000 -0.000000 -0.000004
vn 0.000000 -1.000000 0.000000
vn 0.000000 -1.000000 0.000000
vn 0.000000 -1.000000 0.000000
vn 0.000000 -1.000000 0.000000
vn 1.000000 0.000000 0.000004
vn 1.000000 0.000000 0.000004
vn 1.000000 0.000000 0.000004
vn 1.000000 0.000000 0.000004
vn -1.000000 -0.000000 -0.000004
vn -1.000000 -0.000000 -0.000004
vn -1.000000 -0.000000 -0.000004
vn -1.000000 -0.000000 -0.000004
vn 0.045704 0.000000 0.998955
vn 0.091317 0.000000 0.995822
vn 0.091317 0.000000 0.995822
vn 0.045704 0.000000 0.998955
vn -0.044815 0.000000 0.998995
vn -0.044815 0.000000 0.998995
vn -0.089535 0.000000 0.995984
vn -0.089535 0.000000 0.995984
vn 1.000000 0.000000 0.000004
vn 1.000000 0.000000 0.000004
vn 1.000000 0.000000 0.000004
vn 1.000000 0.000000 0.000004
vn 0.044815 -0.000000 -0.998995
vn 0.089535 -0.000000 -0.995984
vn 0.089535 -0.000000 -0.995984
vn 0.044815 -0.000000 -0.998995
vn -0.045704 -0.000000 -0.998955
vn -0.045704 -0.000000 -0.998955
vn -0.091317 -0.000000 -0.995822
vn -0.091317 -0.000000 -0.995822
vn 0.000000 -1.000000 0.000000
vn 0.000000 -1.000000 0.000000
vn 0.000000 -1.000000 0.000000
vn 0.000000 -1.000000 0.000000
vn 0.000000 -1.000000 0.000000
vn 0.000000 -1.000000 0.000000
vn 0.000000 -1.000000 0.000000
vn 0.000000 -1.000000 0.000000
vn -0.000000 1.000000 -0.000000
vn -0.000000 1.000000 -0.000000
vn -0.000000 1.000000 -0.000000
vn -0.000000 1.000000 -0.000000
vn -0.000000 1.000000 -0.000000
vn -0.000000 1.000000 -0.000000
vn -0.000000 1.000000 -0.000000
vn -0.000000 1.000000 -0.000000
vn 0.000004 -0.000000 -1.000000
vn 0.000004 -0.000000 -1.000000
vn 0.000004 -0.000000 -1.000000
vn 0.000004 -0.000000 -1.000000
vn 0.000004 -0.000000 -1.000000
vn 0.000004 -0.000000 -1.000000
vn 0.000004 -0.000000 -1.000000
vn 0.000004 -0.000000 -1.000000
vn 0.000004 -0.000000 -1.000000
vn 0.000004 -0.000000 -1.000000
vn 0.000004 -0.000000 -1.000000
vn 0.000004 -0.000000 -1.000000
vn 0.000004 -0.000000 -1.000000
vn 0.000004 -0.000000 -1.000000
vn 0.000004 -0.000000 -1.000000
vn 0.000004 -0.000000 -1.000000
vn 0.000004 -0.000000 -1.000000
vn 0.000004 -0.000000 -1.000000
vn 0.000004 -0.000000 -1.000000
vn 0.000004 -0.000000 -1.000000
vn 0.000004 -0.000000 -1.000000
vn 0.000004 -0.000000 -1.000000
vn 0.000004 -0.000000 -1.000000
vn 0.000004 -0.000000 -1.000000
vn 0.000004 -0.000000 -1.000000
vn 0.000004 -0.000000 -1.000000
f 1/1/1 2/2/2 3/3/3
f 4/4/4 5/5/5 6/6/6
f 7/7/7 8/8/8 9/9/9
f 10/10/10 11/11/11 12/12/12
f 13/13/13 14/14/14 15/15/15
f 16/16/16 17/17/17 18/18/18
f 19/19/19 20/20/20 21/21/21
f 22/22/22 23/23/23 24/24/24
f 22/22/22 25/25/25 26/26/26
f 22/22/22 26/26/26 27/27/27
f 28/28/28 29/29/29 26/26/26
f 30/30/30 28/28/28 26/26/26
f 30/30/30 31/31/31 28/28/28
f 32/32/32 33/33/33 26/26/26
f 32/32/32 26/26/26 34/34/34
f 32/32/32 34/34/34 35/35/35
f 32/32/32 35/35/35 36/36/36
f 37/37/37 38/38/38 39/39/39
f 40/40/40 41/41/41 42/42/42
f 43/43/43 44/44/44 45/45/45
f 46/46/46 47/47/47 48/48/48
f 46/46/46 48/48/48 49/49/49
f 50/50/50 46/46/46 49/49/49
f 48/48/48 51/51/51 49/49/49
f 48/48/48 52/52/52 51/51/51
f 49/49/49 51/51/51 53/53/53
f 50/50/50 49/49/49 54/54/54
f 49/49/49 53/53/53 54/54/54
f 55/55/55 50/50/50 54/54/54
f 54/54/54 53/53/53 56/56/56
f 55/55/55 54/54/54 57/57/57
f 54/54/54 56/56/56 57/57/57
f 58/58/58 55/55/55 57/57/57
f 57/57/57 56/56/56 59/59/59
f 58/58/58 57/57/57 60/60/60
f 57/57/57 59/59/59 60/60/60
f 61/61/61 58/58/58 60/60/60
f 61/61/61 60/60/60 62/62/62
f 63/63/63 61/61/61 62/62/62
f 63/63/63 62/62/62 64/64/64
f 62/62/62 65/65/65 64/64/64
f 62/62/62 66/66/66 65/65/65
f 60/60/60 66/66/66 62/62/62
f 60/60/60 59/59/59 66/66/66
f 59/59/59 67/67/67 66/66/66
f 59/59/59 68/68/68 67/67/67
f 68/68/68 69/69/69 67/67/67
f 68/68/68 70/70/70 69/69/69
f 71/71/71 70/70/70 68/68/68
f 71/71/71 68/68/68 72/72/72
f 73/73/73 74/74/74 75/75/75
f 73/73/73 75/75/75 76/76/76
f 77/77/77 73/73/73 76/76/76
f 75/75/75 78/78/78 76/76/76
f 75/75/75 79/79/79 78/78/78
f 76/76/76 78/78/78 80/80/80
f 77/77/77 76/76/76 81/81/81
f 76/76/76 80/80/80 81/81/81
f 82/82/82 77/77/77 81/81/81
f 81/81/81 80/80/80 83/83/83
f 82/82/82 81/81/81 84/84/84
f 81/81/81 83/83/83 84/84/84
f 85/85/85 86/86/86 87/87/87
f 85/85/85 87/87/87 88/88/88
f 89/89/89 85/85/85 88/88/88
f 87/87/87 90/90/90 88/88/88
f 87/87/87 91/91/91 90/90/90
f 89/89/89 88/88/88 92/92/92
f 93/93/93 89/89/89 92/92/92
f 88/88/88 90/90/90 94/94/94
f 88/88/88 94/94/94 92/92/92
f 90/90/90 95/95/95 94/94/94
f 92/92/92 94/94/94 96/96/96
f 90/90/90 97/97/97 95/95/95
f 93/93/93 92/92/92 98/98/98
f 92/92/92 96/96/96 98/98/98
f 99/99/99 93/93/93 98/98/98
f 98/98/98 96/96/96 100/100/100
f 97/97/97 101/101/101 95/95/95
f 97/97/97 102/102/102 101/101/101
f 103/103/103 95/95/95 101/101/101
f 103/103/103 101/101/101 104/104/104
f 99/99/99 98/98/98 105/105/105
f 98/98/98 100/100/100 105/105/105
f 106/106/106 99/99/99 105/105/105
f 105/105/105 100/100/100 107/107/107
f 106/106/106 105/105/105 108/108/108
f 105/105/105 107/107/107 108/108/108
f 109/109/109 106/106/106 108/108/108
f 108/108/108 107/107/107 110/110/110
f 109/109/109 108/108/108 111/111/111
f 108/108/108 110/110/110 111/111/111
f 112/112/112 113/113/113 114/114/114
f 112/112/112 114/114/114 115/115/115
f 116/116/116 112/112/112 115/115/115
f 115/115/115 114/114/114 117/117/117
f 116/116/116 115/115/115 118/118/118
f 119/119/119 116/116/116 118/118/118
f 119/119/119 118/118/118 120/120/120
f 115/115/115 117/117/117 121/121/121
f 118/118/118 115/115/115 121/121/121
f 121/121/121 117/117/117 122/122/122
f 120/120/120 118/118/118 123/123/123
f 118/118/118 121/121/121 123/123/123
f 120/120/120 123/123/123 124/124/124
f 121/121/121 122/122/122 125/125/125
f 123/123/123 121/121/121 125/125/125
f 125/125/125 122/122/122 126/126/126
f 124/124/124 123/123/123 127/127/127
f 123/123/123 125/125/125 127/127/127
f 124/124/124 127/127/127 128/128/128
f 125/125/125 126/126/126 129/129/129
f 127/127/127 125/125/125 129/129/129
f 129/129/129 126/126/126 130/130/130
f 128/128/128 127/127/127 131/131/131
f 127/127/127 129/129/129 131/131/131
f 128/128/128 131/131/131 132/132/132
f 129/129/129 130/130/130 133/133/133
f 131/131/131 129/129/129 133/133/133
f 133/133/133 130/130/130 134/134/134
f 133/133/133 134/134/134 135/135/135
f 132/132/132 131/131/131 136/136/136
f 131/131/131 133/133/133 136/136/136
f 136/136/136 133/133/133 135/135/135
f 132/132/132 136/136/136 137/137/137
f 136/136/136 135/135/135 138/138/138
f 137/137/137 136/136/136 138/138/138
f 137/137/137 138/138/138 139/139/139
f 140/140/140 141/141/141 142/142/142
f 140/140/140 143/143/143 141/141/141
f 144/144/144 143/143/143 140/140/140
f 144/144/144 145/145/145 143/143/143
f 146/146/146 147/147/147 148/148/148
f 146/146/146 148/148/148 149/149/149
f 149/149/149 148/148/148 150/150/150
f 146/146/146 149/149/149 151/151/151
f 146/146/146 151/151/151 152/152/152
f 149/149/149 153/153/153 151/151/151
f 149/149/149 150/150/150 154/154/154
f 149/149/149 154/154/154 153/153/153
f 154/154/154 150/150/150 155/155/155
f 154/154/154 156/156/156 153/153/153
f 154/154/154 155/155/155 157/157/157
f 154/154/154 157/157/157 156/156/156
f 158/158/158 159/159/159 160/160/160
f 158/158/158 160/160/160 161/161/161
f 162/162/162 163/163/163 164/164/164
f 162/162/162 164/164/164 165/165/165
f 166/166/166 167/167/167 168/168/168
f 166/166/166 168/168/168 169/169/169
f 170/170/170 171/171/171 172/172/172
f 170/170/170 172/172/172 173/173/173
f 174/174/174 170/170/170 173/173/173
f 174/174/174 173/173/173 175/175/175
f 176/176/176 177/177/177 178/178/178
f 176/176/176 179/179/179 177/177/177
f 179/179/179 180/180/180 177/177/177
f 179/179/179 181/181/181 180/180/180
f 182/182/182 183/183/183 184/184/184
f 182/182/182 185/185/185 183/183/183
f 186/186/186 185/185/185 182/182/182
f 186/186/186 187/187/187 185/185/185
f 188/188/188 187/187/187 186/186/186
f 188/188/188 189/189/189 187/187/187
f 190/190/190 191/191/191 192/192/192
f 190/190/190 192/192/192 193/193/193
f 194/194/194 195/195/195 196/196/196
f 194/194/194 197/197/197 195/195/195
f 197/197/197 198/198/198 195/195/195
f 197/197/197 199/199/199 198/198/198
f 200/200/200 201/201/201 202/202/202
f 200/200/200 203/203/203 201/201/201
f 203/203/203 204/204/204 201/201/201
f 203/203/203 205/205/205 204/204/204
f 206/206/206 207/207/207 208/208/208
f 206/206/206 208/208/208 209/209/209
f 210/210/210 211/211/211 212/212/212
f 210/210/210 212/212/212 213/213/213
f 214/214/214 215/215/215 216/216/216
f 214/214/214 217/217/217 215/215/215
f 218/218/218 217/217/217 214/214/214
f 218/218/218 219/219/219 217/217/217
f 220/220/220 221/221/221 222/222/222
f 220/220/220 222/222/222 223/223/223
f 224/224/224 225/225/225 226/226/226
f 224/224/224 226/226/226 227/227/227
f 228/228/228 229/229/229 230/230/230
f 228/228/228 230/230/230 231/231/231
f 232/232/232 233/233/233 234/234/234
f 232/232/232 234/234/234 235/235/235
f 236/236/236 232/232/232 235/235/235
f 236/236/236 235/235/235 237/237/237
f 238/238/238 235/235/235 234/234/234
f 238/238/238 239/239/239 235/235/235
f 239/239/239 238/238/238 240/240/240
f 239/239/239 240/240/240 241/241/241
f 242/242/242 239/239/239 241/241/241
f 242/242/242 241/241/241 243/243/243
f 244/244/244 245/245/245 246/246/246
f 244/244/244 246/246/246 247/247/247
f 248/248/248 244/244/244 247/247/247
f 248/248/248 247/247/247 249/249/249
f 250/250/250 251/251/251 252/252/252
f 250/250/250 252/252/252 253/253/253
f 254/254/254 255/255/255 256/256/256
f 254/254/254 256/256/256 257/257/257
f 258/258/258 259/259/259 260/260/260
f 258/258/258 260/260/260 261/261/261
f 262/262/262 263/263/263 264/264/264
f 262/262/262 264/264/264 265/265/265
f 266/266/266 267/267/267 268/268/268
f 266/266/266 268/268/268 269/269/269
f 270/270/270 271/271/271 272/272/272
f 270/270/270 272/272/272 273/273/273
f 274/274/274 275/275/275 276/276/276
f 274/274/274 277/277/277 275/275/275
f 274/274/274 278/278/278 277/277/277
f 274/274/274 279/279/279 278/278/278
f 280/280/280 278/278/278 279/279/279
f 280/280/280 281/281/281 278/278/278
f 282/282/282 283/283/283 284/284/284
f 282/282/282 285/285/285 283/283/283
f 286/286/286 283/283/283 285/285/285
f 286/286/286 287/287/287 283/283/283
f 282/282/282 288/288/288 285/285/285
f 282/282/282 289/289/289 288/288/288
f 290/290/290 288/288/288 289/289/289
f 290/290/290 291/291/291 288/288/288
f 292/292/292 288/288/288 291/291/291
f 292/292/292 293/293/293 288/288/288
f 294/294/294 295/295/295 296/296/296
f 294/294/294 296/296/296 297/297/297
f 298/298/298 299/299/299 300/300/300
f 298/298/298 300/300/300 301/301/301
f 302/302/302 303/303/303 304/304/304
f 302/302/302 304/304/304 305/305/305
f 306/306/306 307/307/307 308/308/308
f 306/306/306 308/308/308 309/309/309
f 310/310/310 311/311/311 312/312/312
f 310/310/310 312/312/312 313/313/313
f 314/314/314 315/315/315 316/316/316
f 314/314/314 316/316/316 317/317/317
f 318/318/318 319/319/319 320/320/320
f 318/318/318 320/320/320 321/321/321
f 318/318/318 321/321/321 322/322/322
f 318/318/318 322/322/322 323/323/323
f 324/324/324 325/325/325 326/326/326
f 324/324/324 326/326/326 327/327/327
f 328/328/328 329/329/329 330/330/330
f 328/328/328 330/330/330 331/331/331
f 332/332/332 333/333/333 334/334/334
f 332/332/332 334/334/334 335/335/335
f 336/336/336 337/337/337 338/338/338
f 336/336/336 339/339/339 337/337/337
f 339/339/339 340/340/340 337/337/337
f 339/339/339 341/341/341 340/340/340
f 342/342/342 343/343/343 344/344/344
f 342/342/342 345/345/345 343/343/343
f 345/345/345 346/346/346 343/343/343
f 345/345/345 347/347/347 346/346/346
f 348/348/348 349/349/349 350/350/350
f 348/348/348 350/350/350 351/351/351
f 352/352/352 353/353/353 354/354/354
f 352/352/352 354/354/354 355/355/355
f 356/356/356 357/357/357 358/358/358
f 356/356/356 358/358/358 359/359/359
f 360/360/360 361/361/361 362/362/362
f 360/360/360 362/362/362 363/363/363
f 364/364/364 365/365/365 366/366/366
f 364/364/364 366/366/366 367/367/367
f 368/368/368 369/369/369 370/370/370
f 368/368/368 370/370/370 371/371/371
f 372/372/372 373/373/373 374/374/374
f 372/372/372 374/374/374 375/375/375
f 376/376/376 377/377/377 378/378/378
f 376/376/376 378/378/378 379/379/379
f 380/380/380 381/381/381 382/382/382
f 380/380/380 382/382/382 383/383/383
f 384/384/384 385/385/385 386/386/386
f 384/384/384 386/386/386 387/387/387
f 388/388/388 389/389/389 390/390/390
f 388/388/388 390/390/390 391/391/391
f 392/392/392 393/393/393 394/394/394
f 392/392/392 394/394/394 395/395/395
f 396/396/396 397/397/397 398/398/398
f 396/396/396 399/399/399 397/397/397
f 400/400/400 399/399/399 396/396/396
f 400/400/400 401/401/401 399/399/399
f 402/402/402 401/401/401 400/400/400
f 402/402/402 403/403/403 401/401/401
f 404/404/404 405/405/405 406/406/406
f 404/404/404 406/406/406 407/407/407
f 408/408/408 409/409/409 410/410/410
f 408/408/408 411/411/411 409/409/409
f 412/412/412 411/411/411 408/408/408
f 412/412/412 413/413/413 411/411/411
f 414/414/414 413/413/413 412/412/412
f 414/414/414 415/415/415 413/413/413
f 416/416/416 417/417/417 418/418/418
f 416/416/416 418/418/418 419/419/419
f 420/420/420 416/416/416 419/419/419
f 420/420/420 419/419/419 421/421/421
f 422/422/422 420/420/420 421/421/421
f 422/422/422 421/421/421 423/423/423
f 424/424/424 425/425/425 426/426/426
f 424/424/424 426/426/426 427/427/427
f 428/428/428 424/424/424 427/427/427
f 428/428/428 427/427/427 429/429/429
f 430/430/430 428/428/428 429/429/429
f 430/430/430 429/429/429 431/431/431
f 432/432/432 433/433/433 434/434/434
f 432/432/432 434/434/434 435/435/435
f 436/436/436 437/437/437 438/438/438
f 436/436/436 438/438/438 439/439/439
f 440/440/440 441/441/441 442/442/442
f 440/440/440 442/442/442 443/443/443
f 444/444/444 440/440/440 443/443/443
f 444/444/444 443/443/443 445/445/445
f 446/446/446 444/444/444 445/445/445
f 446/446/446 445/445/445 447/447/447
f 448/448/448 446/446/446 447/447/447
f 448/448/448 447/447/447 449/449/449
f 450/450/450 451/451/451 452/452/452
f 450/450/450 452/452/452 453/453/453
f 454/454/454 450/450/450 453/453/453
f 454/454/454 453/453/453 455/455/455
f 456/456/456 454/454/454 455/455/455
f 456/456/456 455/455/455 457/457/457
f 458/458/458 456/456/456 457/457/457
f 458/458/458 457/457/457 459/459/459
f 460/460/460 461/461/461 462/462/462
f 460/460/460 462/462/462 463/463/463
f 464/464/464 465/465/465 466/466/466
f 464/464/464 466/466/466 467/467/467
f 468/468/468 469/469/469 470/470/470
f 468/468/468 470/470/470 471/471/471
f 472/472/472 473/473/473 474/474/474
f 472/472/472 474/474/474 475/475/475
f 476/476/476 477/477/477 478/478/478
f 476/476/476 478/478/478 479/479/479
f 480/480/480 481/481/481 482/482/482
f 480/480/480 482/482/482 483/483/483
f 484/484/484 485/485/485 486/486/486
f 484/484/484 486/486/486 487/487/487
f 488/488/488 489/489/489 490/490/490
f 488/488/488 490/490/490 491/491/491
f 492/492/492 493/493/493 494/494/494
f 492/492/492 494/494/494 495/495/495
f 496/496/496 497/497/497 498/498/498
f 496/496/496 498/498/498 499/499/499
f 500/500/500 501/501/501 502/502/502
f 500/500/500 502/502/502 503/503/503
f 504/504/504 505/505/505 506/506/506
f 504/504/504 506/506/506 507/507/507
f 508/508/508 509/509/509 510/510/510
f 508/508/508 510/510/510 511/511/511
f 512/512/512 513/513/513 514/514/514
f 512/512/512 514/514/514 515/515/515
f 516/516/516 517/517/517 518/518/518
f 516/516/516 518/518/518 519/519/519
f 520/520/520 521/521/521 522/522/522
f 520/520/520 522/522/522 523/523/523
f 524/524/524 525/525/525 526/526/526
f 524/524/524 526/526/526 527/527/527
f 528/528/528 529/529/529 530/530/530
f 528/528/528 531/531/531 529/529/529
f 532/532/532 531/531/531 528/528/528
f 532/532/532 533/533/533 531/531/531
f 534/534/534 533/533/533 532/532/532
f 534/534/534 535/535/535 533/533/533
f 536/536/536 537/537/537 538/538/538
f 536/536/536 538/538/538 539/539/539
f 540/540/540 541/541/541 542/542/542
f 540/540/540 543/543/543 541/541/541
f 544/544/544 543/543/543 540/540/540
f 544/544/544 545/545/545 543/543/543
f 546/546/546 545/545/545 544/544/544
f 546/546/546 547/547/547 545/545/545
f 548/548/548 549/549/549 550/550/550
f 548/548/548 550/550/550 551/551/551
f 552/552/552 548/548/548 551/551/551
f 552/552/552 551/551/551 553/553/553
f 554/554/554 552/552/552 553/553/553
f 554/554/554 553/553/553 555/555/555
f 556/556/556 557/557/557 558/558/558
f 556/556/556 558/558/558 559/559/559
f 560/560/560 556/556/556 559/559/559
f 560/560/560 559/559/559 561/561/561
f 562/562/562 560/560/560 561/561/561
f 562/562/562 561/561/561 563/563/563
f 564/564/564 565/565/565 566/566/566
f 566/566/566 565/565/565 567/567/567
f 566/566/566 567/567/567 568/568/568
f 568/568/568 567/567/567 569/569/569
f 568/568/568 569/569/569 570/570/570
f 564/564/564 571/571/571 565/565/565
f 570/570/570 569/569/569 571/571/571
f 570/570/570 571/571/571 564/564/564
f 564/564/564 572/572/572 570/570/570
f 564/564/564 573/573/573 572/572/572
f 570/570/570 572/572/572 574/574/574
f 575/575/575 573/573/573 564/564/564
f 570/570/570 574/574/574 576/576/576
f 575/575/575 577/577/577 573/573/573
f 576/576/576 574/574/574 577/577/577
f 576/576/576 577/577/577 575/575/575
f 575/575/575 578/578/578 576/576/576
f 575/575/575 579/579/579 578/578/578
f 576/576/576 578/578/578 580/580/580
f 581/581/581 579/579/579 575/575/575
f 576/576/576 580/580/580 582/582/582
f 581/581/581 583/583/583 579/579/579
f 582/582/582 580/580/580 583/583/583
f 582/582/582 583/583/583 581/581/581
f 581/581/581 584/584/584 582/582/582
f 581/581/581 585/585/585 584/584/584
f 582/582/582 584/584/584 586/586/586
f 587/587/587 585/585/585 581/581/581
f 582/582/582 586/586/586 588/588/588
f 587/587/587 589/589/589 585/585/585
f 588/588/588 586/586/586 589/589/589
f 588/588/588 589/589/589 587/587/587
